skill,from_level,to_level,note,option_rank,recipe_key,recipe_name,crafter,crafts,xp_per_craft,total_xp,material_burden,materials,materials_tree
skill_armor_smithing,9,10,,1,recipe_wearable_metal_hands_pilgrim_0_t1_common,Pilgrim's Gauntlets,,50,153.4,7671.4,103.33,Copper Ore-500; Tin Ore-500; Sapwood-2500,"Pilgrim's Gauntlets x50 (final)
    - Gather Tin Ore x500
    - Gather Copper Ore x500
    - Gather Sapwood x2500
  - External craft (skill_blacksmithing) via Basic Furnace Bronze Ingot x25 -> Bronze Ingot x500 (500 req/0 extra)
- Craft Pilgrim's Gauntlets x50 (final)"
skill_armor_smithing,9,10,,2,recipe_wearable_metal_head_ironside_f_t2_rare,Ironside's Helm of Warcry II,,23,333.6,7673.9,327.76,Rough Animal Hide-10; Copper Ore-20; Impure Iron Ore-960; Tin Ore-20; Sapwood-3950; Worn Out Locket-276; Charm of the Earthcall-23,"Ironside's Helm of Warcry II x23 (final)
  - Gather Worn Out Locket x276
  - Gather Charm of the Earthcall x23
      - Gather Impure Iron Ore x920
        - Gather Sapwood x3700
      - External craft (skill_building) via Basic Charcoal Kiln Charcoal x74 -> Charcoal x1850 (1840 req/10 extra)
    - External craft (skill_blacksmithing) via Basic Furnace Iron Ingot x23 -> Iron Ingot x460 (460 req/0 extra)
  - External craft (skill_blacksmithing) via Basic Forge Iron Sheet x230 -> Iron Sheet x230 (230 req/0 extra)
        - Gather Rough Animal Hide x10
      - External craft (skill_leatherworking) via Simple Tanning Rack Rawhide x1 -> Rawhide x10 (5 req/5 extra)
    - External craft (skill_leatherworking) via Simple Leatherworking Table Nubuck Leather x5 -> Nubuck Leather x5 (5 req/0 extra)
  - External craft (skill_leatherworking) via Simple Leatherworking Table Coarse Leather Band x5 -> Coarse Leather Band x100 (92 req/8 extra)
        - Gather Tin Ore x20
        - Gather Copper Ore x20
        - Gather Sapwood x100
      - External craft (skill_blacksmithing) via Basic Furnace Bronze Ingot x1 -> Bronze Ingot x20 (20 req/0 extra)
    - External craft (skill_blacksmithing) via Basic Forge Bronze Sheet x10 -> Bronze Sheet x10 (10 req/0 extra)
  - External craft (skill_blacksmithing) via Basic Forge Bronze Buckle x2 -> Bronze Buckle x50 (46 req/4 extra)
        - Gather Impure Iron Ore x40
          - Gather Sapwood x150
        - External craft (skill_building) via Basic Charcoal Kiln Charcoal x3 -> Charcoal x75 (70 req/5 extra)
      - External craft (skill_blacksmithing) via Basic Furnace Iron Ingot x1 -> Iron Ingot x20 (10 req/10 extra)
    - External craft (skill_blacksmithing) via Basic Forge Iron Bar x2 -> Iron Bar x4 (3 req/1 extra)
  - External craft (skill_blacksmithing) via Basic Forge Iron Studs x3 -> Iron Studs x600 (460 req/140 extra)
- Craft Ironside's Helm of Warcry II x23 (final)"
skill_armor_smithing,9,10,,3,recipe_wearable_metal_feet_warrior_ss_t2_rare,Warrior's Sabatons of Swift March II,,24,330.6,7935.0,352.77,Rough Animal Hide-10; Copper Ore-20; Impure Iron Ore-1000; Tin Ore-20; Cobra Lily-240; Sapwood-4100; Furry Collarstone-288; Icon of the Choir-24,"Warrior's Sabatons of Swift March II x24 (final)
  - Gather Furry Collarstone x288
  - Gather Icon of the Choir x24
  - Gather Cobra Lily x240
      - Gather Impure Iron Ore x960
        - Gather Sapwood x3850
      - External craft (skill_building) via Basic Charcoal Kiln Charcoal x77 -> Charcoal x1925 (1920 req/5 extra)
    - External craft (skill_blacksmithing) via Basic Furnace Iron Ingot x24 -> Iron Ingot x480 (480 req/0 extra)
  - External craft (skill_blacksmithing) via Basic Forge Iron Sheet x240 -> Iron Sheet x240 (240 req/0 extra)
        - Gather Rough Animal Hide x10
      - External craft (skill_leatherworking) via Simple Tanning Rack Rawhide x1 -> Rawhide x10 (3 req/7 extra)
    - External craft (skill_leatherworking) via Simple Leatherworking Table Nubuck Leather x3 -> Nubuck Leather x3 (3 req/0 extra)
  - External craft (skill_leatherworking) via Simple Leatherworking Table Coarse Leather Band x3 -> Coarse Leather Band x60 (48 req/12 extra)
        - Gather Tin Ore x20
        - Gather Copper Ore x20
        - Gather Sapwood x100
      - External craft (skill_blacksmithing) via Basic Furnace Bronze Ingot x1 -> Bronze Ingot x20 (20 req/0 extra)
    - External craft (skill_blacksmithing) via Basic Forge Bronze Sheet x10 -> Bronze Sheet x10 (10 req/0 extra)
  - External craft (skill_blacksmithing) via Basic Forge Bronze Buckle x2 -> Bronze Buckle x50 (48 req/2 extra)
        - Gather Impure Iron Ore x40
          - Gather Sapwood x150
        - External craft (skill_building) via Basic Charcoal Kiln Charcoal x3 -> Charcoal x75 (75 req/0 extra)
      - External craft (skill_blacksmithing) via Basic Furnace Iron Ingot x1 -> Iron Ingot x20 (10 req/10 extra)
    - External craft (skill_blacksmithing) via Basic Forge Iron Bar x2 -> Iron Bar x4 (3 req/1 extra)
  - External craft (skill_blacksmithing) via Basic Forge Iron Studs x3 -> Iron Studs x600 (480 req/120 extra)
- Craft Warrior's Sabatons of Swift March II x24 (final)"
skill_cooking,9,10,,1,recipe_activatable_foodcooked_vegetable_stew_maxstamina_2,Bleak Boiled Veggies,,6,201.1,1206.8,7.58,Divine Mushroom-30; Garlic-6; Mustard-6; Yellow Onion-12,"Bleak Boiled Veggies x6 (final)
  - Gather Yellow Onion x12
  - Gather Mustard x6
  - Gather Garlic x6
  - Gather Divine Mushroom x30
- Craft Bleak Boiled Veggies x6 (final)"
skill_cooking,9,10,,2,recipe_activatable_drink_sirup_hpregen_6,Blueberry Syrup,,6,176.4,1058.6,8.02,Blueberry-30,"Blueberry Syrup x6 (final)
  - External craft (skill_building) via Water Well Water x2 -> Water x40 (30 req/10 extra)
  - Gather Blueberry x30
- Craft Blueberry Syrup x6 (final)"
skill_cooking,9,10,,3,recipe_activatable_foodcooked_vegetable_stew_maxstamina_8,Springtime Stew,,6,187.2,1090.9,8.99,Penny Bun-30; Animal Fat-4; Garlic-6; Mustard-6; Red Onion-12,"Springtime Stew x6 (final)
  - Gather Red Onion x12
  - Gather Mustard x6
  - Gather Garlic x6
  - Gather Penny Bun x30
    - Gather Animal Fat x4
  - Craft via Basic Cooking Hearth Lard x2 -> Lard x10 (6 req/4 extra)
- Craft Springtime Stew x6 (final)"
skill_blacksmithing,17,18,Prerequisite: advance skill_blacksmithing for crafting Wrought Iron Ingot used in skill_jewelerycrafting,1,recipe_item_material_wrought_iron_sword_blade,Wrought Iron Sword Blade,,3,895.6,2450.4,6.00,Impure Iron Ore-120; Sapwood-650,"Wrought Iron Sword Blade x3 (final)
        - Gather Impure Iron Ore x120
          - Gather Sapwood x500
        - External craft (skill_building) via Basic Charcoal Kiln Charcoal x10 -> Charcoal x250 (240 req/10 extra)
      - Craft via Basic Furnace Iron Ingot x3 -> Iron Ingot x60 (60 req/0 extra)
        - Gather Sapwood x150
      - External craft (skill_building) via Basic Charcoal Kiln Charcoal x3 -> Charcoal x75 (70 req/5 extra)
    - Craft via Basic Furnace Wrought Iron Ingot x2 -> Wrought Iron Ingot x40 (40 req/0 extra)
  - Craft via Basic Forge Wrought Iron Bar x8 -> Wrought Iron Bar x16 (15 req/1 extra)
- Craft Wrought Iron Sword Blade x3 (final)"
skill_blacksmithing,17,18,Prerequisite: advance skill_blacksmithing for crafting Wrought Iron Ingot used in skill_jewelerycrafting,2,recipe_item_material_wrought_iron_nails,Wrought Iron Nails,,5,402.1,1537.6,2.00,Impure Iron Ore-80; Sapwood-400,"Wrought Iron Nails x5 (final)
        - Gather Impure Iron Ore x80
          - Gather Sapwood x350
        - External craft (skill_building) via Basic Charcoal Kiln Charcoal x7 -> Charcoal x175 (160 req/15 extra)
      - Craft via Basic Furnace Iron Ingot x2 -> Iron Ingot x40 (30 req/10 extra)
        - Gather Sapwood x50
      - External craft (skill_building) via Basic Charcoal Kiln Charcoal x1 -> Charcoal x25 (25 req/0 extra)
    - Craft via Basic Furnace Wrought Iron Ingot x1 -> Wrought Iron Ingot x20 (15 req/5 extra)
  - Craft via Basic Forge Wrought Iron Bar x3 -> Wrought Iron Bar x6 (5 req/1 extra)
- Craft Wrought Iron Nails x5 (final)"
skill_blacksmithing,17,18,Prerequisite: advance skill_blacksmithing for crafting Wrought Iron Ingot used in skill_jewelerycrafting,3,recipe_item_material_wrought_iron_spike,Wrought Iron Spike,,3,855.5,2330.2,6.00,Impure Iron Ore-120; Sapwood-650,"Wrought Iron Spike x3 (final)
        - Gather Impure Iron Ore x120
          - Gather Sapwood x500
        - External craft (skill_building) via Basic Charcoal Kiln Charcoal x10 -> Charcoal x250 (240 req/10 extra)
      - Craft via Basic Furnace Iron Ingot x3 -> Iron Ingot x60 (60 req/0 extra)
        - Gather Sapwood x150
      - External craft (skill_building) via Basic Charcoal Kiln Charcoal x3 -> Charcoal x75 (70 req/5 extra)
    - Craft via Basic Furnace Wrought Iron Ingot x2 -> Wrought Iron Ingot x40 (40 req/0 extra)
  - Craft via Basic Forge Wrought Iron Bar x8 -> Wrought Iron Bar x16 (15 req/1 extra)
- Craft Wrought Iron Spike x3 (final)"
skill_blacksmithing,18,19,Prerequisite: advance skill_blacksmithing for crafting Vial used in skill_winery_and_brewing,1,recipe_item_material_wrought_iron_sword_blade,Wrought Iron Sword Blade,,48,999.6,41774.5,96.00,Impure Iron Ore-1800; Sapwood-9600,"Wrought Iron Sword Blade x48 (final)
        - Gather Impure Iron Ore x1800
          - Gather Sapwood x7200
        - External craft (skill_building) via Basic Charcoal Kiln Charcoal x144 -> Charcoal x3600 (3600 req/0 extra)
      - Craft via Basic Furnace Iron Ingot x45 -> Iron Ingot x900 (900 req/0 extra)
        - Gather Sapwood x2400
      - External craft (skill_building) via Basic Charcoal Kiln Charcoal x48 -> Charcoal x1200 (1200 req/0 extra)
    - Craft via Basic Furnace Wrought Iron Ingot x30 -> Wrought Iron Ingot x600 (600 req/0 extra)
  - Craft via Basic Forge Wrought Iron Bar x120 -> Wrought Iron Bar x240 (240 req/0 extra)
- Craft Wrought Iron Sword Blade x48 (final)"
skill_blacksmithing,18,19,Prerequisite: advance skill_blacksmithing for crafting Vial used in skill_winery_and_brewing,2,recipe_item_material_wrought_iron_nails,Wrought Iron Nails,,104,457.2,34101.3,41.60,Impure Iron Ore-800; Sapwood-4250,"Wrought Iron Nails x104 (final)
        - Gather Impure Iron Ore x800
          - Gather Sapwood x3200
        - External craft (skill_building) via Basic Charcoal Kiln Charcoal x64 -> Charcoal x1600 (1600 req/0 extra)
      - Craft via Basic Furnace Iron Ingot x20 -> Iron Ingot x400 (390 req/10 extra)
        - Gather Sapwood x1050
      - External craft (skill_building) via Basic Charcoal Kiln Charcoal x21 -> Charcoal x525 (520 req/5 extra)
    - Craft via Basic Furnace Wrought Iron Ingot x13 -> Wrought Iron Ingot x260 (260 req/0 extra)
  - Craft via Basic Forge Wrought Iron Bar x52 -> Wrought Iron Bar x104 (104 req/0 extra)
- Craft Wrought Iron Nails x104 (final)"
skill_blacksmithing,18,19,Prerequisite: advance skill_blacksmithing for crafting Vial used in skill_winery_and_brewing,3,recipe_item_material_wrought_iron_spike,Wrought Iron Spike,,50,948.3,40949.7,100.00,Impure Iron Ore-1920; Sapwood-10250,"Wrought Iron Spike x50 (final)
        - Gather Impure Iron Ore x1920
          - Gather Sapwood x7700
        - External craft (skill_building) via Basic Charcoal Kiln Charcoal x154 -> Charcoal x3850 (3840 req/10 extra)
      - Craft via Basic Furnace Iron Ingot x48 -> Iron Ingot x960 (960 req/0 extra)
        - Gather Sapwood x2550
      - External craft (skill_building) via Basic Charcoal Kiln Charcoal x51 -> Charcoal x1275 (1270 req/5 extra)
    - Craft via Basic Furnace Wrought Iron Ingot x32 -> Wrought Iron Ingot x640 (625 req/15 extra)
  - Craft via Basic Forge Wrought Iron Bar x125 -> Wrought Iron Bar x250 (250 req/0 extra)
- Craft Wrought Iron Spike x50 (final)"
skill_alchemy,10,11,,1,recipe_activatable_potion_potion_of_vitality_very_small_14,Weak Tonic of Vitality II,,46,199.9,9193.9,154.37,Fly Agaric-50; Sand-2760; Sapwood-2800,"Weak Tonic of Vitality II x46 (final)
    - Gather Fly Agaric x50
      - Gather Sapwood x50
    - External craft (skill_building) via Basic Charcoal Kiln Charcoal x1 -> Charcoal x25 (20 req/5 extra)
    - External craft (skill_building) via Water Well Water x3 -> Water x60 (50 req/10 extra)
  - Craft via Basic Reagent Distiller Fly Agaric Extract x10 -> Fly Agaric Extract x100 (92 req/8 extra)
  - External craft (skill_building) via Water Well Water x16 -> Water x320 (312 req/8 extra)
      - Gather Sand x2760
        - Gather Sapwood x2750
      - External craft (skill_building) via Basic Charcoal Kiln Charcoal x55 -> Charcoal x1375 (1375 req/0 extra)
    - External craft (skill_building) via Basic Furnace Rough Glass x69 -> Rough Glass x690 (690 req/0 extra)
  - External craft (skill_blacksmithing) via Basic Forge Small Vial x46 -> Small Vial x230 (230 req/0 extra)
- Craft Weak Tonic of Vitality II x46 (final)"
skill_alchemy,10,11,,2,recipe_activatable_potion_hp_regeneration_very_small_21,Weak Healing Potion III,,45,204.3,9192.9,157.99,Tansy-45; Sand-2720; Sapwood-2800,"Weak Healing Potion III x45 (final)
    - Gather Tansy x45
      - Gather Sapwood x50
    - External craft (skill_building) via Basic Charcoal Kiln Charcoal x1 -> Charcoal x25 (18 req/7 extra)
    - External craft (skill_building) via Water Well Water x3 -> Water x60 (45 req/15 extra)
  - Craft via Basic Reagent Distiller Tansy Extract x9 -> Tansy Extract x90 (90 req/0 extra)
  - External craft (skill_building) via Water Well Water x15 -> Water x300 (300 req/0 extra)
      - Gather Sand x2720
        - Gather Sapwood x2750
      - External craft (skill_building) via Basic Charcoal Kiln Charcoal x55 -> Charcoal x1375 (1353 req/22 extra)
    - External craft (skill_building) via Basic Furnace Rough Glass x68 -> Rough Glass x680 (675 req/5 extra)
  - External craft (skill_blacksmithing) via Basic Forge Small Vial x45 -> Small Vial x225 (225 req/0 extra)
- Craft Weak Healing Potion III x45 (final)"
skill_alchemy,10,11,,3,recipe_activatable_potion_potion_of_protection_very_small_18,Aegis Potion III,,45,203.4,9152.8,157.24,Alfalfa-45; Sand-2720; Sapwood-2800,"Aegis Potion III x45 (final)
    - Gather Alfalfa x45
      - Gather Sapwood x50
    - External craft (skill_building) via Basic Charcoal Kiln Charcoal x1 -> Charcoal x25 (18 req/7 extra)
    - External craft (skill_building) via Water Well Water x3 -> Water x60 (45 req/15 extra)
  - Craft via Basic Reagent Distiller Alfalfa Extract x9 -> Alfalfa Extract x90 (90 req/0 extra)
  - External craft (skill_building) via Water Well Water x15 -> Water x300 (300 req/0 extra)
      - Gather Sand x2720
        - Gather Sapwood x2750
      - External craft (skill_building) via Basic Charcoal Kiln Charcoal x55 -> Charcoal x1375 (1353 req/22 extra)
    - External craft (skill_building) via Basic Furnace Rough Glass x68 -> Rough Glass x680 (675 req/5 extra)
  - External craft (skill_blacksmithing) via Basic Forge Small Vial x45 -> Small Vial x225 (225 req/0 extra)
- Craft Aegis Potion III x45 (final)"
skill_baking,11,12,,1,recipe_activatable_foodcooked_bread_hpregen_20,Barley and Rye Bread,,60,187.5,10960.3,60.35,Suet-48; Barley Grain-40; Rye Grain-140,"Barley and Rye Bread x60 (final)
      - Gather Barley Grain x40
    - Craft via Millstone Barley Flour x2 -> Barley Flour x40 (24 req/16 extra)
      - External craft (skill_building) via Water Well Water x1 -> Water x20 (20 req/0 extra)
        - Gather Rye Grain x20
      - Craft via Millstone Rye Flour x1 -> Rye Flour x20 (20 req/0 extra)
    - Craft via Basic Fermenter Yeast x1 -> Yeast x20 (12 req/8 extra)
    - External craft (skill_building) via Water Well Water x3 -> Water x60 (60 req/0 extra)
  - Craft via Basic Cooking Workbench Barley Dough x12 -> Barley Dough x60 (60 req/0 extra)
  - Gather Rye Grain x120
    - Gather Suet x48
  - External craft (skill_cooking) via Basic Cooking Hearth Tallow x24 -> Tallow x120 (120 req/0 extra)
- Craft Barley and Rye Bread x60 (final)"
skill_baking,11,12,,2,recipe_activatable_foodcooked_pastry_staminaregen_22,Trail Pie,,70,161.8,11323.5,344.17,Animal Fat-280; Barley Grain-280; Rye Grain-140,"Trail Pie x70 (final)
      - Gather Barley Grain x280
    - Craft via Millstone Barley Flour x14 -> Barley Flour x280 (280 req/0 extra)
      - External craft (skill_building) via Water Well Water x7 -> Water x140 (140 req/0 extra)
        - Gather Rye Grain x140
      - Craft via Millstone Rye Flour x7 -> Rye Flour x140 (140 req/0 extra)
    - Craft via Basic Fermenter Yeast x7 -> Yeast x140 (140 req/0 extra)
    - External craft (skill_building) via Water Well Water x35 -> Water x700 (700 req/0 extra)
  - Craft via Basic Cooking Workbench Barley Dough x140 -> Barley Dough x700 (700 req/0 extra)
    - Gather Animal Fat x280
  - External craft (skill_cooking) via Basic Cooking Hearth Lard x140 -> Lard x700 (700 req/0 extra)
- Craft Trail Pie x70 (final)"
skill_baking,11,12,,3,recipe_activatable_foodcooked_bread_maxhp_7,Barley Bread,,561,20.0,8532.0,275.82,Animal Fat-226; Barley Grain-240; Rye Grain-120,"Barley Bread x561 (final)
      - Gather Barley Grain x240
    - Craft via Millstone Barley Flour x12 -> Barley Flour x240 (226 req/14 extra)
      - External craft (skill_building) via Water Well Water x6 -> Water x120 (120 req/0 extra)
        - Gather Rye Grain x120
      - Craft via Millstone Rye Flour x6 -> Rye Flour x120 (120 req/0 extra)
    - Craft via Basic Fermenter Yeast x6 -> Yeast x120 (113 req/7 extra)
    - External craft (skill_building) via Water Well Water x29 -> Water x580 (565 req/15 extra)
  - Craft via Basic Cooking Workbench Barley Dough x113 -> Barley Dough x565 (561 req/4 extra)
    - Gather Animal Fat x226
  - External craft (skill_cooking) via Basic Cooking Hearth Lard x113 -> Lard x565 (561 req/4 extra)
- Craft Barley Bread x561 (final)"
skill_weapon_smithing,11,12,,1,recipe_wieldable_tool_skinning_knife_t1_rare,Honed Bronze Skinning Knife,,33,367.4,12124.0,32.09,Copper Ore-180; Tin Ore-180; Sapwood-1065; Rough Whisper of the Star-33,"Honed Bronze Skinning Knife x33 (final)
  - Gather Rough Whisper of the Star x33
      - Gather Tin Ore x180
      - Gather Copper Ore x180
      - Gather Sapwood x900
    - External craft (skill_blacksmithing) via Basic Furnace Bronze Ingot x9 -> Bronze Ingot x180 (165 req/15 extra)
  - External craft (skill_blacksmithing) via Basic Forge Bronze Bar x33 -> Bronze Bar x33 (33 req/0 extra)
  - Gather Sapwood x165
- Craft Honed Bronze Skinning Knife x33 (final)"
skill_weapon_smithing,11,12,,2,recipe_wieldable_axe_2h_0_t1_uncommon,Attuned Bronze Battleaxe,,60,198.9,11933.6,38.45,Copper Ore-720; Tin Ore-720; Angelica-120; Sapwood-3660,"Attuned Bronze Battleaxe x60 (final)
  - Gather Angelica x120
    - Gather Sapwood x60
  - External craft (skill_building) via Wood Chopping Block Long Wood Stock x12 -> Long Wood Stock x60 (60 req/0 extra)
        - Gather Tin Ore x600
        - Gather Copper Ore x600
        - Gather Sapwood x3000
      - External craft (skill_blacksmithing) via Basic Furnace Bronze Ingot x30 -> Bronze Ingot x600 (600 req/0 extra)
    - External craft (skill_blacksmithing) via Basic Forge Bronze Sheet x300 -> Bronze Sheet x300 (300 req/0 extra)
      - Gather Tin Ore x120
      - Gather Copper Ore x120
      - Gather Sapwood x600
    - External craft (skill_blacksmithing) via Basic Furnace Bronze Ingot x6 -> Bronze Ingot x120 (120 req/0 extra)
  - External craft (skill_blacksmithing) via Basic Forge Bronze Axe Head x60 -> Bronze Axe Head x60 (60 req/0 extra)
- Craft Attuned Bronze Battleaxe x60 (final)"
skill_weapon_smithing,11,12,,3,recipe_wieldable_tool_woodcutting_axe_t2_common,Iron Chopping Axe,,55,218.8,12032.2,52.66,Rough Animal Hide-10; Impure Iron Ore-1320; Sapwood-5410,"Iron Chopping Axe x55 (final)
    - Gather Sapwood x110
  - External craft (skill_building) via Wood Chopping Block Long Wood Stock x22 -> Long Wood Stock x110 (110 req/0 extra)
        - Gather Impure Iron Ore x1120
          - Gather Sapwood x4500
        - External craft (skill_building) via Basic Charcoal Kiln Charcoal x90 -> Charcoal x2250 (2240 req/10 extra)
      - External craft (skill_blacksmithing) via Basic Furnace Iron Ingot x28 -> Iron Ingot x560 (550 req/10 extra)
    - External craft (skill_blacksmithing) via Basic Forge Iron Sheet x275 -> Iron Sheet x275 (275 req/0 extra)
      - Gather Impure Iron Ore x200
        - Gather Sapwood x800
      - External craft (skill_building) via Basic Charcoal Kiln Charcoal x16 -> Charcoal x400 (390 req/10 extra)
    - External craft (skill_blacksmithing) via Basic Furnace Iron Ingot x5 -> Iron Ingot x100 (100 req/0 extra)
  - External craft (skill_blacksmithing) via Basic Forge Iron Axe Head x55 -> Iron Axe Head x55 (55 req/0 extra)
        - Gather Rough Animal Hide x10
      - External craft (skill_leatherworking) via Simple Tanning Rack Rawhide x1 -> Rawhide x10 (3 req/7 extra)
    - External craft (skill_leatherworking) via Simple Leatherworking Table Nubuck Leather x3 -> Nubuck Leather x3 (3 req/0 extra)
  - External craft (skill_leatherworking) via Simple Leatherworking Table Coarse Leather Band x3 -> Coarse Leather Band x60 (55 req/5 extra)
- Craft Iron Chopping Axe x55 (final)"
skill_fletching,12,13,,1,recipe_wieldable_bow_2h_0_t2_rare,Warded Longbow,,31,488.7,15149.3,207.38,Boar Sinew-155; Rough Animal Hide-20; Sapwood-95; Resin-217; Token of the Whisper-31; Furry Collarstone-372,"Warded Longbow x31 (final)
  - Gather Furry Collarstone x372
  - Gather Token of the Whisper x31
      - Gather Sapwood x95
    - External craft (skill_building) via Wood Chopping Block Long Wood Stock x19 -> Long Wood Stock x95 (93 req/2 extra)
    - Gather Resin x217
    - External craft (skill_cooking) via Basic Beehive Beeswax x62 -> Beeswax x310 (310 req/0 extra)
  - Craft via Basic Fletching Table Rough Bow Stave x31 -> Rough Bow Stave x31 (31 req/0 extra)
  - Gather Boar Sinew x155
        - Gather Rough Animal Hide x20
      - External craft (skill_leatherworking) via Simple Tanning Rack Rawhide x2 -> Rawhide x20 (16 req/4 extra)
    - External craft (skill_leatherworking) via Simple Leatherworking Table Nubuck Leather x16 -> Nubuck Leather x16 (16 req/0 extra)
  - External craft (skill_leatherworking) via Simple Leatherworking Table Coarse Leather Band x16 -> Coarse Leather Band x320 (310 req/10 extra)
- Craft Warded Longbow x31 (final)"
skill_fletching,12,13,,2,recipe_wieldable_bow_2h_0_t2_common,Longbow,,68,216.1,14692.0,192.37,Boar Sinew-340; Rough Animal Hide-40; Sapwood-205; Resin-476,"Longbow x68 (final)
      - Gather Sapwood x205
    - External craft (skill_building) via Wood Chopping Block Long Wood Stock x41 -> Long Wood Stock x205 (204 req/1 extra)
    - Gather Resin x476
    - External craft (skill_cooking) via Basic Beehive Beeswax x136 -> Beeswax x680 (680 req/0 extra)
  - Craft via Basic Fletching Table Rough Bow Stave x68 -> Rough Bow Stave x68 (68 req/0 extra)
  - Gather Boar Sinew x340
        - Gather Rough Animal Hide x40
      - External craft (skill_leatherworking) via Simple Tanning Rack Rawhide x4 -> Rawhide x40 (34 req/6 extra)
    - External craft (skill_leatherworking) via Simple Leatherworking Table Nubuck Leather x34 -> Nubuck Leather x34 (34 req/0 extra)
  - External craft (skill_leatherworking) via Simple Leatherworking Table Coarse Leather Band x34 -> Coarse Leather Band x680 (680 req/0 extra)
- Craft Longbow x68 (final)"
skill_fletching,12,13,,3,recipe_crafter_fletching_workbench_2,Fletching Table,,56,265.9,14889.1,280.70,Suet-1120; Heartwood-790; Rough Animal Hide-120; Impure Iron Ore-640; Flax Seeds-2800; Limestone-30; Sapwood-2630,"Fletching Table x56 (final)
        - Gather Rough Animal Hide x120
          - Gather Limestone x30
          - Gather Sapwood x30
        - External craft (skill_blacksmithing) via Basic Charcoal Kiln Lime x6 -> Lime x60 (60 req/0 extra)
        - External craft (skill_building) via Water Well Water x3 -> Water x60 (60 req/0 extra)
      - External craft (skill_leatherworking) via Simple Tanning Rack Inferior Leather x12 -> Inferior Leather x120 (112 req/8 extra)
    - External craft (skill_leatherworking) via Leatherworking Table Heavy Top Grain Leather x112 -> Heavy Top Grain Leather x112 (112 req/0 extra)
          - Gather Impure Iron Ore x560
            - Gather Sapwood x2250
          - External craft (skill_building) via Basic Charcoal Kiln Charcoal x45 -> Charcoal x1125 (1120 req/5 extra)
        - External craft (skill_blacksmithing) via Basic Furnace Iron Ingot x14 -> Iron Ingot x280 (280 req/0 extra)
      - External craft (skill_blacksmithing) via Basic Forge Iron Bar x56 -> Iron Bar x112 (112 req/0 extra)
    - External craft (skill_blacksmithing) via Basic Forge Iron Knife Blade x56 -> Iron Knife Blade x56 (56 req/0 extra)
          - Gather Impure Iron Ore x80
            - Gather Sapwood x350
          - External craft (skill_building) via Basic Charcoal Kiln Charcoal x7 -> Charcoal x175 (155 req/20 extra)
        - External craft (skill_blacksmithing) via Basic Furnace Iron Ingot x2 -> Iron Ingot x40 (30 req/10 extra)
      - External craft (skill_blacksmithing) via Basic Forge Iron Bar x6 -> Iron Bar x12 (12 req/0 extra)
    - External craft (skill_blacksmithing) via Basic Forge Iron Nails x12 -> Iron Nails x600 (560 req/40 extra)
      - Gather Flax Seeds x2800
        - Gather Suet x1120
      - External craft (skill_cooking) via Basic Cooking Hearth Tallow x560 -> Tallow x2800 (2800 req/0 extra)
    - External craft (skill_leatherworking) via Leatherworking Table Linseed Oil x280 -> Linseed Oil x280 (280 req/0 extra)
  - Craft via Basic Fletching Table Fletching Tools x56 -> Fletching Tools x56 (56 req/0 extra)
    - Gather Heartwood x450
  - External craft (skill_building) via Wood Chopping Block Fine Wood Beam x45 -> Fine Wood Beam x225 (224 req/1 extra)
    - Gather Heartwood x340
  - External craft (skill_building) via Wood Chopping Block Fine Wooden Plank x34 -> Fine Wooden Plank x340 (336 req/4 extra)
- Craft Fletching Table x56 (final)"
skill_charcuterie,13,14,,1,recipe_basic_butchered_wolf,Parted Chamois,,13,200.1,2601.8,1.58,Chamois Carcass-13,"Parted Chamois x13 (final)
  - Gather Chamois Carcass x13
- Craft Parted Chamois x13 (final)"
skill_charcuterie,13,14,,2,recipe_basic_butchered_boar,Parted Boar,,15,177.3,2660.2,0.95,Boar Carcass-15,"Parted Boar x15 (final)
  - Gather Boar Carcass x15
- Craft Parted Boar x15 (final)"
skill_charcuterie,13,14,,3,recipe_rough-cut_wolf,Poorly Parted Chamois,,17,151.2,2569.9,2.07,Chamois Carcass-17,"Poorly Parted Chamois x17 (final)
  - Gather Chamois Carcass x17
- Craft Poorly Parted Chamois x17 (final)"
skill_tailoring,14,15,,1,recipe_item_material_horn_pins_and_needles,Horn Needles,,55,211.7,11645.6,3.35,Antler-55,"Horn Needles x55 (final)
  - Gather Antler x55
- Craft Horn Needles x55 (final)"
skill_tailoring,14,15,,2,recipe_wearable_cloth_legs_magus_m_t3_common,Magus' Trousers of Entrancement III,,11,1079.8,10137.8,69.37,Antler-22; Rough Animal Hide-10; Copper Ore-20; Tin Ore-20; Cotton Fiber-920; Sapwood-100,"Magus' Trousers of Entrancement III x11 (final)
    - Gather Antler x22
  - Craft via Tailoring Table Horn Needles x22 -> Horn Needles x110 (110 req/0 extra)
      - Gather Cotton Fiber x920
    - Craft via Spinning Wheel Cotton Cord x23 -> Cotton Cord x230 (225 req/5 extra)
  - Craft via Simple Loom Coarse Cotton Cloth x9 -> Coarse Cotton Cloth x45 (44 req/1 extra)
          - Gather Rough Animal Hide x10
        - External craft (skill_leatherworking) via Simple Tanning Rack Rawhide x1 -> Rawhide x10 (3 req/7 extra)
      - External craft (skill_leatherworking) via Simple Leatherworking Table Nubuck Leather x3 -> Nubuck Leather x3 (3 req/0 extra)
    - External craft (skill_leatherworking) via Simple Leatherworking Table Coarse Leather Band x3 -> Coarse Leather Band x60 (44 req/16 extra)
          - Gather Tin Ore x20
          - Gather Copper Ore x20
          - Gather Sapwood x100
        - External craft (skill_blacksmithing) via Basic Furnace Bronze Ingot x1 -> Bronze Ingot x20 (10 req/10 extra)
      - External craft (skill_blacksmithing) via Basic Forge Bronze Sheet x5 -> Bronze Sheet x5 (5 req/0 extra)
    - External craft (skill_blacksmithing) via Basic Forge Bronze Buckle x1 -> Bronze Buckle x25 (22 req/3 extra)
  - External craft (skill_leatherworking) via Simple Leatherworking Table Rough Leather Straps x22 -> Rough Leather Straps x22 (22 req/0 extra)
- Craft Magus' Trousers of Entrancement III x11 (final)"
skill_tailoring,14,15,,3,recipe_wearable_cloth_head_magus_cr_t3_common,Magus' Hat of Fractured Time III,,10,1290.4,9772.5,81.32,Antler-30; Rough Animal Hide-10; Cotton Fiber-480,"Magus' Hat of Fractured Time III x10 (final)
    - Gather Antler x30
  - Craft via Tailoring Table Horn Needles x30 -> Horn Needles x150 (150 req/0 extra)
      - Gather Cotton Fiber x400
    - Craft via Spinning Wheel Cotton Cord x10 -> Cotton Cord x100 (100 req/0 extra)
  - Craft via Simple Loom Coarse Cotton Cloth x4 -> Coarse Cotton Cloth x20 (20 req/0 extra)
    - Gather Cotton Fiber x80
  - Craft via Spinning Wheel Cotton Cord x2 -> Cotton Cord x20 (20 req/0 extra)
        - Gather Rough Animal Hide x10
      - External craft (skill_leatherworking) via Simple Tanning Rack Rawhide x1 -> Rawhide x10 (1 req/9 extra)
    - External craft (skill_leatherworking) via Simple Leatherworking Table Nubuck Leather x1 -> Nubuck Leather x1 (1 req/0 extra)
  - External craft (skill_leatherworking) via Simple Leatherworking Table Coarse Leather Band x1 -> Coarse Leather Band x20 (20 req/0 extra)
- Craft Magus' Hat of Fractured Time III x10 (final)"
skill_blacksmithing,19,20,,1,recipe_item_material_wrought_iron_nails,Wrought Iron Nails,,113,503.1,41900.9,45.20,Impure Iron Ore-920; Sapwood-4900,"Wrought Iron Nails x113 (final)
        - Gather Impure Iron Ore x920
          - Gather Sapwood x3700
        - External craft (skill_building) via Basic Charcoal Kiln Charcoal x74 -> Charcoal x1850 (1840 req/10 extra)
      - Craft via Basic Furnace Iron Ingot x23 -> Iron Ingot x460 (450 req/10 extra)
        - Gather Sapwood x1200
      - External craft (skill_building) via Basic Charcoal Kiln Charcoal x24 -> Charcoal x600 (590 req/10 extra)
    - Craft via Basic Furnace Wrought Iron Ingot x15 -> Wrought Iron Ingot x300 (285 req/15 extra)
  - Craft via Basic Forge Wrought Iron Bar x57 -> Wrought Iron Bar x114 (113 req/1 extra)
- Craft Wrought Iron Nails x113 (final)"
skill_blacksmithing,19,20,,2,recipe_item_material_wrought_iron_sword_blade,Wrought Iron Sword Blade,,54,1059.8,50020.6,108.00,Impure Iron Ore-2040; Sapwood-10900,"Wrought Iron Sword Blade x54 (final)
        - Gather Impure Iron Ore x2040
          - Gather Sapwood x8200
        - External craft (skill_building) via Basic Charcoal Kiln Charcoal x164 -> Charcoal x4100 (4080 req/20 extra)
      - Craft via Basic Furnace Iron Ingot x51 -> Iron Ingot x1020 (1020 req/0 extra)
        - Gather Sapwood x2700
      - External craft (skill_building) via Basic Charcoal Kiln Charcoal x54 -> Charcoal x1350 (1340 req/10 extra)
    - Craft via Basic Furnace Wrought Iron Ingot x34 -> Wrought Iron Ingot x680 (675 req/5 extra)
  - Craft via Basic Forge Wrought Iron Bar x135 -> Wrought Iron Bar x270 (270 req/0 extra)
- Craft Wrought Iron Sword Blade x54 (final)"
skill_blacksmithing,19,20,,3,recipe_item_material_wrought_iron_axe_blade,Wrought Iron Axe Head,,43,1347.1,57927.4,121.48,Impure Iron Ore-1560; Sapwood-8350,"Wrought Iron Axe Head x43 (final)
        - Gather Impure Iron Ore x1320
          - Gather Sapwood x5300
        - External craft (skill_building) via Basic Charcoal Kiln Charcoal x106 -> Charcoal x2650 (2640 req/10 extra)
      - Craft via Basic Furnace Iron Ingot x33 -> Iron Ingot x660 (660 req/0 extra)
        - Gather Sapwood x1750
      - External craft (skill_building) via Basic Charcoal Kiln Charcoal x35 -> Charcoal x875 (870 req/5 extra)
    - Craft via Basic Furnace Wrought Iron Ingot x22 -> Wrought Iron Ingot x440 (430 req/10 extra)
  - Craft via Forge Wrought Iron Sheet x215 -> Wrought Iron Sheet x215 (215 req/0 extra)
      - Gather Impure Iron Ore x240
        - Gather Sapwood x950
      - External craft (skill_building) via Basic Charcoal Kiln Charcoal x19 -> Charcoal x475 (475 req/0 extra)
    - Craft via Basic Furnace Iron Ingot x6 -> Iron Ingot x120 (120 req/0 extra)
      - Gather Sapwood x350
    - External craft (skill_building) via Basic Charcoal Kiln Charcoal x7 -> Charcoal x175 (160 req/15 extra)
  - Craft via Basic Furnace Wrought Iron Ingot x4 -> Wrought Iron Ingot x80 (76 req/4 extra)
- Craft Wrought Iron Axe Head x43 (final)"
skill_leatherworking,18,19,,1,recipe_wearable_leather_arms_pilgrim_0_t3_common,Pilgrim's Bracers III,,27,1644.0,37922.5,76.21,Animal Hoof-360; Suet-108; Bone Fragments-28; Rough Animal Hide-240; Copper Ore-40; Tin Ore-40; Flax Fiber-3060; Flax Seeds-270; Limestone-90; Sapwood-290,"Pilgrim's Bracers III x27 (final)
      - Gather Rough Animal Hide x170
        - Gather Limestone x45
        - Gather Sapwood x45
      - External craft (skill_blacksmithing) via Basic Charcoal Kiln Lime x9 -> Lime x90 (85 req/5 extra)
      - External craft (skill_building) via Water Well Water x5 -> Water x100 (85 req/15 extra)
    - Craft via Simple Tanning Rack Inferior Leather x17 -> Inferior Leather x170 (165 req/5 extra)
      - Gather Limestone x25
      - Gather Sapwood x25
    - External craft (skill_blacksmithing) via Basic Charcoal Kiln Lime x5 -> Lime x50 (50 req/0 extra)
    - External craft (skill_building) via Water Well Water x2 -> Water x40 (40 req/0 extra)
  - Craft via Tanning Rack Boiled Leather x11 -> Boiled Leather x55 (54 req/1 extra)
        - Gather Rough Animal Hide x50
          - Gather Limestone x15
          - Gather Sapwood x15
        - External craft (skill_blacksmithing) via Basic Charcoal Kiln Lime x3 -> Lime x30 (25 req/5 extra)
        - External craft (skill_building) via Water Well Water x2 -> Water x40 (25 req/15 extra)
      - Craft via Simple Tanning Rack Inferior Leather x5 -> Inferior Leather x50 (49 req/1 extra)
    - Craft via Leatherworking Table Heavy Top Grain Leather x54 -> Heavy Top Grain Leather x54 (54 req/0 extra)
          - Gather Tin Ore x40
          - Gather Copper Ore x40
          - Gather Sapwood x200
        - External craft (skill_blacksmithing) via Basic Furnace Bronze Ingot x2 -> Bronze Ingot x40 (30 req/10 extra)
      - External craft (skill_blacksmithing) via Basic Forge Bronze Sheet x15 -> Bronze Sheet x15 (15 req/0 extra)
    - External craft (skill_blacksmithing) via Basic Forge Bronze Buckle x3 -> Bronze Buckle x75 (54 req/21 extra)
      - Gather Animal Hoof x220
      - External craft (skill_building) via Water Well Water x2 -> Water x40 (29 req/11 extra)
    - Craft via Simple Leatherworking Table Glue x22 -> Glue x110 (108 req/2 extra)
  - Craft via Leatherworking Table Leather Straps x54 -> Leather Straps x54 (54 req/0 extra)
        - Gather Rough Animal Hide x20
          - Gather Limestone x5
          - Gather Sapwood x5
        - External craft (skill_blacksmithing) via Basic Charcoal Kiln Lime x1 -> Lime x10 (5 req/5 extra)
      - Craft via Simple Tanning Rack Inferior Leather x2 -> Inferior Leather x20 (13 req/7 extra)
    - Craft via Leatherworking Table Heavy Top Grain Leather x14 -> Heavy Top Grain Leather x14 (14 req/0 extra)
      - Gather Animal Hoof x140
      - External craft (skill_building) via Water Well Water x2 -> Water x40 (27 req/13 extra)
    - Craft via Simple Leatherworking Table Glue x14 -> Glue x70 (68 req/2 extra)
  - Craft via Leatherworking Table Leather Pads x14 -> Leather Pads x28 (27 req/1 extra)
        - Gather Flax Fiber x2640
      - External craft (skill_tailoring) via Spinning Wheel Linen String x88 -> Linen String x880 (880 req/0 extra)
    - External craft (skill_tailoring) via Simple Loom Linen Cloth x22 -> Linen Cloth x110 (108 req/2 extra)
      - Gather Flax Fiber x420
    - External craft (skill_tailoring) via Spinning Wheel Linen String x14 -> Linen String x140 (135 req/5 extra)
      - Gather Bone Fragments x28
    - External craft (skill_tailoring) via Simple Tailoring Table Sewing Needles x14 -> Sewing Needles x140 (135 req/5 extra)
  - External craft (skill_tailoring) via Simple Tailoring Table Stuffed Linen Padding x27 -> Stuffed Linen Padding x27 (27 req/0 extra)
    - Gather Flax Seeds x270
      - Gather Suet x108
    - External craft (skill_cooking) via Basic Cooking Hearth Tallow x54 -> Tallow x270 (270 req/0 extra)
  - Craft via Leatherworking Table Linseed Oil x27 -> Linseed Oil x27 (27 req/0 extra)
- Craft Pilgrim's Bracers III x27 (final)"
skill_leatherworking,18,19,,2,recipe_item_material_leather_weapons_belt_fine,Fine Weapons Belt,,62,703.0,43550.1,92.17,Animal Hoof-250; Rough Animal Hide-90; Copper Ore-40; Tin Ore-40; Limestone-20; Sapwood-220,"Fine Weapons Belt x62 (final)
        - Gather Rough Animal Hide x70
          - Gather Limestone x20
          - Gather Sapwood x20
        - External craft (skill_blacksmithing) via Basic Charcoal Kiln Lime x4 -> Lime x40 (35 req/5 extra)
        - External craft (skill_building) via Water Well Water x2 -> Water x40 (35 req/5 extra)
      - Craft via Simple Tanning Rack Inferior Leather x7 -> Inferior Leather x70 (62 req/8 extra)
    - Craft via Leatherworking Table Heavy Top Grain Leather x62 -> Heavy Top Grain Leather x62 (62 req/0 extra)
          - Gather Tin Ore x40
          - Gather Copper Ore x40
          - Gather Sapwood x200
        - External craft (skill_blacksmithing) via Basic Furnace Bronze Ingot x2 -> Bronze Ingot x40 (30 req/10 extra)
      - External craft (skill_blacksmithing) via Basic Forge Bronze Sheet x15 -> Bronze Sheet x15 (15 req/0 extra)
    - External craft (skill_blacksmithing) via Basic Forge Bronze Buckle x3 -> Bronze Buckle x75 (62 req/13 extra)
      - Gather Animal Hoof x250
      - External craft (skill_building) via Water Well Water x3 -> Water x60 (45 req/15 extra)
    - Craft via Simple Leatherworking Table Glue x25 -> Glue x125 (124 req/1 extra)
  - Craft via Leatherworking Table Leather Straps x62 -> Leather Straps x62 (62 req/0 extra)
        - Gather Rough Animal Hide x20
      - Craft via Simple Tanning Rack Rawhide x2 -> Rawhide x20 (16 req/4 extra)
    - Craft via Simple Leatherworking Table Nubuck Leather x16 -> Nubuck Leather x16 (16 req/0 extra)
  - Craft via Simple Leatherworking Table Coarse Leather Band x16 -> Coarse Leather Band x320 (310 req/10 extra)
- Craft Fine Weapons Belt x62 (final)"
skill_leatherworking,18,19,,3,recipe_item_material_leather_strap,Leather Straps,,92,469.4,43129.6,116.07,Animal Hoof-370; Rough Animal Hide-100; Copper Ore-40; Tin Ore-40; Limestone-25; Sapwood-225,"Leather Straps x92 (final)
      - Gather Rough Animal Hide x100
        - Gather Limestone x25
        - Gather Sapwood x25
      - External craft (skill_blacksmithing) via Basic Charcoal Kiln Lime x5 -> Lime x50 (50 req/0 extra)
      - External craft (skill_building) via Water Well Water x3 -> Water x60 (50 req/10 extra)
    - Craft via Simple Tanning Rack Inferior Leather x10 -> Inferior Leather x100 (92 req/8 extra)
  - Craft via Leatherworking Table Heavy Top Grain Leather x92 -> Heavy Top Grain Leather x92 (92 req/0 extra)
        - Gather Tin Ore x40
        - Gather Copper Ore x40
        - Gather Sapwood x200
      - External craft (skill_blacksmithing) via Basic Furnace Bronze Ingot x2 -> Bronze Ingot x40 (40 req/0 extra)
    - External craft (skill_blacksmithing) via Basic Forge Bronze Sheet x20 -> Bronze Sheet x20 (20 req/0 extra)
  - External craft (skill_blacksmithing) via Basic Forge Bronze Buckle x4 -> Bronze Buckle x100 (92 req/8 extra)
    - Gather Animal Hoof x370
    - External craft (skill_building) via Water Well Water x4 -> Water x80 (64 req/16 extra)
  - Craft via Simple Leatherworking Table Glue x37 -> Glue x185 (184 req/1 extra)
- Craft Leather Straps x92 (final)"
skill_blacksmithing,20,21,Prerequisite: advance skill_blacksmithing for crafting Wrought Iron Nails used in skill_building,1,recipe_item_material_wrought_iron_axe_blade,Wrought Iron Axe Head,,44,1550.1,68205.8,124.30,Impure Iron Ore-1640; Sapwood-8750,"Wrought Iron Axe Head x44 (final)
        - Gather Impure Iron Ore x1320
          - Gather Sapwood x5300
        - External craft (skill_building) via Basic Charcoal Kiln Charcoal x106 -> Charcoal x2650 (2640 req/10 extra)
      - Craft via Basic Furnace Iron Ingot x33 -> Iron Ingot x660 (660 req/0 extra)
        - Gather Sapwood x1750
      - External craft (skill_building) via Basic Charcoal Kiln Charcoal x35 -> Charcoal x875 (870 req/5 extra)
    - Craft via Basic Furnace Wrought Iron Ingot x22 -> Wrought Iron Ingot x440 (440 req/0 extra)
  - Craft via Forge Wrought Iron Sheet x220 -> Wrought Iron Sheet x220 (220 req/0 extra)
      - Gather Impure Iron Ore x320
        - Gather Sapwood x1300
      - External craft (skill_building) via Basic Charcoal Kiln Charcoal x26 -> Charcoal x650 (635 req/15 extra)
    - Craft via Basic Furnace Iron Ingot x8 -> Iron Ingot x160 (150 req/10 extra)
      - Gather Sapwood x400
    - External craft (skill_building) via Basic Charcoal Kiln Charcoal x8 -> Charcoal x200 (185 req/15 extra)
  - Craft via Basic Furnace Wrought Iron Ingot x5 -> Wrought Iron Ingot x100 (88 req/12 extra)
- Craft Wrought Iron Axe Head x44 (final)"
skill_blacksmithing,20,21,Prerequisite: advance skill_blacksmithing for crafting Wrought Iron Nails used in skill_building,2,recipe_item_material_wrought_iron_nails,Wrought Iron Nails,,126,533.5,50675.8,50.40,Impure Iron Ore-960; Sapwood-5150,"Wrought Iron Nails x126 (final)
        - Gather Impure Iron Ore x960
          - Gather Sapwood x3850
        - External craft (skill_building) via Basic Charcoal Kiln Charcoal x77 -> Charcoal x1925 (1920 req/5 extra)
      - Craft via Basic Furnace Iron Ingot x24 -> Iron Ingot x480 (480 req/0 extra)
        - Gather Sapwood x1300
      - External craft (skill_building) via Basic Charcoal Kiln Charcoal x26 -> Charcoal x650 (635 req/15 extra)
    - Craft via Basic Furnace Wrought Iron Ingot x16 -> Wrought Iron Ingot x320 (315 req/5 extra)
  - Craft via Basic Forge Wrought Iron Bar x63 -> Wrought Iron Bar x126 (126 req/0 extra)
- Craft Wrought Iron Nails x126 (final)"
skill_blacksmithing,20,21,Prerequisite: advance skill_blacksmithing for crafting Wrought Iron Nails used in skill_building,3,recipe_item_material_wrought_iron_sword_blade,Wrought Iron Sword Blade,,63,1070.9,59328.9,126.00,Impure Iron Ore-2400; Sapwood-12800,"Wrought Iron Sword Blade x63 (final)
        - Gather Impure Iron Ore x2400
          - Gather Sapwood x9600
        - External craft (skill_building) via Basic Charcoal Kiln Charcoal x192 -> Charcoal x4800 (4800 req/0 extra)
      - Craft via Basic Furnace Iron Ingot x60 -> Iron Ingot x1200 (1200 req/0 extra)
        - Gather Sapwood x3200
      - External craft (skill_building) via Basic Charcoal Kiln Charcoal x64 -> Charcoal x1600 (1600 req/0 extra)
    - Craft via Basic Furnace Wrought Iron Ingot x40 -> Wrought Iron Ingot x800 (790 req/10 extra)
  - Craft via Basic Forge Wrought Iron Bar x158 -> Wrought Iron Bar x316 (315 req/1 extra)
- Craft Wrought Iron Sword Blade x63 (final)"
skill_blacksmithing,21,22,Prerequisite: advance skill_blacksmithing for crafting Wrought Iron Sheet used in skill_armor_smithing,1,recipe_item_material_wrought_iron_axe_blade,Wrought Iron Axe Head,,47,1706.4,80200.1,132.78,Impure Iron Ore-1760; Sapwood-9400,"Wrought Iron Axe Head x47 (final)
        - Gather Impure Iron Ore x1440
          - Gather Sapwood x5800
        - External craft (skill_building) via Basic Charcoal Kiln Charcoal x116 -> Charcoal x2900 (2880 req/20 extra)
      - Craft via Basic Furnace Iron Ingot x36 -> Iron Ingot x720 (720 req/0 extra)
        - Gather Sapwood x1900
      - External craft (skill_building) via Basic Charcoal Kiln Charcoal x38 -> Charcoal x950 (940 req/10 extra)
    - Craft via Basic Furnace Wrought Iron Ingot x24 -> Wrought Iron Ingot x480 (470 req/10 extra)
  - Craft via Forge Wrought Iron Sheet x235 -> Wrought Iron Sheet x235 (235 req/0 extra)
      - Gather Impure Iron Ore x320
        - Gather Sapwood x1300
      - External craft (skill_building) via Basic Charcoal Kiln Charcoal x26 -> Charcoal x650 (630 req/20 extra)
    - Craft via Basic Furnace Iron Ingot x8 -> Iron Ingot x160 (150 req/10 extra)
      - Gather Sapwood x400
    - External craft (skill_building) via Basic Charcoal Kiln Charcoal x8 -> Charcoal x200 (180 req/20 extra)
  - Craft via Basic Furnace Wrought Iron Ingot x5 -> Wrought Iron Ingot x100 (84 req/16 extra)
- Craft Wrought Iron Axe Head x47 (final)"
skill_blacksmithing,21,22,Prerequisite: advance skill_blacksmithing for crafting Wrought Iron Sheet used in skill_armor_smithing,2,recipe_item_material_wrought_iron_nails,Wrought Iron Nails,,145,543.5,60884.1,58.00,Impure Iron Ore-1160; Sapwood-6200,"Wrought Iron Nails x145 (final)
        - Gather Impure Iron Ore x1160
          - Gather Sapwood x4650
        - External craft (skill_building) via Basic Charcoal Kiln Charcoal x93 -> Charcoal x2325 (2320 req/5 extra)
      - Craft via Basic Furnace Iron Ingot x29 -> Iron Ingot x580 (570 req/10 extra)
        - Gather Sapwood x1550
      - External craft (skill_building) via Basic Charcoal Kiln Charcoal x31 -> Charcoal x775 (755 req/20 extra)
    - Craft via Basic Furnace Wrought Iron Ingot x19 -> Wrought Iron Ingot x380 (365 req/15 extra)
  - Craft via Basic Forge Wrought Iron Bar x73 -> Wrought Iron Bar x146 (145 req/1 extra)
- Craft Wrought Iron Nails x145 (final)"
skill_blacksmithing,21,22,Prerequisite: advance skill_blacksmithing for crafting Wrought Iron Sheet used in skill_armor_smithing,3,recipe_item_material_wrought_iron_studs,Wrought Iron Studs,,156,506.4,59579.9,62.40,Impure Iron Ore-1200; Sapwood-6400,"Wrought Iron Studs x156 (final)
        - Gather Impure Iron Ore x1200
          - Gather Sapwood x4800
        - External craft (skill_building) via Basic Charcoal Kiln Charcoal x96 -> Charcoal x2400 (2400 req/0 extra)
      - Craft via Basic Furnace Iron Ingot x30 -> Iron Ingot x600 (600 req/0 extra)
        - Gather Sapwood x1600
      - External craft (skill_building) via Basic Charcoal Kiln Charcoal x32 -> Charcoal x800 (800 req/0 extra)
    - Craft via Basic Furnace Wrought Iron Ingot x20 -> Wrought Iron Ingot x400 (390 req/10 extra)
  - Craft via Basic Forge Wrought Iron Bar x78 -> Wrought Iron Bar x156 (156 req/0 extra)
- Craft Wrought Iron Studs x156 (final)"
skill_cooking,10,11,,1,recipe_activatable_foodcooked_vegetable_stew_maxstamina_2,Bleak Boiled Veggies,,48,198.7,9537.5,60.65,Divine Mushroom-240; Garlic-48; Mustard-48; Yellow Onion-96,"Bleak Boiled Veggies x48 (final)
  - Gather Yellow Onion x96
  - Gather Mustard x48
  - Gather Garlic x48
  - Gather Divine Mushroom x240
- Craft Bleak Boiled Veggies x48 (final)"
skill_cooking,10,11,,2,recipe_activatable_foodcooked_vegetable_stew_maxstamina_8,Springtime Stew,,44,214.5,9263.4,65.94,Penny Bun-220; Animal Fat-18; Garlic-44; Mustard-44; Red Onion-88,"Springtime Stew x44 (final)
  - Gather Red Onion x88
  - Gather Mustard x44
  - Gather Garlic x44
  - Gather Penny Bun x220
    - Gather Animal Fat x18
  - Craft via Basic Cooking Hearth Lard x9 -> Lard x45 (44 req/1 extra)
- Craft Springtime Stew x44 (final)"
skill_cooking,10,11,,3,recipe_activatable_drink_sirup_hpregen_6,Blueberry Syrup,,49,194.5,9528.5,65.50,Blueberry-245,"Blueberry Syrup x49 (final)
  - External craft (skill_building) via Water Well Water x13 -> Water x260 (245 req/15 extra)
  - Gather Blueberry x245
- Craft Blueberry Syrup x49 (final)"
skill_jewelerycrafting,9,10,,1,recipe_wearable_jewellery_bracelet_poor_9,Small Silver Bracelet,,38,204.9,7784.3,15.20,Impure Iron Ore-120; Sapwood-650,"Small Silver Bracelet x38 (final)
      - Gather Impure Iron Ore x120
        - Gather Sapwood x500
      - External craft (skill_building) via Basic Charcoal Kiln Charcoal x10 -> Charcoal x250 (240 req/10 extra)
    - External craft (skill_blacksmithing) via Basic Furnace Iron Ingot x3 -> Iron Ingot x60 (60 req/0 extra)
      - Gather Sapwood x150
    - External craft (skill_building) via Basic Charcoal Kiln Charcoal x3 -> Charcoal x75 (70 req/5 extra)
  - External craft (skill_blacksmithing) via Basic Furnace Wrought Iron Ingot x2 -> Wrought Iron Ingot x40 (38 req/2 extra)
- Craft Small Silver Bracelet x38 (final)"
skill_jewelerycrafting,9,10,,2,recipe_wearable_jewellery_earring_common_3,Slender Bronze Earring,,56,139.0,7785.6,11.57,Copper Ore-120; Sapwood-400,"Slender Bronze Earring x56 (final)
    - Gather Copper Ore x120
      - Gather Sapwood x400
    - External craft (skill_building) via Basic Charcoal Kiln Charcoal x8 -> Charcoal x200 (180 req/20 extra)
  - External craft (skill_blacksmithing) via Basic Furnace Copper Ingot x6 -> Copper Ingot x60 (56 req/4 extra)
- Craft Slender Bronze Earring x56 (final)"
skill_jewelerycrafting,9,10,,3,recipe_wearable_jewellery_bracelet_common_7,Shiny Silver Bracelet,,52,148.9,7743.5,20.80,Impure Iron Ore-200; Sapwood-1050,"Shiny Silver Bracelet x52 (final)
      - Gather Impure Iron Ore x200
        - Gather Sapwood x800
      - External craft (skill_building) via Basic Charcoal Kiln Charcoal x16 -> Charcoal x400 (400 req/0 extra)
    - External craft (skill_blacksmithing) via Basic Furnace Iron Ingot x5 -> Iron Ingot x100 (90 req/10 extra)
      - Gather Sapwood x250
    - External craft (skill_building) via Basic Charcoal Kiln Charcoal x5 -> Charcoal x125 (120 req/5 extra)
  - External craft (skill_blacksmithing) via Basic Furnace Wrought Iron Ingot x3 -> Wrought Iron Ingot x60 (52 req/8 extra)
- Craft Shiny Silver Bracelet x52 (final)"
skill_winery_and_brewing,9,10,,1,recipe_crafter_wine_barrel_1,Wine Barrel,,14,318.0,4451.7,73.85,Copper Ore-200; Impure Iron Ore-40; Tin Ore-140; Sand-5600; Sapwood-7920,"Wine Barrel x14 (final)
      - Gather Copper Ore x60
        - Gather Sapwood x200
      - External craft (skill_building) via Basic Charcoal Kiln Charcoal x4 -> Charcoal x100 (90 req/10 extra)
    - External craft (skill_blacksmithing) via Basic Furnace Copper Ingot x3 -> Copper Ingot x30 (28 req/2 extra)
        - Gather Sand x5600
          - Gather Sapwood x6700
        - External craft (skill_building) via Basic Charcoal Kiln Charcoal x134 -> Charcoal x3350 (3350 req/0 extra)
      - External craft (skill_building) via Furnace Glass x112 -> Glass x1120 (1120 req/0 extra)
    - External craft (skill_blacksmithing) via Forge Vial x56 -> Vial x280 (280 req/0 extra)
        - Gather Tin Ore x140
        - Gather Copper Ore x140
        - Gather Sapwood x700
      - External craft (skill_blacksmithing) via Basic Furnace Bronze Ingot x7 -> Bronze Ingot x140 (140 req/0 extra)
    - External craft (skill_blacksmithing) via Basic Forge Bronze Sheet x70 -> Bronze Sheet x70 (70 req/0 extra)
  - Craft via Basic Cooking Workbench Barrel Pieces x14 -> Barrel Pieces x14 (14 req/0 extra)
    - Gather Sapwood x120
  - External craft (skill_building) via Wood Chopping Block Plank x12 -> Plank x120 (112 req/8 extra)
        - Gather Impure Iron Ore x40
          - Gather Sapwood x200
        - External craft (skill_building) via Basic Charcoal Kiln Charcoal x4 -> Charcoal x100 (80 req/20 extra)
      - External craft (skill_blacksmithing) via Basic Furnace Iron Ingot x1 -> Iron Ingot x20 (10 req/10 extra)
    - External craft (skill_blacksmithing) via Basic Forge Iron Bar x2 -> Iron Bar x4 (3 req/1 extra)
  - External craft (skill_blacksmithing) via Basic Forge Iron Nails x3 -> Iron Nails x150 (140 req/10 extra)
- Craft Wine Barrel x14 (final)"
skill_winery_and_brewing,9,10,,2,recipe_activatable_drink_cider_maxstamina_34,Autumn Heat,,26,163.9,4262.1,73.72,Blackberry-130,"Autumn Heat x26 (final)
  - Gather Blackberry x130
  - External craft (skill_building) via Water Well Water x7 -> Water x140 (130 req/10 extra)
  - External craft (skill_cooking) via Basic Beehive Honey x26 -> Honey x130 (130 req/0 extra)
- Craft Autumn Heat x26 (final)"
skill_winery_and_brewing,9,10,,3,recipe_activatable_drink_cider_resistancebuff_11,Farmhouse Cider,,25,177.0,4424.8,89.38,Blueberry-50,"Farmhouse Cider x25 (final)
    - External craft (skill_building) via Water Well Water x3 -> Water x60 (50 req/10 extra)
    - Gather Blueberry x50
  - External craft (skill_cooking) via Basic Cooking Workbench Blueberry Syrup x10 -> Blueberry Syrup x50 (50 req/0 extra)
  - External craft (skill_building) via Water Well Water x6 -> Water x120 (115 req/5 extra)
  - External craft (skill_cooking) via Basic Beehive Honey x25 -> Honey x125 (125 req/0 extra)
- Craft Farmhouse Cider x25 (final)"
skill_alchemy,11,12,,1,recipe_activatable_potion_hp_regeneration_very_small_21,Weak Healing Potion III,,55,222.8,12252.5,193.10,Tansy-55; Sand-3320; Sapwood-3400,"Weak Healing Potion III x55 (final)
    - Gather Tansy x55
      - Gather Sapwood x50
    - External craft (skill_building) via Basic Charcoal Kiln Charcoal x1 -> Charcoal x25 (22 req/3 extra)
    - External craft (skill_building) via Water Well Water x3 -> Water x60 (55 req/5 extra)
  - Craft via Basic Reagent Distiller Tansy Extract x11 -> Tansy Extract x110 (110 req/0 extra)
  - External craft (skill_building) via Water Well Water x19 -> Water x380 (380 req/0 extra)
      - Gather Sand x3320
        - Gather Sapwood x3350
      - External craft (skill_building) via Basic Charcoal Kiln Charcoal x67 -> Charcoal x1675 (1657 req/18 extra)
    - External craft (skill_building) via Basic Furnace Rough Glass x83 -> Rough Glass x830 (825 req/5 extra)
  - External craft (skill_blacksmithing) via Basic Forge Small Vial x55 -> Small Vial x275 (275 req/0 extra)
- Craft Weak Healing Potion III x55 (final)"
skill_alchemy,11,12,,2,recipe_activatable_potion_hp_potion_very_small_20,Weak Health Tonic III,,55,222.8,12252.5,194.01,Lavender-55; Sand-3320; Sapwood-3400,"Weak Health Tonic III x55 (final)
    - Gather Lavender x55
      - Gather Sapwood x50
    - External craft (skill_building) via Basic Charcoal Kiln Charcoal x1 -> Charcoal x25 (22 req/3 extra)
    - External craft (skill_building) via Water Well Water x3 -> Water x60 (55 req/5 extra)
  - Craft via Basic Reagent Distiller Lavender Extract x11 -> Lavender Extract x110 (110 req/0 extra)
  - External craft (skill_building) via Water Well Water x19 -> Water x380 (380 req/0 extra)
      - Gather Sand x3320
        - Gather Sapwood x3350
      - External craft (skill_building) via Basic Charcoal Kiln Charcoal x67 -> Charcoal x1675 (1657 req/18 extra)
    - External craft (skill_building) via Basic Furnace Rough Glass x83 -> Rough Glass x830 (825 req/5 extra)
  - External craft (skill_blacksmithing) via Basic Forge Small Vial x55 -> Small Vial x275 (275 req/0 extra)
- Craft Weak Health Tonic III x55 (final)"
skill_alchemy,11,12,,3,recipe_activatable_potion_arcance_resistance_very_small_23,Poison Resistance I,,60,205.1,12306.9,212.65,Amanita Regalis-60; Sand-3600; Sapwood-3650,"Poison Resistance I x60 (final)
    - Gather Amanita Regalis x60
      - Gather Sapwood x50
    - External craft (skill_building) via Basic Charcoal Kiln Charcoal x1 -> Charcoal x25 (24 req/1 extra)
    - External craft (skill_building) via Water Well Water x3 -> Water x60 (60 req/0 extra)
  - Craft via Basic Reagent Distiller Amanita Regalis Extract x12 -> Amanita Regalis Extract x120 (120 req/0 extra)
  - External craft (skill_building) via Water Well Water x21 -> Water x420 (420 req/0 extra)
      - Gather Sand x3600
        - Gather Sapwood x3600
      - External craft (skill_building) via Basic Charcoal Kiln Charcoal x72 -> Charcoal x1800 (1799 req/1 extra)
    - External craft (skill_building) via Basic Furnace Rough Glass x90 -> Rough Glass x900 (900 req/0 extra)
  - External craft (skill_blacksmithing) via Basic Forge Small Vial x60 -> Small Vial x300 (300 req/0 extra)
- Craft Poison Resistance I x60 (final)"
skill_baking,12,13,,1,recipe_activatable_foodcooked_bread_hpregen_20,Barley and Rye Bread,,72,214.3,15255.6,72.42,Suet-58; Barley Grain-40; Rye Grain-164,"Barley and Rye Bread x72 (final)
      - Gather Barley Grain x40
    - Craft via Millstone Barley Flour x2 -> Barley Flour x40 (30 req/10 extra)
      - External craft (skill_building) via Water Well Water x1 -> Water x20 (20 req/0 extra)
        - Gather Rye Grain x20
      - Craft via Millstone Rye Flour x1 -> Rye Flour x20 (20 req/0 extra)
    - Craft via Basic Fermenter Yeast x1 -> Yeast x20 (15 req/5 extra)
    - External craft (skill_building) via Water Well Water x4 -> Water x80 (75 req/5 extra)
  - Craft via Basic Cooking Workbench Barley Dough x15 -> Barley Dough x75 (72 req/3 extra)
  - Gather Rye Grain x144
    - Gather Suet x58
  - External craft (skill_cooking) via Basic Cooking Hearth Tallow x29 -> Tallow x145 (144 req/1 extra)
- Craft Barley and Rye Bread x72 (final)"
skill_baking,12,13,,2,recipe_activatable_foodcooked_pastry_staminaregen_22,Trail Pie,,83,187.5,15560.1,408.08,Animal Fat-332; Barley Grain-340; Rye Grain-180,"Trail Pie x83 (final)
      - Gather Barley Grain x340
    - Craft via Millstone Barley Flour x17 -> Barley Flour x340 (332 req/8 extra)
      - External craft (skill_building) via Water Well Water x9 -> Water x180 (180 req/0 extra)
        - Gather Rye Grain x180
      - Craft via Millstone Rye Flour x9 -> Rye Flour x180 (180 req/0 extra)
    - Craft via Basic Fermenter Yeast x9 -> Yeast x180 (166 req/14 extra)
    - External craft (skill_building) via Water Well Water x42 -> Water x840 (830 req/10 extra)
  - Craft via Basic Cooking Workbench Barley Dough x166 -> Barley Dough x830 (830 req/0 extra)
    - Gather Animal Fat x332
  - External craft (skill_cooking) via Basic Cooking Hearth Lard x166 -> Lard x830 (830 req/0 extra)
- Craft Trail Pie x83 (final)"
skill_baking,12,13,,3,recipe_activatable_foodcooked_bread_maxhp_7,Barley Bread,,1100,14.0,12760.0,540.83,Animal Fat-440; Barley Grain-440; Rye Grain-220,"Barley Bread x1100 (final)
      - Gather Barley Grain x440
    - Craft via Millstone Barley Flour x22 -> Barley Flour x440 (440 req/0 extra)
      - External craft (skill_building) via Water Well Water x11 -> Water x220 (220 req/0 extra)
        - Gather Rye Grain x220
      - Craft via Millstone Rye Flour x11 -> Rye Flour x220 (220 req/0 extra)
    - Craft via Basic Fermenter Yeast x11 -> Yeast x220 (220 req/0 extra)
    - External craft (skill_building) via Water Well Water x55 -> Water x1100 (1100 req/0 extra)
  - Craft via Basic Cooking Workbench Barley Dough x220 -> Barley Dough x1100 (1100 req/0 extra)
    - Gather Animal Fat x440
  - External craft (skill_cooking) via Basic Cooking Hearth Lard x220 -> Lard x1100 (1100 req/0 extra)
- Craft Barley Bread x1100 (final)"
skill_weapon_smithing,12,13,,1,recipe_wieldable_tool_woodcutting_axe_t2_common,Iron Chopping Axe,,67,227.0,15208.8,64.15,Rough Animal Hide-10; Impure Iron Ore-1640; Sapwood-6735,"Iron Chopping Axe x67 (final)
    - Gather Sapwood x135
  - External craft (skill_building) via Wood Chopping Block Long Wood Stock x27 -> Long Wood Stock x135 (134 req/1 extra)
        - Gather Impure Iron Ore x1360
          - Gather Sapwood x5450
        - External craft (skill_building) via Basic Charcoal Kiln Charcoal x109 -> Charcoal x2725 (2720 req/5 extra)
      - External craft (skill_blacksmithing) via Basic Furnace Iron Ingot x34 -> Iron Ingot x680 (670 req/10 extra)
    - External craft (skill_blacksmithing) via Basic Forge Iron Sheet x335 -> Iron Sheet x335 (335 req/0 extra)
      - Gather Impure Iron Ore x280
        - Gather Sapwood x1150
      - External craft (skill_building) via Basic Charcoal Kiln Charcoal x23 -> Charcoal x575 (555 req/20 extra)
    - External craft (skill_blacksmithing) via Basic Furnace Iron Ingot x7 -> Iron Ingot x140 (124 req/16 extra)
  - External craft (skill_blacksmithing) via Basic Forge Iron Axe Head x67 -> Iron Axe Head x67 (67 req/0 extra)
        - Gather Rough Animal Hide x10
      - External craft (skill_leatherworking) via Simple Tanning Rack Rawhide x1 -> Rawhide x10 (4 req/6 extra)
    - External craft (skill_leatherworking) via Simple Leatherworking Table Nubuck Leather x4 -> Nubuck Leather x4 (4 req/0 extra)
  - External craft (skill_leatherworking) via Simple Leatherworking Table Coarse Leather Band x4 -> Coarse Leather Band x80 (67 req/13 extra)
- Craft Iron Chopping Axe x67 (final)"
skill_weapon_smithing,12,13,,2,recipe_wieldable_axe_2h_0_t1_uncommon,Attuned Bronze Battleaxe,,81,189.1,15313.8,51.91,Copper Ore-980; Tin Ore-980; Angelica-162; Sapwood-4985,"Attuned Bronze Battleaxe x81 (final)
  - Gather Angelica x162
    - Gather Sapwood x85
  - External craft (skill_building) via Wood Chopping Block Long Wood Stock x17 -> Long Wood Stock x85 (81 req/4 extra)
        - Gather Tin Ore x820
        - Gather Copper Ore x820
        - Gather Sapwood x4100
      - External craft (skill_blacksmithing) via Basic Furnace Bronze Ingot x41 -> Bronze Ingot x820 (810 req/10 extra)
    - External craft (skill_blacksmithing) via Basic Forge Bronze Sheet x405 -> Bronze Sheet x405 (405 req/0 extra)
      - Gather Tin Ore x160
      - Gather Copper Ore x160
      - Gather Sapwood x800
    - External craft (skill_blacksmithing) via Basic Furnace Bronze Ingot x8 -> Bronze Ingot x160 (152 req/8 extra)
  - External craft (skill_blacksmithing) via Basic Forge Bronze Axe Head x81 -> Bronze Axe Head x81 (81 req/0 extra)
- Craft Attuned Bronze Battleaxe x81 (final)"
skill_weapon_smithing,12,13,,3,recipe_wieldable_tool_skinning_knife_t2_common,Iron Skinning Knife,,69,222.4,15344.0,86.60,Rough Animal Hide-10; Impure Iron Ore-1000; Sapwood-4070,"Iron Skinning Knife x69 (final)
        - Gather Impure Iron Ore x720
          - Gather Sapwood x2900
        - External craft (skill_building) via Basic Charcoal Kiln Charcoal x58 -> Charcoal x1450 (1440 req/10 extra)
      - External craft (skill_blacksmithing) via Basic Furnace Iron Ingot x18 -> Iron Ingot x360 (345 req/15 extra)
    - External craft (skill_blacksmithing) via Basic Forge Iron Bar x69 -> Iron Bar x138 (138 req/0 extra)
  - External craft (skill_blacksmithing) via Basic Forge Iron Knife Blade x69 -> Iron Knife Blade x69 (69 req/0 extra)
    - Gather Sapwood x70
  - External craft (skill_building) via Wood Chopping Block Long Wood Stock x14 -> Long Wood Stock x70 (69 req/1 extra)
      - Gather Impure Iron Ore x280
        - Gather Sapwood x1100
      - External craft (skill_building) via Basic Charcoal Kiln Charcoal x22 -> Charcoal x550 (550 req/0 extra)
    - External craft (skill_blacksmithing) via Basic Furnace Iron Ingot x7 -> Iron Ingot x140 (123 req/17 extra)
  - External craft (skill_blacksmithing) via Basic Forge Iron Sheet x69 -> Iron Sheet x69 (69 req/0 extra)
        - Gather Rough Animal Hide x10
      - External craft (skill_leatherworking) via Simple Tanning Rack Rawhide x1 -> Rawhide x10 (7 req/3 extra)
    - External craft (skill_leatherworking) via Simple Leatherworking Table Nubuck Leather x7 -> Nubuck Leather x7 (7 req/0 extra)
  - External craft (skill_leatherworking) via Simple Leatherworking Table Coarse Leather Band x7 -> Coarse Leather Band x140 (138 req/2 extra)
- Craft Iron Skinning Knife x69 (final)"
skill_fletching,13,14,,1,recipe_wieldable_bow_2h_0_t2_rare,Warded Longbow,,33,569.4,18790.8,220.76,Boar Sinew-165; Rough Animal Hide-20; Sapwood-100; Resin-231; Token of the Whisper-33; Furry Collarstone-396,"Warded Longbow x33 (final)
  - Gather Furry Collarstone x396
  - Gather Token of the Whisper x33
      - Gather Sapwood x100
    - External craft (skill_building) via Wood Chopping Block Long Wood Stock x20 -> Long Wood Stock x100 (99 req/1 extra)
    - Gather Resin x231
    - External craft (skill_cooking) via Basic Beehive Beeswax x66 -> Beeswax x330 (330 req/0 extra)
  - Craft via Basic Fletching Table Rough Bow Stave x33 -> Rough Bow Stave x33 (33 req/0 extra)
  - Gather Boar Sinew x165
        - Gather Rough Animal Hide x20
      - External craft (skill_leatherworking) via Simple Tanning Rack Rawhide x2 -> Rawhide x20 (17 req/3 extra)
    - External craft (skill_leatherworking) via Simple Leatherworking Table Nubuck Leather x17 -> Nubuck Leather x17 (17 req/0 extra)
  - External craft (skill_leatherworking) via Simple Leatherworking Table Coarse Leather Band x17 -> Coarse Leather Band x340 (330 req/10 extra)
- Craft Warded Longbow x33 (final)"
skill_fletching,13,14,,2,recipe_crafter_fletching_workbench_2,Fletching Table,,59,313.6,18501.9,295.74,Suet-1180; Heartwood-840; Rough Animal Hide-120; Impure Iron Ore-680; Flax Seeds-2950; Limestone-30; Sapwood-2780,"Fletching Table x59 (final)
        - Gather Rough Animal Hide x120
          - Gather Limestone x30
          - Gather Sapwood x30
        - External craft (skill_blacksmithing) via Basic Charcoal Kiln Lime x6 -> Lime x60 (60 req/0 extra)
        - External craft (skill_building) via Water Well Water x3 -> Water x60 (60 req/0 extra)
      - External craft (skill_leatherworking) via Simple Tanning Rack Inferior Leather x12 -> Inferior Leather x120 (118 req/2 extra)
    - External craft (skill_leatherworking) via Leatherworking Table Heavy Top Grain Leather x118 -> Heavy Top Grain Leather x118 (118 req/0 extra)
          - Gather Impure Iron Ore x600
            - Gather Sapwood x2400
          - External craft (skill_building) via Basic Charcoal Kiln Charcoal x48 -> Charcoal x1200 (1200 req/0 extra)
        - External craft (skill_blacksmithing) via Basic Furnace Iron Ingot x15 -> Iron Ingot x300 (295 req/5 extra)
      - External craft (skill_blacksmithing) via Basic Forge Iron Bar x59 -> Iron Bar x118 (118 req/0 extra)
    - External craft (skill_blacksmithing) via Basic Forge Iron Knife Blade x59 -> Iron Knife Blade x59 (59 req/0 extra)
          - Gather Impure Iron Ore x80
            - Gather Sapwood x350
          - External craft (skill_building) via Basic Charcoal Kiln Charcoal x7 -> Charcoal x175 (160 req/15 extra)
        - External craft (skill_blacksmithing) via Basic Furnace Iron Ingot x2 -> Iron Ingot x40 (25 req/15 extra)
      - External craft (skill_blacksmithing) via Basic Forge Iron Bar x6 -> Iron Bar x12 (12 req/0 extra)
    - External craft (skill_blacksmithing) via Basic Forge Iron Nails x12 -> Iron Nails x600 (590 req/10 extra)
      - Gather Flax Seeds x2950
        - Gather Suet x1180
      - External craft (skill_cooking) via Basic Cooking Hearth Tallow x590 -> Tallow x2950 (2950 req/0 extra)
    - External craft (skill_leatherworking) via Leatherworking Table Linseed Oil x295 -> Linseed Oil x295 (295 req/0 extra)
  - Craft via Basic Fletching Table Fletching Tools x59 -> Fletching Tools x59 (59 req/0 extra)
    - Gather Heartwood x480
  - External craft (skill_building) via Wood Chopping Block Fine Wood Beam x48 -> Fine Wood Beam x240 (236 req/4 extra)
    - Gather Heartwood x360
  - External craft (skill_building) via Wood Chopping Block Fine Wooden Plank x36 -> Fine Wooden Plank x360 (354 req/6 extra)
- Craft Fletching Table x59 (final)"
skill_fletching,13,14,,3,recipe_wieldable_bow_2h_0_t2_uncommon,Attuned Longbow,,59,314.5,18556.5,355.41,Boar Sinew-295; Rough Animal Hide-30; Sapwood-180; Resin-413; Furry Collarstone-708,"Attuned Longbow x59 (final)
  - Gather Furry Collarstone x708
      - Gather Sapwood x180
    - External craft (skill_building) via Wood Chopping Block Long Wood Stock x36 -> Long Wood Stock x180 (177 req/3 extra)
    - Gather Resin x413
    - External craft (skill_cooking) via Basic Beehive Beeswax x118 -> Beeswax x590 (590 req/0 extra)
  - Craft via Basic Fletching Table Rough Bow Stave x59 -> Rough Bow Stave x59 (59 req/0 extra)
  - Gather Boar Sinew x295
        - Gather Rough Animal Hide x30
      - External craft (skill_leatherworking) via Simple Tanning Rack Rawhide x3 -> Rawhide x30 (30 req/0 extra)
    - External craft (skill_leatherworking) via Simple Leatherworking Table Nubuck Leather x30 -> Nubuck Leather x30 (30 req/0 extra)
  - External craft (skill_leatherworking) via Simple Leatherworking Table Coarse Leather Band x30 -> Coarse Leather Band x600 (590 req/10 extra)
- Craft Attuned Longbow x59 (final)"
skill_charcuterie,14,15,,1,recipe_basic_butchered_wolf,Parted Chamois,,103,219.9,22650.9,12.51,Chamois Carcass-103,"Parted Chamois x103 (final)
  - Gather Chamois Carcass x103
- Craft Parted Chamois x103 (final)"
skill_charcuterie,14,15,,2,recipe_rough-cut_wolf,Poorly Parted Chamois,,124,182.6,22646.2,15.07,Chamois Carcass-124,"Poorly Parted Chamois x124 (final)
  - Gather Chamois Carcass x124
- Craft Poorly Parted Chamois x124 (final)"
skill_charcuterie,14,15,,3,recipe_basic_butchered_bear,Parted Bear,,124,182.6,22646.2,15.81,Bear Carcass-124,"Parted Bear x124 (final)
  - Gather Bear Carcass x124
- Craft Parted Bear x124 (final)"
skill_tailoring,15,16,,1,recipe_item_material_horn_pins_and_needles,Horn Needles,,138,201.1,27753.9,8.42,Antler-138,"Horn Needles x138 (final)
  - Gather Antler x138
- Craft Horn Needles x138 (final)"
skill_tailoring,15,16,,2,recipe_wearable_cloth_legs_magus_m_t3_common,Magus' Trousers of Entrancement III,,24,1176.0,23725.3,151.36,Antler-48; Rough Animal Hide-10; Copper Ore-20; Tin Ore-20; Cotton Fiber-2000; Sapwood-100,"Magus' Trousers of Entrancement III x24 (final)
    - Gather Antler x48
  - Craft via Tailoring Table Horn Needles x48 -> Horn Needles x240 (240 req/0 extra)
      - Gather Cotton Fiber x2000
    - Craft via Spinning Wheel Cotton Cord x50 -> Cotton Cord x500 (500 req/0 extra)
  - Craft via Simple Loom Coarse Cotton Cloth x20 -> Coarse Cotton Cloth x100 (96 req/4 extra)
          - Gather Rough Animal Hide x10
        - External craft (skill_leatherworking) via Simple Tanning Rack Rawhide x1 -> Rawhide x10 (5 req/5 extra)
      - External craft (skill_leatherworking) via Simple Leatherworking Table Nubuck Leather x5 -> Nubuck Leather x5 (5 req/0 extra)
    - External craft (skill_leatherworking) via Simple Leatherworking Table Coarse Leather Band x5 -> Coarse Leather Band x100 (96 req/4 extra)
          - Gather Tin Ore x20
          - Gather Copper Ore x20
          - Gather Sapwood x100
        - External craft (skill_blacksmithing) via Basic Furnace Bronze Ingot x1 -> Bronze Ingot x20 (20 req/0 extra)
      - External craft (skill_blacksmithing) via Basic Forge Bronze Sheet x10 -> Bronze Sheet x10 (10 req/0 extra)
    - External craft (skill_blacksmithing) via Basic Forge Bronze Buckle x2 -> Bronze Buckle x50 (48 req/2 extra)
  - External craft (skill_leatherworking) via Simple Leatherworking Table Rough Leather Straps x48 -> Rough Leather Straps x48 (48 req/0 extra)
- Craft Magus' Trousers of Entrancement III x24 (final)"
skill_tailoring,15,16,,3,recipe_item_material_cotton_wadding,Cotton Wadding,,23,1231.7,19333.8,158.59,Antler-23; Cotton Fiber-1920,"Cotton Wadding x23 (final)
      - Gather Cotton Fiber x1000
    - Craft via Spinning Wheel Cotton Cord x25 -> Cotton Cord x250 (250 req/0 extra)
  - Craft via Simple Loom Coarse Cotton Cloth x10 -> Coarse Cotton Cloth x50 (46 req/4 extra)
    - Gather Cotton Fiber x920
  - Craft via Spinning Wheel Cotton Cord x23 -> Cotton Cord x230 (230 req/0 extra)
    - Gather Antler x23
  - Craft via Tailoring Table Horn Needles x23 -> Horn Needles x115 (115 req/0 extra)
- Craft Cotton Wadding x23 (final)"
skill_blacksmithing,22,23,,1,recipe_item_material_wrought_iron_axe_blade,Wrought Iron Axe Head,,52,1790.8,93124.0,146.90,Impure Iron Ore-1920; Sapwood-10250,"Wrought Iron Axe Head x52 (final)
        - Gather Impure Iron Ore x1560
          - Gather Sapwood x6250
        - External craft (skill_building) via Basic Charcoal Kiln Charcoal x125 -> Charcoal x3125 (3120 req/5 extra)
      - Craft via Basic Furnace Iron Ingot x39 -> Iron Ingot x780 (780 req/0 extra)
        - Gather Sapwood x2100
      - External craft (skill_building) via Basic Charcoal Kiln Charcoal x42 -> Charcoal x1050 (1035 req/15 extra)
    - Craft via Basic Furnace Wrought Iron Ingot x26 -> Wrought Iron Ingot x520 (520 req/0 extra)
  - Craft via Forge Wrought Iron Sheet x260 -> Wrought Iron Sheet x260 (260 req/0 extra)
      - Gather Impure Iron Ore x360
        - Gather Sapwood x1450
      - External craft (skill_building) via Basic Charcoal Kiln Charcoal x29 -> Charcoal x725 (705 req/20 extra)
    - Craft via Basic Furnace Iron Ingot x9 -> Iron Ingot x180 (180 req/0 extra)
      - Gather Sapwood x450
    - External craft (skill_building) via Basic Charcoal Kiln Charcoal x9 -> Charcoal x225 (220 req/5 extra)
  - Craft via Basic Furnace Wrought Iron Ingot x6 -> Wrought Iron Ingot x120 (104 req/16 extra)
- Craft Wrought Iron Axe Head x52 (final)"
skill_blacksmithing,22,23,,2,recipe_item_material_wrought_iron_nails,Wrought Iron Nails,,271,339.7,87071.0,108.40,Impure Iron Ore-2040; Sapwood-10900,"Wrought Iron Nails x271 (final)
        - Gather Impure Iron Ore x2040
          - Gather Sapwood x8200
        - External craft (skill_building) via Basic Charcoal Kiln Charcoal x164 -> Charcoal x4100 (4080 req/20 extra)
      - Craft via Basic Furnace Iron Ingot x51 -> Iron Ingot x1020 (1020 req/0 extra)
        - Gather Sapwood x2700
      - External craft (skill_building) via Basic Charcoal Kiln Charcoal x54 -> Charcoal x1350 (1340 req/10 extra)
    - Craft via Basic Furnace Wrought Iron Ingot x34 -> Wrought Iron Ingot x680 (680 req/0 extra)
  - Craft via Basic Forge Wrought Iron Bar x136 -> Wrought Iron Bar x272 (271 req/1 extra)
- Craft Wrought Iron Nails x271 (final)"
skill_blacksmithing,22,23,,3,recipe_item_material_wrought_iron_studs,Wrought Iron Studs,,278,331.7,87061.5,111.20,Impure Iron Ore-2120; Sapwood-11300,"Wrought Iron Studs x278 (final)
        - Gather Impure Iron Ore x2120
          - Gather Sapwood x8500
        - External craft (skill_building) via Basic Charcoal Kiln Charcoal x170 -> Charcoal x4250 (4240 req/10 extra)
      - Craft via Basic Furnace Iron Ingot x53 -> Iron Ingot x1060 (1050 req/10 extra)
        - Gather Sapwood x2800
      - External craft (skill_building) via Basic Charcoal Kiln Charcoal x56 -> Charcoal x1400 (1390 req/10 extra)
    - Craft via Basic Furnace Wrought Iron Ingot x35 -> Wrought Iron Ingot x700 (695 req/5 extra)
  - Craft via Basic Forge Wrought Iron Bar x139 -> Wrought Iron Bar x278 (278 req/0 extra)
- Craft Wrought Iron Studs x278 (final)"
skill_leatherworking,19,20,,1,recipe_wearable_leather_arms_pilgrim_0_t3_common,Pilgrim's Bracers III,,48,1183.1,49262.0,135.48,Animal Hoof-630; Suet-192; Bone Fragments-48; Rough Animal Hide-420; Copper Ore-40; Tin Ore-40; Flax Fiber-5400; Flax Seeds-480; Limestone-155; Sapwood-355,"Pilgrim's Bracers III x48 (final)
      - Gather Rough Animal Hide x300
        - Gather Limestone x75
        - Gather Sapwood x75
      - External craft (skill_blacksmithing) via Basic Charcoal Kiln Lime x15 -> Lime x150 (150 req/0 extra)
      - External craft (skill_building) via Water Well Water x8 -> Water x160 (150 req/10 extra)
    - Craft via Simple Tanning Rack Inferior Leather x30 -> Inferior Leather x300 (300 req/0 extra)
      - Gather Limestone x50
      - Gather Sapwood x50
    - External craft (skill_blacksmithing) via Basic Charcoal Kiln Lime x10 -> Lime x100 (100 req/0 extra)
    - External craft (skill_building) via Water Well Water x5 -> Water x100 (90 req/10 extra)
  - Craft via Tanning Rack Boiled Leather x20 -> Boiled Leather x100 (96 req/4 extra)
        - Gather Rough Animal Hide x100
          - Gather Limestone x25
          - Gather Sapwood x25
        - External craft (skill_blacksmithing) via Basic Charcoal Kiln Lime x5 -> Lime x50 (50 req/0 extra)
        - External craft (skill_building) via Water Well Water x2 -> Water x40 (40 req/0 extra)
      - Craft via Simple Tanning Rack Inferior Leather x10 -> Inferior Leather x100 (96 req/4 extra)
    - Craft via Leatherworking Table Heavy Top Grain Leather x96 -> Heavy Top Grain Leather x96 (96 req/0 extra)
          - Gather Tin Ore x40
          - Gather Copper Ore x40
          - Gather Sapwood x200
        - External craft (skill_blacksmithing) via Basic Furnace Bronze Ingot x2 -> Bronze Ingot x40 (40 req/0 extra)
      - External craft (skill_blacksmithing) via Basic Forge Bronze Sheet x20 -> Bronze Sheet x20 (20 req/0 extra)
    - External craft (skill_blacksmithing) via Basic Forge Bronze Buckle x4 -> Bronze Buckle x100 (96 req/4 extra)
      - Gather Animal Hoof x390
      - External craft (skill_building) via Water Well Water x4 -> Water x80 (78 req/2 extra)
    - Craft via Simple Leatherworking Table Glue x39 -> Glue x195 (192 req/3 extra)
  - Craft via Leatherworking Table Leather Straps x96 -> Leather Straps x96 (96 req/0 extra)
        - Gather Rough Animal Hide x20
          - Gather Limestone x5
          - Gather Sapwood x5
        - External craft (skill_blacksmithing) via Basic Charcoal Kiln Lime x1 -> Lime x10 (10 req/0 extra)
        - External craft (skill_building) via Water Well Water x1 -> Water x20 (8 req/12 extra)
      - Craft via Simple Tanning Rack Inferior Leather x2 -> Inferior Leather x20 (20 req/0 extra)
    - Craft via Leatherworking Table Heavy Top Grain Leather x24 -> Heavy Top Grain Leather x24 (24 req/0 extra)
      - Gather Animal Hoof x240
      - External craft (skill_building) via Water Well Water x2 -> Water x40 (36 req/4 extra)
    - Craft via Simple Leatherworking Table Glue x24 -> Glue x120 (117 req/3 extra)
  - Craft via Leatherworking Table Leather Pads x24 -> Leather Pads x48 (48 req/0 extra)
        - Gather Flax Fiber x4680
      - External craft (skill_tailoring) via Spinning Wheel Linen String x156 -> Linen String x1560 (1560 req/0 extra)
    - External craft (skill_tailoring) via Simple Loom Linen Cloth x39 -> Linen Cloth x195 (192 req/3 extra)
      - Gather Flax Fiber x720
    - External craft (skill_tailoring) via Spinning Wheel Linen String x24 -> Linen String x240 (240 req/0 extra)
      - Gather Bone Fragments x48
    - External craft (skill_tailoring) via Simple Tailoring Table Sewing Needles x24 -> Sewing Needles x240 (240 req/0 extra)
  - External craft (skill_tailoring) via Simple Tailoring Table Stuffed Linen Padding x48 -> Stuffed Linen Padding x48 (48 req/0 extra)
    - Gather Flax Seeds x480
      - Gather Suet x192
    - External craft (skill_cooking) via Basic Cooking Hearth Tallow x96 -> Tallow x480 (480 req/0 extra)
  - Craft via Leatherworking Table Linseed Oil x48 -> Linseed Oil x48 (48 req/0 extra)
- Craft Pilgrim's Bracers III x48 (final)"
skill_leatherworking,19,20,,2,recipe_item_material_leather_weapons_belt_fine,Fine Weapons Belt,,97,585.6,56802.9,144.21,Animal Hoof-390; Rough Animal Hide-130; Copper Ore-40; Tin Ore-40; Limestone-25; Sapwood-225,"Fine Weapons Belt x97 (final)
        - Gather Rough Animal Hide x100
          - Gather Limestone x25
          - Gather Sapwood x25
        - External craft (skill_blacksmithing) via Basic Charcoal Kiln Lime x5 -> Lime x50 (50 req/0 extra)
        - External craft (skill_building) via Water Well Water x3 -> Water x60 (50 req/10 extra)
      - Craft via Simple Tanning Rack Inferior Leather x10 -> Inferior Leather x100 (97 req/3 extra)
    - Craft via Leatherworking Table Heavy Top Grain Leather x97 -> Heavy Top Grain Leather x97 (97 req/0 extra)
          - Gather Tin Ore x40
          - Gather Copper Ore x40
          - Gather Sapwood x200
        - External craft (skill_blacksmithing) via Basic Furnace Bronze Ingot x2 -> Bronze Ingot x40 (40 req/0 extra)
      - External craft (skill_blacksmithing) via Basic Forge Bronze Sheet x20 -> Bronze Sheet x20 (20 req/0 extra)
    - External craft (skill_blacksmithing) via Basic Forge Bronze Buckle x4 -> Bronze Buckle x100 (97 req/3 extra)
      - Gather Animal Hoof x390
      - External craft (skill_building) via Water Well Water x4 -> Water x80 (68 req/12 extra)
    - Craft via Simple Leatherworking Table Glue x39 -> Glue x195 (194 req/1 extra)
  - Craft via Leatherworking Table Leather Straps x97 -> Leather Straps x97 (97 req/0 extra)
        - Gather Rough Animal Hide x30
      - Craft via Simple Tanning Rack Rawhide x3 -> Rawhide x30 (25 req/5 extra)
    - Craft via Simple Leatherworking Table Nubuck Leather x25 -> Nubuck Leather x25 (25 req/0 extra)
  - Craft via Simple Leatherworking Table Coarse Leather Band x25 -> Coarse Leather Band x500 (485 req/15 extra)
- Craft Fine Weapons Belt x97 (final)"
skill_leatherworking,19,20,,3,recipe_item_material_leather_bands,Leather Band,,193,294.5,56845.4,103.58,Rough Animal Hide-900; Limestone-425; Sapwood-425,"Leather Band x193 (final)
          - Gather Rough Animal Hide x900
            - Gather Limestone x225
            - Gather Sapwood x225
          - External craft (skill_blacksmithing) via Basic Charcoal Kiln Lime x45 -> Lime x450 (450 req/0 extra)
          - External craft (skill_building) via Water Well Water x23 -> Water x460 (450 req/10 extra)
        - Craft via Simple Tanning Rack Inferior Leather x90 -> Inferior Leather x900 (900 req/0 extra)
          - Gather Limestone x150
          - Gather Sapwood x150
        - External craft (skill_blacksmithing) via Basic Charcoal Kiln Lime x30 -> Lime x300 (300 req/0 extra)
        - External craft (skill_building) via Water Well Water x15 -> Water x300 (290 req/10 extra)
      - Craft via Tanning Rack Boiled Leather x60 -> Boiled Leather x300 (300 req/0 extra)
        - Gather Limestone x50
        - Gather Sapwood x50
      - External craft (skill_blacksmithing) via Basic Charcoal Kiln Lime x10 -> Lime x100 (100 req/0 extra)
      - External craft (skill_building) via Water Well Water x5 -> Water x100 (90 req/10 extra)
    - Craft via Tanning Rack Fine Leather x20 -> Fine Leather x200 (193 req/7 extra)
  - Craft via Leatherworking Table Medium Top Grain Leather x193 -> Medium Top Grain Leather x193 (193 req/0 extra)
- Craft Leather Band x193 (final)"
skill_blacksmithing,23,24,Prerequisite: advance skill_blacksmithing for crafting Wrought Iron Nails used in skill_building,1,recipe_item_material_wrought_iron_axe_blade,Wrought Iron Axe Head,,61,1801.1,109867.7,172.33,Impure Iron Ore-2240; Sapwood-11950,"Wrought Iron Axe Head x61 (final)
        - Gather Impure Iron Ore x1880
          - Gather Sapwood x7550
        - External craft (skill_building) via Basic Charcoal Kiln Charcoal x151 -> Charcoal x3775 (3760 req/15 extra)
      - Craft via Basic Furnace Iron Ingot x47 -> Iron Ingot x940 (930 req/10 extra)
        - Gather Sapwood x2450
      - External craft (skill_building) via Basic Charcoal Kiln Charcoal x49 -> Charcoal x1225 (1225 req/0 extra)
    - Craft via Basic Furnace Wrought Iron Ingot x31 -> Wrought Iron Ingot x620 (610 req/10 extra)
  - Craft via Forge Wrought Iron Sheet x305 -> Wrought Iron Sheet x305 (305 req/0 extra)
      - Gather Impure Iron Ore x360
        - Gather Sapwood x1450
      - External craft (skill_building) via Basic Charcoal Kiln Charcoal x29 -> Charcoal x725 (720 req/5 extra)
    - Craft via Basic Furnace Iron Ingot x9 -> Iron Ingot x180 (170 req/10 extra)
      - Gather Sapwood x500
    - External craft (skill_building) via Basic Charcoal Kiln Charcoal x10 -> Charcoal x250 (235 req/15 extra)
  - Craft via Basic Furnace Wrought Iron Ingot x6 -> Wrought Iron Ingot x120 (112 req/8 extra)
- Craft Wrought Iron Axe Head x61 (final)"
skill_blacksmithing,23,24,Prerequisite: advance skill_blacksmithing for crafting Wrought Iron Nails used in skill_building,2,recipe_item_material_wrought_iron_studs,Wrought Iron Studs,,306,353.9,103087.8,122.40,Impure Iron Ore-2360; Sapwood-12600,"Wrought Iron Studs x306 (final)
        - Gather Impure Iron Ore x2360
          - Gather Sapwood x9450
        - External craft (skill_building) via Basic Charcoal Kiln Charcoal x189 -> Charcoal x4725 (4720 req/5 extra)
      - Craft via Basic Furnace Iron Ingot x59 -> Iron Ingot x1180 (1170 req/10 extra)
        - Gather Sapwood x3150
      - External craft (skill_building) via Basic Charcoal Kiln Charcoal x63 -> Charcoal x1575 (1555 req/20 extra)
    - Craft via Basic Furnace Wrought Iron Ingot x39 -> Wrought Iron Ingot x780 (765 req/15 extra)
  - Craft via Basic Forge Wrought Iron Bar x153 -> Wrought Iron Bar x306 (306 req/0 extra)
- Craft Wrought Iron Studs x306 (final)"
skill_blacksmithing,23,24,Prerequisite: advance skill_blacksmithing for crafting Wrought Iron Nails used in skill_building,3,recipe_item_material_steel_studs,Steel Studs,,294,368.8,81337.9,154.35,Pure Iron Ore-1480; Sapwood-29600,"Steel Studs x294 (final)
      - Gather Pure Iron Ore x1480
        - Gather Sapwood x29600
      - External craft (skill_building) via Basic Charcoal Kiln Charcoal x592 -> Charcoal x14800 (14800 req/0 extra)
    - Craft via Furnace Steel Ingot x74 -> Steel Ingot x740 (735 req/5 extra)
  - Craft via Forge Steel Bar x147 -> Steel Bar x294 (294 req/0 extra)
- Craft Steel Studs x294 (final)"
skill_blacksmithing,24,25,Prerequisite: advance skill_blacksmithing for crafting Wrought Iron Sheet used in skill_armor_smithing,1,recipe_item_material_wrought_iron_axe_blade,Wrought Iron Axe Head,,74,1747.7,129331.7,209.05,Impure Iron Ore-2720; Sapwood-14500,"Wrought Iron Axe Head x74 (final)
        - Gather Impure Iron Ore x2240
          - Gather Sapwood x9000
        - External craft (skill_building) via Basic Charcoal Kiln Charcoal x180 -> Charcoal x4500 (4480 req/20 extra)
      - Craft via Basic Furnace Iron Ingot x56 -> Iron Ingot x1120 (1110 req/10 extra)
        - Gather Sapwood x2950
      - External craft (skill_building) via Basic Charcoal Kiln Charcoal x59 -> Charcoal x1475 (1460 req/15 extra)
    - Craft via Basic Furnace Wrought Iron Ingot x37 -> Wrought Iron Ingot x740 (740 req/0 extra)
  - Craft via Forge Wrought Iron Sheet x370 -> Wrought Iron Sheet x370 (370 req/0 extra)
      - Gather Impure Iron Ore x480
        - Gather Sapwood x1900
      - External craft (skill_building) via Basic Charcoal Kiln Charcoal x38 -> Charcoal x950 (945 req/5 extra)
    - Craft via Basic Furnace Iron Ingot x12 -> Iron Ingot x240 (230 req/10 extra)
      - Gather Sapwood x650
    - External craft (skill_building) via Basic Charcoal Kiln Charcoal x13 -> Charcoal x325 (315 req/10 extra)
  - Craft via Basic Furnace Wrought Iron Ingot x8 -> Wrought Iron Ingot x160 (148 req/12 extra)
- Craft Wrought Iron Axe Head x74 (final)"
skill_blacksmithing,24,25,Prerequisite: advance skill_blacksmithing for crafting Wrought Iron Sheet used in skill_armor_smithing,2,recipe_item_material_steel_studs,Steel Studs,,320,403.0,94289.1,168.00,Pure Iron Ore-1600; Sapwood-32000,"Steel Studs x320 (final)
      - Gather Pure Iron Ore x1600
        - Gather Sapwood x32000
      - External craft (skill_building) via Basic Charcoal Kiln Charcoal x640 -> Charcoal x16000 (16000 req/0 extra)
    - Craft via Furnace Steel Ingot x80 -> Steel Ingot x800 (800 req/0 extra)
  - Craft via Forge Steel Bar x160 -> Steel Bar x320 (320 req/0 extra)
- Craft Steel Studs x320 (final)"
skill_blacksmithing,24,25,Prerequisite: advance skill_blacksmithing for crafting Wrought Iron Sheet used in skill_armor_smithing,3,recipe_item_material_wrought_iron_studs,Wrought Iron Studs,,359,359.5,123504.8,143.60,Impure Iron Ore-2720; Sapwood-14500,"Wrought Iron Studs x359 (final)
        - Gather Impure Iron Ore x2720
          - Gather Sapwood x10900
        - External craft (skill_building) via Basic Charcoal Kiln Charcoal x218 -> Charcoal x5450 (5440 req/10 extra)
      - Craft via Basic Furnace Iron Ingot x68 -> Iron Ingot x1360 (1350 req/10 extra)
        - Gather Sapwood x3600
      - External craft (skill_building) via Basic Charcoal Kiln Charcoal x72 -> Charcoal x1800 (1790 req/10 extra)
    - Craft via Basic Furnace Wrought Iron Ingot x45 -> Wrought Iron Ingot x900 (900 req/0 extra)
  - Craft via Basic Forge Wrought Iron Bar x180 -> Wrought Iron Bar x360 (359 req/1 extra)
- Craft Wrought Iron Studs x359 (final)"
skill_cooking,11,12,,1,recipe_activatable_foodcooked_vegetable_stew_maxstamina_8,Springtime Stew,,53,232.9,12260.8,79.43,Penny Bun-265; Animal Fat-22; Garlic-53; Mustard-53; Red Onion-106,"Springtime Stew x53 (final)
  - Gather Red Onion x106
  - Gather Mustard x53
  - Gather Garlic x53
  - Gather Penny Bun x265
    - Gather Animal Fat x22
  - Craft via Basic Cooking Hearth Lard x11 -> Lard x55 (53 req/2 extra)
- Craft Springtime Stew x53 (final)"
skill_cooking,11,12,,2,recipe_activatable_drink_sirup_hpregen_6,Blueberry Syrup,,61,201.8,12308.3,81.54,Blueberry-305,"Blueberry Syrup x61 (final)
  - External craft (skill_building) via Water Well Water x16 -> Water x320 (305 req/15 extra)
  - Gather Blueberry x305
- Craft Blueberry Syrup x61 (final)"
skill_cooking,11,12,,3,recipe_activatable_foodcooked_vegetable_stew_maxstamina_2,Bleak Boiled Veggies,,65,188.9,12281.6,82.13,Divine Mushroom-325; Garlic-65; Mustard-65; Yellow Onion-130,"Bleak Boiled Veggies x65 (final)
  - Gather Yellow Onion x130
  - Gather Mustard x65
  - Gather Garlic x65
  - Gather Divine Mushroom x325
- Craft Bleak Boiled Veggies x65 (final)"
skill_jewelerycrafting,10,11,,1,recipe_wearable_jewellery_bracelet_poor_9,Small Silver Bracelet,,39,244.0,9514.6,15.60,Impure Iron Ore-120; Sapwood-650,"Small Silver Bracelet x39 (final)
      - Gather Impure Iron Ore x120
        - Gather Sapwood x500
      - External craft (skill_building) via Basic Charcoal Kiln Charcoal x10 -> Charcoal x250 (240 req/10 extra)
    - External craft (skill_blacksmithing) via Basic Furnace Iron Ingot x3 -> Iron Ingot x60 (60 req/0 extra)
      - Gather Sapwood x150
    - External craft (skill_building) via Basic Charcoal Kiln Charcoal x3 -> Charcoal x75 (70 req/5 extra)
  - External craft (skill_blacksmithing) via Basic Furnace Wrought Iron Ingot x2 -> Wrought Iron Ingot x40 (39 req/1 extra)
- Craft Small Silver Bracelet x39 (final)"
skill_jewelerycrafting,10,11,,2,recipe_wearable_jewellery_earring_common_3,Slender Bronze Earring,,63,151.8,9565.7,13.02,Copper Ore-140; Sapwood-450,"Slender Bronze Earring x63 (final)
    - Gather Copper Ore x140
      - Gather Sapwood x450
    - External craft (skill_building) via Basic Charcoal Kiln Charcoal x9 -> Charcoal x225 (210 req/15 extra)
  - External craft (skill_blacksmithing) via Basic Furnace Copper Ingot x7 -> Copper Ingot x70 (63 req/7 extra)
- Craft Slender Bronze Earring x63 (final)"
skill_jewelerycrafting,10,11,,3,recipe_wearable_jewellery_bracelet_common_7,Shiny Silver Bracelet,,55,174.7,9610.6,22.00,Impure Iron Ore-200; Sapwood-1050,"Shiny Silver Bracelet x55 (final)
      - Gather Impure Iron Ore x200
        - Gather Sapwood x800
      - External craft (skill_building) via Basic Charcoal Kiln Charcoal x16 -> Charcoal x400 (400 req/0 extra)
    - External craft (skill_blacksmithing) via Basic Furnace Iron Ingot x5 -> Iron Ingot x100 (90 req/10 extra)
      - Gather Sapwood x250
    - External craft (skill_building) via Basic Charcoal Kiln Charcoal x5 -> Charcoal x125 (120 req/5 extra)
  - External craft (skill_blacksmithing) via Basic Furnace Wrought Iron Ingot x3 -> Wrought Iron Ingot x60 (55 req/5 extra)
- Craft Shiny Silver Bracelet x55 (final)"
skill_winery_and_brewing,10,11,,1,recipe_crafter_wine_barrel_1,Wine Barrel,,30,318.0,9540.5,158.25,Copper Ore-420; Impure Iron Ore-40; Tin Ore-300; Sand-12000; Sapwood-16690,"Wine Barrel x30 (final)
      - Gather Copper Ore x120
        - Gather Sapwood x400
      - External craft (skill_building) via Basic Charcoal Kiln Charcoal x8 -> Charcoal x200 (180 req/20 extra)
    - External craft (skill_blacksmithing) via Basic Furnace Copper Ingot x6 -> Copper Ingot x60 (60 req/0 extra)
        - Gather Sand x12000
          - Gather Sapwood x14400
        - External craft (skill_building) via Basic Charcoal Kiln Charcoal x288 -> Charcoal x7200 (7180 req/20 extra)
      - External craft (skill_building) via Furnace Glass x240 -> Glass x2400 (2400 req/0 extra)
    - External craft (skill_blacksmithing) via Forge Vial x120 -> Vial x600 (600 req/0 extra)
        - Gather Tin Ore x300
        - Gather Copper Ore x300
        - Gather Sapwood x1500
      - External craft (skill_blacksmithing) via Basic Furnace Bronze Ingot x15 -> Bronze Ingot x300 (300 req/0 extra)
    - External craft (skill_blacksmithing) via Basic Forge Bronze Sheet x150 -> Bronze Sheet x150 (150 req/0 extra)
  - Craft via Basic Cooking Workbench Barrel Pieces x30 -> Barrel Pieces x30 (30 req/0 extra)
    - Gather Sapwood x240
  - External craft (skill_building) via Wood Chopping Block Plank x24 -> Plank x240 (240 req/0 extra)
        - Gather Impure Iron Ore x40
          - Gather Sapwood x150
        - External craft (skill_building) via Basic Charcoal Kiln Charcoal x3 -> Charcoal x75 (60 req/15 extra)
      - External craft (skill_blacksmithing) via Basic Furnace Iron Ingot x1 -> Iron Ingot x20 (15 req/5 extra)
    - External craft (skill_blacksmithing) via Basic Forge Iron Bar x3 -> Iron Bar x6 (6 req/0 extra)
  - External craft (skill_blacksmithing) via Basic Forge Iron Nails x6 -> Iron Nails x300 (300 req/0 extra)
- Craft Wine Barrel x30 (final)"
skill_winery_and_brewing,10,11,,2,recipe_activatable_drink_cider_maxstamina_34,Autumn Heat,,61,155.9,9508.8,172.96,Blackberry-305,"Autumn Heat x61 (final)
  - Gather Blackberry x305
  - External craft (skill_building) via Water Well Water x16 -> Water x320 (305 req/15 extra)
  - External craft (skill_cooking) via Basic Beehive Honey x61 -> Honey x305 (305 req/0 extra)
- Craft Autumn Heat x61 (final)"
skill_winery_and_brewing,10,11,,3,recipe_activatable_drink_cider_resistancebuff_11,Farmhouse Cider,,54,174.9,9442.1,193.05,Blueberry-110,"Farmhouse Cider x54 (final)
    - External craft (skill_building) via Water Well Water x6 -> Water x120 (110 req/10 extra)
    - Gather Blueberry x110
  - External craft (skill_cooking) via Basic Cooking Workbench Blueberry Syrup x22 -> Blueberry Syrup x110 (108 req/2 extra)
  - External craft (skill_building) via Water Well Water x13 -> Water x260 (260 req/0 extra)
  - External craft (skill_cooking) via Basic Beehive Honey x54 -> Honey x270 (270 req/0 extra)
- Craft Farmhouse Cider x54 (final)"
skill_alchemy,12,13,,1,recipe_activatable_potion_hp_regeneration_very_small_21,Weak Healing Potion III,,67,229.6,15379.9,235.23,Tansy-70; Sand-4040; Sapwood-4100,"Weak Healing Potion III x67 (final)
    - Gather Tansy x70
      - Gather Sapwood x100
    - External craft (skill_building) via Basic Charcoal Kiln Charcoal x2 -> Charcoal x50 (28 req/22 extra)
    - External craft (skill_building) via Water Well Water x4 -> Water x80 (70 req/10 extra)
  - Craft via Basic Reagent Distiller Tansy Extract x14 -> Tansy Extract x140 (134 req/6 extra)
  - External craft (skill_building) via Water Well Water x23 -> Water x460 (459 req/1 extra)
      - Gather Sand x4040
        - Gather Sapwood x4000
      - External craft (skill_building) via Basic Charcoal Kiln Charcoal x80 -> Charcoal x2000 (1998 req/2 extra)
    - External craft (skill_building) via Basic Furnace Rough Glass x101 -> Rough Glass x1010 (1005 req/5 extra)
  - External craft (skill_blacksmithing) via Basic Forge Small Vial x67 -> Small Vial x335 (335 req/0 extra)
- Craft Weak Healing Potion III x67 (final)"
skill_alchemy,12,13,,2,recipe_activatable_potion_hp_potion_very_small_20,Weak Health Tonic III,,67,229.6,15379.9,236.34,Lavender-70; Sand-4040; Sapwood-4100,"Weak Health Tonic III x67 (final)
    - Gather Lavender x70
      - Gather Sapwood x100
    - External craft (skill_building) via Basic Charcoal Kiln Charcoal x2 -> Charcoal x50 (28 req/22 extra)
    - External craft (skill_building) via Water Well Water x4 -> Water x80 (70 req/10 extra)
  - Craft via Basic Reagent Distiller Lavender Extract x14 -> Lavender Extract x140 (134 req/6 extra)
  - External craft (skill_building) via Water Well Water x23 -> Water x460 (459 req/1 extra)
      - Gather Sand x4040
        - Gather Sapwood x4000
      - External craft (skill_building) via Basic Charcoal Kiln Charcoal x80 -> Charcoal x2000 (1998 req/2 extra)
    - External craft (skill_building) via Basic Furnace Rough Glass x101 -> Rough Glass x1010 (1005 req/5 extra)
  - External craft (skill_blacksmithing) via Basic Forge Small Vial x67 -> Small Vial x335 (335 req/0 extra)
- Craft Weak Health Tonic III x67 (final)"
skill_alchemy,12,13,,3,recipe_activatable_potion_arcance_resistance_very_small_23,Poison Resistance I,,69,223.3,15410.8,244.55,Amanita Regalis-70; Sand-4160; Sapwood-4250,"Poison Resistance I x69 (final)
    - Gather Amanita Regalis x70
      - Gather Sapwood x100
    - External craft (skill_building) via Basic Charcoal Kiln Charcoal x2 -> Charcoal x50 (28 req/22 extra)
    - External craft (skill_building) via Water Well Water x4 -> Water x80 (70 req/10 extra)
  - Craft via Basic Reagent Distiller Amanita Regalis Extract x14 -> Amanita Regalis Extract x140 (138 req/2 extra)
  - External craft (skill_building) via Water Well Water x24 -> Water x480 (473 req/7 extra)
      - Gather Sand x4160
        - Gather Sapwood x4150
      - External craft (skill_building) via Basic Charcoal Kiln Charcoal x83 -> Charcoal x2075 (2058 req/17 extra)
    - External craft (skill_building) via Basic Furnace Rough Glass x104 -> Rough Glass x1040 (1035 req/5 extra)
  - External craft (skill_blacksmithing) via Basic Forge Small Vial x69 -> Small Vial x345 (345 req/0 extra)
- Craft Poison Resistance I x69 (final)"
skill_baking,13,14,,1,recipe_activatable_foodcooked_bread_hpregen_20,Barley and Rye Bread,,81,232.1,18802.4,81.47,Suet-66; Barley Grain-40; Rye Grain-182,"Barley and Rye Bread x81 (final)
      - Gather Barley Grain x40
    - Craft via Millstone Barley Flour x2 -> Barley Flour x40 (34 req/6 extra)
      - External craft (skill_building) via Water Well Water x1 -> Water x20 (20 req/0 extra)
        - Gather Rye Grain x20
      - Craft via Millstone Rye Flour x1 -> Rye Flour x20 (20 req/0 extra)
    - Craft via Basic Fermenter Yeast x1 -> Yeast x20 (17 req/3 extra)
    - External craft (skill_building) via Water Well Water x5 -> Water x100 (85 req/15 extra)
  - Craft via Basic Cooking Workbench Barley Dough x17 -> Barley Dough x85 (81 req/4 extra)
  - Gather Rye Grain x162
    - Gather Suet x66
  - External craft (skill_cooking) via Basic Cooking Hearth Tallow x33 -> Tallow x165 (162 req/3 extra)
- Craft Barley and Rye Bread x81 (final)"
skill_baking,13,14,,2,recipe_activatable_foodcooked_pastry_staminaregen_22,Trail Pie,,89,211.3,18802.0,437.58,Animal Fat-356; Barley Grain-360; Rye Grain-180,"Trail Pie x89 (final)
      - Gather Barley Grain x360
    - Craft via Millstone Barley Flour x18 -> Barley Flour x360 (356 req/4 extra)
      - External craft (skill_building) via Water Well Water x9 -> Water x180 (180 req/0 extra)
        - Gather Rye Grain x180
      - Craft via Millstone Rye Flour x9 -> Rye Flour x180 (180 req/0 extra)
    - Craft via Basic Fermenter Yeast x9 -> Yeast x180 (178 req/2 extra)
    - External craft (skill_building) via Water Well Water x45 -> Water x900 (890 req/10 extra)
  - Craft via Basic Cooking Workbench Barley Dough x178 -> Barley Dough x890 (890 req/0 extra)
    - Gather Animal Fat x356
  - External craft (skill_cooking) via Basic Cooking Hearth Lard x178 -> Lard x890 (890 req/0 extra)
- Craft Trail Pie x89 (final)"
skill_baking,13,14,,3,recipe_activatable_foodcooked_bread_maxhp_7,Barley Bread,,2350,8.0,18800.0,1155.42,Animal Fat-940; Barley Grain-940; Rye Grain-480,"Barley Bread x2350 (final)
      - Gather Barley Grain x940
    - Craft via Millstone Barley Flour x47 -> Barley Flour x940 (940 req/0 extra)
      - External craft (skill_building) via Water Well Water x24 -> Water x480 (480 req/0 extra)
        - Gather Rye Grain x480
      - Craft via Millstone Rye Flour x24 -> Rye Flour x480 (480 req/0 extra)
    - Craft via Basic Fermenter Yeast x24 -> Yeast x480 (470 req/10 extra)
    - External craft (skill_building) via Water Well Water x118 -> Water x2360 (2350 req/10 extra)
  - Craft via Basic Cooking Workbench Barley Dough x470 -> Barley Dough x2350 (2350 req/0 extra)
    - Gather Animal Fat x940
  - External craft (skill_cooking) via Basic Cooking Hearth Lard x470 -> Lard x2350 (2350 req/0 extra)
- Craft Barley Bread x2350 (final)"
skill_weapon_smithing,13,14,,1,recipe_wieldable_tool_woodcutting_axe_t2_common,Iron Chopping Axe,,84,224.0,18813.8,80.43,Rough Animal Hide-10; Impure Iron Ore-2040; Sapwood-8370,"Iron Chopping Axe x84 (final)
    - Gather Sapwood x170
  - External craft (skill_building) via Wood Chopping Block Long Wood Stock x34 -> Long Wood Stock x170 (168 req/2 extra)
        - Gather Impure Iron Ore x1680
          - Gather Sapwood x6750
        - External craft (skill_building) via Basic Charcoal Kiln Charcoal x135 -> Charcoal x3375 (3360 req/15 extra)
      - External craft (skill_blacksmithing) via Basic Furnace Iron Ingot x42 -> Iron Ingot x840 (840 req/0 extra)
    - External craft (skill_blacksmithing) via Basic Forge Iron Sheet x420 -> Iron Sheet x420 (420 req/0 extra)
      - Gather Impure Iron Ore x360
        - Gather Sapwood x1450
      - External craft (skill_building) via Basic Charcoal Kiln Charcoal x29 -> Charcoal x725 (705 req/20 extra)
    - External craft (skill_blacksmithing) via Basic Furnace Iron Ingot x9 -> Iron Ingot x180 (168 req/12 extra)
  - External craft (skill_blacksmithing) via Basic Forge Iron Axe Head x84 -> Iron Axe Head x84 (84 req/0 extra)
        - Gather Rough Animal Hide x10
      - External craft (skill_leatherworking) via Simple Tanning Rack Rawhide x1 -> Rawhide x10 (5 req/5 extra)
    - External craft (skill_leatherworking) via Simple Leatherworking Table Nubuck Leather x5 -> Nubuck Leather x5 (5 req/0 extra)
  - External craft (skill_leatherworking) via Simple Leatherworking Table Coarse Leather Band x5 -> Coarse Leather Band x100 (84 req/16 extra)
- Craft Iron Chopping Axe x84 (final)"
skill_weapon_smithing,13,14,,2,recipe_wieldable_tool_skinning_knife_t2_common,Iron Skinning Knife,,77,244.3,18814.6,96.64,Rough Animal Hide-10; Impure Iron Ore-1080; Sapwood-4430,"Iron Skinning Knife x77 (final)
        - Gather Impure Iron Ore x800
          - Gather Sapwood x3200
        - External craft (skill_building) via Basic Charcoal Kiln Charcoal x64 -> Charcoal x1600 (1600 req/0 extra)
      - External craft (skill_blacksmithing) via Basic Furnace Iron Ingot x20 -> Iron Ingot x400 (385 req/15 extra)
    - External craft (skill_blacksmithing) via Basic Forge Iron Bar x77 -> Iron Bar x154 (154 req/0 extra)
  - External craft (skill_blacksmithing) via Basic Forge Iron Knife Blade x77 -> Iron Knife Blade x77 (77 req/0 extra)
    - Gather Sapwood x80
  - External craft (skill_building) via Wood Chopping Block Long Wood Stock x16 -> Long Wood Stock x80 (77 req/3 extra)
      - Gather Impure Iron Ore x280
        - Gather Sapwood x1150
      - External craft (skill_building) via Basic Charcoal Kiln Charcoal x23 -> Charcoal x575 (560 req/15 extra)
    - External craft (skill_blacksmithing) via Basic Furnace Iron Ingot x7 -> Iron Ingot x140 (139 req/1 extra)
  - External craft (skill_blacksmithing) via Basic Forge Iron Sheet x77 -> Iron Sheet x77 (77 req/0 extra)
        - Gather Rough Animal Hide x10
      - External craft (skill_leatherworking) via Simple Tanning Rack Rawhide x1 -> Rawhide x10 (8 req/2 extra)
    - External craft (skill_leatherworking) via Simple Leatherworking Table Nubuck Leather x8 -> Nubuck Leather x8 (8 req/0 extra)
  - External craft (skill_leatherworking) via Simple Leatherworking Table Coarse Leather Band x8 -> Coarse Leather Band x160 (154 req/6 extra)
- Craft Iron Skinning Knife x77 (final)"
skill_weapon_smithing,13,14,,3,recipe_wieldable_sword_1h_0_t2_rare,Warded Iron Broadsword,,31,620.3,19230.0,190.59,Rough Animal Hide-20; Copper Ore-320; Impure Iron Ore-1240; Tin Ore-320; Sapwood-6600; Worn Out Locket-372; Talisman of the Enigma-31,"Warded Iron Broadsword x31 (final)
  - Gather Worn Out Locket x372
  - Gather Talisman of the Enigma x31
        - Gather Impure Iron Ore x800
          - Gather Sapwood x3200
        - External craft (skill_building) via Basic Charcoal Kiln Charcoal x64 -> Charcoal x1600 (1600 req/0 extra)
      - External craft (skill_blacksmithing) via Basic Furnace Iron Ingot x20 -> Iron Ingot x400 (390 req/10 extra)
    - External craft (skill_blacksmithing) via Basic Forge Iron Bar x78 -> Iron Bar x156 (155 req/1 extra)
  - External craft (skill_blacksmithing) via Basic Forge Iron Sword Blade x31 -> Iron Sword Blade x31 (31 req/0 extra)
        - Gather Impure Iron Ore x160
          - Gather Sapwood x650
        - External craft (skill_building) via Basic Charcoal Kiln Charcoal x13 -> Charcoal x325 (320 req/5 extra)
      - External craft (skill_blacksmithing) via Basic Furnace Iron Ingot x4 -> Iron Ingot x80 (65 req/15 extra)
    - External craft (skill_blacksmithing) via Basic Forge Iron Bar x15 -> Iron Bar x30 (30 req/0 extra)
          - Gather Tin Ore x320
          - Gather Copper Ore x320
          - Gather Sapwood x1600
        - External craft (skill_blacksmithing) via Basic Furnace Bronze Ingot x16 -> Bronze Ingot x320 (310 req/10 extra)
      - External craft (skill_blacksmithing) via Basic Forge Bronze Bar x62 -> Bronze Bar x62 (62 req/0 extra)
    - External craft (skill_blacksmithing) via Basic Forge Bronze Spike x31 -> Bronze Spike x31 (31 req/0 extra)
          - Gather Rough Animal Hide x10
        - External craft (skill_leatherworking) via Simple Tanning Rack Rawhide x1 -> Rawhide x10 (8 req/2 extra)
      - External craft (skill_leatherworking) via Simple Leatherworking Table Nubuck Leather x8 -> Nubuck Leather x8 (8 req/0 extra)
    - External craft (skill_leatherworking) via Simple Leatherworking Table Coarse Leather Band x8 -> Coarse Leather Band x160 (155 req/5 extra)
  - External craft (skill_blacksmithing) via Basic Forge Sword Hilt x31 -> Sword Hilt x31 (31 req/0 extra)
      - Gather Impure Iron Ore x280
        - Gather Sapwood x1150
      - External craft (skill_building) via Basic Charcoal Kiln Charcoal x23 -> Charcoal x575 (555 req/20 extra)
    - External craft (skill_blacksmithing) via Basic Furnace Iron Ingot x7 -> Iron Ingot x140 (140 req/0 extra)
  - External craft (skill_blacksmithing) via Basic Forge Iron Bar x31 -> Iron Bar x62 (62 req/0 extra)
        - Gather Rough Animal Hide x10
      - External craft (skill_leatherworking) via Simple Tanning Rack Rawhide x1 -> Rawhide x10 (6 req/4 extra)
    - External craft (skill_leatherworking) via Simple Leatherworking Table Nubuck Leather x8 -> Nubuck Leather x8 (8 req/0 extra)
  - External craft (skill_leatherworking) via Simple Leatherworking Table Coarse Leather Band x8 -> Coarse Leather Band x160 (150 req/10 extra)
- Craft Warded Iron Broadsword x31 (final)"
skill_fletching,14,15,,1,recipe_wieldable_bow_2h_0_t2_rare,Warded Longbow,,35,643.8,22533.3,234.14,Boar Sinew-175; Rough Animal Hide-20; Sapwood-105; Resin-245; Token of the Whisper-35; Furry Collarstone-420,"Warded Longbow x35 (final)
  - Gather Furry Collarstone x420
  - Gather Token of the Whisper x35
      - Gather Sapwood x105
    - External craft (skill_building) via Wood Chopping Block Long Wood Stock x21 -> Long Wood Stock x105 (105 req/0 extra)
    - Gather Resin x245
    - External craft (skill_cooking) via Basic Beehive Beeswax x70 -> Beeswax x350 (350 req/0 extra)
  - Craft via Basic Fletching Table Rough Bow Stave x35 -> Rough Bow Stave x35 (35 req/0 extra)
  - Gather Boar Sinew x175
        - Gather Rough Animal Hide x20
      - External craft (skill_leatherworking) via Simple Tanning Rack Rawhide x2 -> Rawhide x20 (18 req/2 extra)
    - External craft (skill_leatherworking) via Simple Leatherworking Table Nubuck Leather x18 -> Nubuck Leather x18 (18 req/0 extra)
  - External craft (skill_leatherworking) via Simple Leatherworking Table Coarse Leather Band x18 -> Coarse Leather Band x360 (350 req/10 extra)
- Craft Warded Longbow x35 (final)"
skill_fletching,14,15,,2,recipe_crafter_fletching_workbench_2,Fletching Table,,60,376.1,22563.7,300.75,Suet-1200; Heartwood-840; Rough Animal Hide-120; Impure Iron Ore-680; Flax Seeds-3000; Limestone-30; Sapwood-2780,"Fletching Table x60 (final)
        - Gather Rough Animal Hide x120
          - Gather Limestone x30
          - Gather Sapwood x30
        - External craft (skill_blacksmithing) via Basic Charcoal Kiln Lime x6 -> Lime x60 (60 req/0 extra)
        - External craft (skill_building) via Water Well Water x3 -> Water x60 (60 req/0 extra)
      - External craft (skill_leatherworking) via Simple Tanning Rack Inferior Leather x12 -> Inferior Leather x120 (120 req/0 extra)
    - External craft (skill_leatherworking) via Leatherworking Table Heavy Top Grain Leather x120 -> Heavy Top Grain Leather x120 (120 req/0 extra)
          - Gather Impure Iron Ore x600
            - Gather Sapwood x2400
          - External craft (skill_building) via Basic Charcoal Kiln Charcoal x48 -> Charcoal x1200 (1200 req/0 extra)
        - External craft (skill_blacksmithing) via Basic Furnace Iron Ingot x15 -> Iron Ingot x300 (300 req/0 extra)
      - External craft (skill_blacksmithing) via Basic Forge Iron Bar x60 -> Iron Bar x120 (120 req/0 extra)
    - External craft (skill_blacksmithing) via Basic Forge Iron Knife Blade x60 -> Iron Knife Blade x60 (60 req/0 extra)
          - Gather Impure Iron Ore x80
            - Gather Sapwood x350
          - External craft (skill_building) via Basic Charcoal Kiln Charcoal x7 -> Charcoal x175 (160 req/15 extra)
        - External craft (skill_blacksmithing) via Basic Furnace Iron Ingot x2 -> Iron Ingot x40 (30 req/10 extra)
      - External craft (skill_blacksmithing) via Basic Forge Iron Bar x6 -> Iron Bar x12 (12 req/0 extra)
    - External craft (skill_blacksmithing) via Basic Forge Iron Nails x12 -> Iron Nails x600 (600 req/0 extra)
      - Gather Flax Seeds x3000
        - Gather Suet x1200
      - External craft (skill_cooking) via Basic Cooking Hearth Tallow x600 -> Tallow x3000 (3000 req/0 extra)
    - External craft (skill_leatherworking) via Leatherworking Table Linseed Oil x300 -> Linseed Oil x300 (300 req/0 extra)
  - Craft via Basic Fletching Table Fletching Tools x60 -> Fletching Tools x60 (60 req/0 extra)
    - Gather Heartwood x480
  - External craft (skill_building) via Wood Chopping Block Fine Wood Beam x48 -> Fine Wood Beam x240 (240 req/0 extra)
    - Gather Heartwood x360
  - External craft (skill_building) via Wood Chopping Block Fine Wooden Plank x36 -> Fine Wooden Plank x360 (360 req/0 extra)
- Craft Fletching Table x60 (final)"
skill_fletching,14,15,,3,recipe_wieldable_bow_2h_0_t2_uncommon,Attuned Longbow,,73,307.5,22445.2,439.75,Boar Sinew-365; Rough Animal Hide-40; Sapwood-220; Resin-511; Furry Collarstone-876,"Attuned Longbow x73 (final)
  - Gather Furry Collarstone x876
      - Gather Sapwood x220
    - External craft (skill_building) via Wood Chopping Block Long Wood Stock x44 -> Long Wood Stock x220 (219 req/1 extra)
    - Gather Resin x511
    - External craft (skill_cooking) via Basic Beehive Beeswax x146 -> Beeswax x730 (730 req/0 extra)
  - Craft via Basic Fletching Table Rough Bow Stave x73 -> Rough Bow Stave x73 (73 req/0 extra)
  - Gather Boar Sinew x365
        - Gather Rough Animal Hide x40
      - External craft (skill_leatherworking) via Simple Tanning Rack Rawhide x4 -> Rawhide x40 (37 req/3 extra)
    - External craft (skill_leatherworking) via Simple Leatherworking Table Nubuck Leather x37 -> Nubuck Leather x37 (37 req/0 extra)
  - External craft (skill_leatherworking) via Simple Leatherworking Table Coarse Leather Band x37 -> Coarse Leather Band x740 (730 req/10 extra)
- Craft Attuned Longbow x73 (final)"
skill_charcuterie,15,16,,1,recipe_basic_butchered_wolf,Parted Chamois,,122,227.7,27782.6,14.82,Chamois Carcass-122,"Parted Chamois x122 (final)
  - Gather Chamois Carcass x122
- Craft Parted Chamois x122 (final)"
skill_charcuterie,15,16,,2,recipe_rough-cut_wolf,Poorly Parted Chamois,,131,212.1,27789.5,15.92,Chamois Carcass-131,"Poorly Parted Chamois x131 (final)
  - Gather Chamois Carcass x131
- Craft Poorly Parted Chamois x131 (final)"
skill_charcuterie,15,16,,3,recipe_basic_butchered_bear,Parted Bear,,131,212.1,27789.5,16.70,Bear Carcass-131,"Parted Bear x131 (final)
  - Gather Bear Carcass x131
- Craft Parted Bear x131 (final)"
skill_blacksmithing,25,26,Prerequisite: advance skill_blacksmithing for crafting Silver Ingot used in skill_tailoring,1,recipe_item_material_steel_studs,Steel Studs,,337,447.0,107159.7,176.93,Pure Iron Ore-1700; Sapwood-34000,"Steel Studs x337 (final)
      - Gather Pure Iron Ore x1700
        - Gather Sapwood x34000
      - External craft (skill_building) via Basic Charcoal Kiln Charcoal x680 -> Charcoal x17000 (17000 req/0 extra)
    - Craft via Furnace Steel Ingot x85 -> Steel Ingot x850 (845 req/5 extra)
  - Craft via Forge Steel Bar x169 -> Steel Bar x338 (337 req/1 extra)
- Craft Steel Studs x337 (final)"
skill_blacksmithing,25,26,Prerequisite: advance skill_blacksmithing for crafting Silver Ingot used in skill_tailoring,2,recipe_item_material_steel_sword_blade,Steel Sword Blade,,154,978.6,130777.0,404.25,Pure Iron Ore-3860; Sapwood-77200,"Steel Sword Blade x154 (final)
      - Gather Pure Iron Ore x3860
        - Gather Sapwood x77200
      - External craft (skill_building) via Basic Charcoal Kiln Charcoal x1544 -> Charcoal x38600 (38600 req/0 extra)
    - Craft via Furnace Steel Ingot x193 -> Steel Ingot x1930 (1925 req/5 extra)
  - Craft via Forge Steel Bar x385 -> Steel Bar x770 (770 req/0 extra)
- Craft Steel Sword Blade x154 (final)"
skill_blacksmithing,25,26,Prerequisite: advance skill_blacksmithing for crafting Silver Ingot used in skill_tailoring,3,recipe_item_material_steel_spike,Steel Spike,,158,956.5,130682.9,414.75,Pure Iron Ore-3960; Sapwood-79200,"Steel Spike x158 (final)
      - Gather Pure Iron Ore x3960
        - Gather Sapwood x79200
      - External craft (skill_building) via Basic Charcoal Kiln Charcoal x1584 -> Charcoal x39600 (39600 req/0 extra)
    - Craft via Furnace Steel Ingot x198 -> Steel Ingot x1980 (1975 req/5 extra)
  - Craft via Forge Steel Bar x395 -> Steel Bar x790 (790 req/0 extra)
- Craft Steel Spike x158 (final)"
skill_blacksmithing,26,27,,1,recipe_item_material_steel_studs,Steel Studs,,353,496.9,121393.2,185.33,Pure Iron Ore-1780; Sapwood-35600,"Steel Studs x353 (final)
      - Gather Pure Iron Ore x1780
        - Gather Sapwood x35600
      - External craft (skill_building) via Basic Charcoal Kiln Charcoal x712 -> Charcoal x17800 (17800 req/0 extra)
    - Craft via Furnace Steel Ingot x89 -> Steel Ingot x890 (885 req/5 extra)
  - Craft via Forge Steel Bar x177 -> Steel Bar x354 (353 req/1 extra)
- Craft Steel Studs x353 (final)"
skill_blacksmithing,26,27,,2,recipe_item_material_steel_sword_blade,Steel Sword Blade,,152,1158.3,152735.9,399.00,Pure Iron Ore-3800; Sapwood-76000,"Steel Sword Blade x152 (final)
      - Gather Pure Iron Ore x3800
        - Gather Sapwood x76000
      - External craft (skill_building) via Basic Charcoal Kiln Charcoal x1520 -> Charcoal x38000 (38000 req/0 extra)
    - Craft via Furnace Steel Ingot x190 -> Steel Ingot x1900 (1900 req/0 extra)
  - Craft via Forge Steel Bar x380 -> Steel Bar x760 (760 req/0 extra)
- Craft Steel Sword Blade x152 (final)"
skill_blacksmithing,26,27,,3,recipe_item_material_steel_spike,Steel Spike,,158,1111.6,151382.3,414.75,Pure Iron Ore-3960; Sapwood-79200,"Steel Spike x158 (final)
      - Gather Pure Iron Ore x3960
        - Gather Sapwood x79200
      - External craft (skill_building) via Basic Charcoal Kiln Charcoal x1584 -> Charcoal x39600 (39600 req/0 extra)
    - Craft via Furnace Steel Ingot x198 -> Steel Ingot x1980 (1975 req/5 extra)
  - Craft via Forge Steel Bar x395 -> Steel Bar x790 (790 req/0 extra)
- Craft Steel Spike x158 (final)"
skill_leatherworking,20,21,,1,recipe_wearable_leather_arms_pilgrim_0_t3_common,Pilgrim's Bracers III,,54,1261.6,59860.0,152.42,Animal Hoof-710; Suet-216; Bone Fragments-54; Rough Animal Hide-470; Copper Ore-60; Tin Ore-60; Flax Fiber-6090; Flax Seeds-540; Limestone-175; Sapwood-475,"Pilgrim's Bracers III x54 (final)
      - Gather Rough Animal Hide x330
        - Gather Limestone x85
        - Gather Sapwood x85
      - External craft (skill_blacksmithing) via Basic Charcoal Kiln Lime x17 -> Lime x170 (165 req/5 extra)
      - External craft (skill_building) via Water Well Water x9 -> Water x180 (165 req/15 extra)
    - Craft via Simple Tanning Rack Inferior Leather x33 -> Inferior Leather x330 (330 req/0 extra)
      - Gather Limestone x55
      - Gather Sapwood x55
    - External craft (skill_blacksmithing) via Basic Charcoal Kiln Lime x11 -> Lime x110 (105 req/5 extra)
    - External craft (skill_building) via Water Well Water x5 -> Water x100 (95 req/5 extra)
  - Craft via Tanning Rack Boiled Leather x22 -> Boiled Leather x110 (108 req/2 extra)
        - Gather Rough Animal Hide x110
          - Gather Limestone x25
          - Gather Sapwood x25
        - External craft (skill_blacksmithing) via Basic Charcoal Kiln Lime x5 -> Lime x50 (50 req/0 extra)
        - External craft (skill_building) via Water Well Water x3 -> Water x60 (50 req/10 extra)
      - Craft via Simple Tanning Rack Inferior Leather x11 -> Inferior Leather x110 (108 req/2 extra)
    - Craft via Leatherworking Table Heavy Top Grain Leather x108 -> Heavy Top Grain Leather x108 (108 req/0 extra)
          - Gather Tin Ore x60
          - Gather Copper Ore x60
          - Gather Sapwood x300
        - External craft (skill_blacksmithing) via Basic Furnace Bronze Ingot x3 -> Bronze Ingot x60 (50 req/10 extra)
      - External craft (skill_blacksmithing) via Basic Forge Bronze Sheet x25 -> Bronze Sheet x25 (25 req/0 extra)
    - External craft (skill_blacksmithing) via Basic Forge Bronze Buckle x5 -> Bronze Buckle x125 (108 req/17 extra)
      - Gather Animal Hoof x440
      - External craft (skill_building) via Water Well Water x4 -> Water x80 (78 req/2 extra)
    - Craft via Simple Leatherworking Table Glue x44 -> Glue x220 (216 req/4 extra)
  - Craft via Leatherworking Table Leather Straps x108 -> Leather Straps x108 (108 req/0 extra)
        - Gather Rough Animal Hide x30
          - Gather Limestone x10
          - Gather Sapwood x10
        - External craft (skill_blacksmithing) via Basic Charcoal Kiln Lime x2 -> Lime x20 (15 req/5 extra)
        - External craft (skill_building) via Water Well Water x1 -> Water x20 (13 req/7 extra)
      - Craft via Simple Tanning Rack Inferior Leather x3 -> Inferior Leather x30 (25 req/5 extra)
    - Craft via Leatherworking Table Heavy Top Grain Leather x27 -> Heavy Top Grain Leather x27 (27 req/0 extra)
      - Gather Animal Hoof x270
      - External craft (skill_building) via Water Well Water x3 -> Water x60 (47 req/13 extra)
    - Craft via Simple Leatherworking Table Glue x27 -> Glue x135 (131 req/4 extra)
  - Craft via Leatherworking Table Leather Pads x27 -> Leather Pads x54 (54 req/0 extra)
        - Gather Flax Fiber x5280
      - External craft (skill_tailoring) via Spinning Wheel Linen String x176 -> Linen String x1760 (1760 req/0 extra)
    - External craft (skill_tailoring) via Simple Loom Linen Cloth x44 -> Linen Cloth x220 (216 req/4 extra)
      - Gather Flax Fiber x810
    - External craft (skill_tailoring) via Spinning Wheel Linen String x27 -> Linen String x270 (270 req/0 extra)
      - Gather Bone Fragments x54
    - External craft (skill_tailoring) via Simple Tailoring Table Sewing Needles x27 -> Sewing Needles x270 (270 req/0 extra)
  - External craft (skill_tailoring) via Simple Tailoring Table Stuffed Linen Padding x54 -> Stuffed Linen Padding x54 (54 req/0 extra)
    - Gather Flax Seeds x540
      - Gather Suet x216
    - External craft (skill_cooking) via Basic Cooking Hearth Tallow x108 -> Tallow x540 (540 req/0 extra)
  - Craft via Leatherworking Table Linseed Oil x54 -> Linseed Oil x54 (54 req/0 extra)
- Craft Pilgrim's Bracers III x54 (final)"
skill_leatherworking,20,21,,2,recipe_item_material_leather_weapons_belt_fine,Fine Weapons Belt,,106,634.3,67238.0,157.59,Animal Hoof-430; Rough Animal Hide-140; Copper Ore-60; Tin Ore-60; Limestone-30; Sapwood-330,"Fine Weapons Belt x106 (final)
        - Gather Rough Animal Hide x110
          - Gather Limestone x30
          - Gather Sapwood x30
        - External craft (skill_blacksmithing) via Basic Charcoal Kiln Lime x6 -> Lime x60 (55 req/5 extra)
        - External craft (skill_building) via Water Well Water x3 -> Water x60 (55 req/5 extra)
      - Craft via Simple Tanning Rack Inferior Leather x11 -> Inferior Leather x110 (106 req/4 extra)
    - Craft via Leatherworking Table Heavy Top Grain Leather x106 -> Heavy Top Grain Leather x106 (106 req/0 extra)
          - Gather Tin Ore x60
          - Gather Copper Ore x60
          - Gather Sapwood x300
        - External craft (skill_blacksmithing) via Basic Furnace Bronze Ingot x3 -> Bronze Ingot x60 (50 req/10 extra)
      - External craft (skill_blacksmithing) via Basic Forge Bronze Sheet x25 -> Bronze Sheet x25 (25 req/0 extra)
    - External craft (skill_blacksmithing) via Basic Forge Bronze Buckle x5 -> Bronze Buckle x125 (106 req/19 extra)
      - Gather Animal Hoof x430
      - External craft (skill_building) via Water Well Water x5 -> Water x100 (81 req/19 extra)
    - Craft via Simple Leatherworking Table Glue x43 -> Glue x215 (212 req/3 extra)
  - Craft via Leatherworking Table Leather Straps x106 -> Leather Straps x106 (106 req/0 extra)
        - Gather Rough Animal Hide x30
      - Craft via Simple Tanning Rack Rawhide x3 -> Rawhide x30 (27 req/3 extra)
    - Craft via Simple Leatherworking Table Nubuck Leather x27 -> Nubuck Leather x27 (27 req/0 extra)
  - Craft via Simple Leatherworking Table Coarse Leather Band x27 -> Coarse Leather Band x540 (530 req/10 extra)
- Craft Fine Weapons Belt x106 (final)"
skill_leatherworking,20,21,,3,recipe_item_material_leather_bands,Leather Band,,220,304.8,67065.3,118.07,Rough Animal Hide-990; Limestone-470; Sapwood-470,"Leather Band x220 (final)
          - Gather Rough Animal Hide x990
            - Gather Limestone x250
            - Gather Sapwood x250
          - External craft (skill_blacksmithing) via Basic Charcoal Kiln Lime x50 -> Lime x500 (495 req/5 extra)
          - External craft (skill_building) via Water Well Water x25 -> Water x500 (495 req/5 extra)
        - Craft via Simple Tanning Rack Inferior Leather x99 -> Inferior Leather x990 (990 req/0 extra)
          - Gather Limestone x165
          - Gather Sapwood x165
        - External craft (skill_blacksmithing) via Basic Charcoal Kiln Lime x33 -> Lime x330 (325 req/5 extra)
        - External craft (skill_building) via Water Well Water x17 -> Water x340 (325 req/15 extra)
      - Craft via Tanning Rack Boiled Leather x66 -> Boiled Leather x330 (330 req/0 extra)
        - Gather Limestone x55
        - Gather Sapwood x55
      - External craft (skill_blacksmithing) via Basic Charcoal Kiln Lime x11 -> Lime x110 (105 req/5 extra)
      - External craft (skill_building) via Water Well Water x5 -> Water x100 (95 req/5 extra)
    - Craft via Tanning Rack Fine Leather x22 -> Fine Leather x220 (220 req/0 extra)
  - Craft via Leatherworking Table Medium Top Grain Leather x220 -> Medium Top Grain Leather x220 (220 req/0 extra)
- Craft Leather Band x220 (final)"
skill_building,20,21,,1,recipe_building_prop_door_double_painted,Elegant Wooden Double Door,,28,433.0,11441.5,14.70,Heartwood-900; Impure Iron Ore-1040; Sapwood-5200,"Elegant Wooden Double Door x28 (final)
      - Gather Heartwood x900
    - Craft via Wood Chopping Block Fine Wooden Plank x90 -> Fine Wooden Plank x900 (896 req/4 extra)
            - Gather Impure Iron Ore x240
              - Gather Sapwood x1000
            - Craft via Basic Charcoal Kiln Charcoal x20 -> Charcoal x500 (480 req/20 extra)
          - External craft (skill_blacksmithing) via Basic Furnace Iron Ingot x6 -> Iron Ingot x120 (120 req/0 extra)
            - Gather Sapwood x300
          - Craft via Basic Charcoal Kiln Charcoal x6 -> Charcoal x150 (140 req/10 extra)
        - External craft (skill_blacksmithing) via Basic Furnace Wrought Iron Ingot x4 -> Wrought Iron Ingot x80 (70 req/10 extra)
      - External craft (skill_blacksmithing) via Basic Forge Wrought Iron Bar x14 -> Wrought Iron Bar x28 (27 req/1 extra)
    - External craft (skill_blacksmithing) via Forge Wrought Iron Nails x27 -> Wrought Iron Nails x1350 (1344 req/6 extra)
            - Gather Impure Iron Ore x560
              - Gather Sapwood x2250
            - Craft via Basic Charcoal Kiln Charcoal x45 -> Charcoal x1125 (1110 req/15 extra)
          - External craft (skill_blacksmithing) via Basic Furnace Iron Ingot x14 -> Iron Ingot x280 (270 req/10 extra)
            - Gather Sapwood x700
          - Craft via Basic Charcoal Kiln Charcoal x14 -> Charcoal x350 (345 req/5 extra)
        - External craft (skill_blacksmithing) via Basic Furnace Wrought Iron Ingot x9 -> Wrought Iron Ingot x180 (170 req/10 extra)
      - External craft (skill_blacksmithing) via Forge Wrought Iron Sheet x90 -> Wrought Iron Sheet x90 (90 req/0 extra)
            - Gather Impure Iron Ore x240
              - Gather Sapwood x950
            - Craft via Basic Charcoal Kiln Charcoal x19 -> Charcoal x475 (475 req/0 extra)
          - External craft (skill_blacksmithing) via Basic Furnace Iron Ingot x6 -> Iron Ingot x120 (105 req/15 extra)
        - External craft (skill_blacksmithing) via Basic Forge Iron Bar x23 -> Iron Bar x46 (45 req/1 extra)
      - External craft (skill_blacksmithing) via Basic Forge Iron Nails x45 -> Iron Nails x2250 (2250 req/0 extra)
    - External craft (skill_blacksmithing) via Forge Wrought Iron Hinges x45 -> Wrought Iron Hinges x225 (224 req/1 extra)
  - Craft via Carpenter Workbench Elegant Wooden Door x56 -> item_prop_door_wooden_painted x56 (56 req/0 extra)
- Craft Elegant Wooden Double Door x28 (final)"
skill_building,20,21,,2,recipe_building_prop_shutter_narrow_chevron_left,Narrow Chevron Shutter,,35,338.0,11613.6,24.79,Boar Sinew-70; Bone Fragments-175; Heartwood-280; Rough Animal Hide-70; Impure Iron Ore-320; Limestone-20; Sapwood-1570,"Narrow Chevron Shutter x35 (final)
      - Gather Heartwood x280
    - Craft via Wood Chopping Block Fine Wooden Plank x28 -> Fine Wooden Plank x280 (280 req/0 extra)
          - Gather Impure Iron Ore x80
            - Gather Sapwood x350
          - Craft via Basic Charcoal Kiln Charcoal x7 -> Charcoal x175 (160 req/15 extra)
        - External craft (skill_blacksmithing) via Basic Furnace Iron Ingot x2 -> Iron Ingot x40 (25 req/15 extra)
      - External craft (skill_blacksmithing) via Basic Forge Iron Bar x5 -> Iron Bar x10 (9 req/1 extra)
    - External craft (skill_blacksmithing) via Basic Forge Iron Nails x9 -> Iron Nails x450 (420 req/30 extra)
            - Gather Impure Iron Ore x160
              - Gather Sapwood x650
            - Craft via Basic Charcoal Kiln Charcoal x13 -> Charcoal x325 (305 req/20 extra)
          - External craft (skill_blacksmithing) via Basic Furnace Iron Ingot x4 -> Iron Ingot x80 (75 req/5 extra)
            - Gather Sapwood x200
          - Craft via Basic Charcoal Kiln Charcoal x4 -> Charcoal x100 (100 req/0 extra)
        - External craft (skill_blacksmithing) via Basic Furnace Wrought Iron Ingot x3 -> Wrought Iron Ingot x60 (56 req/4 extra)
      - External craft (skill_blacksmithing) via Forge Wrought Iron Sheet x28 -> Wrought Iron Sheet x28 (28 req/0 extra)
            - Gather Impure Iron Ore x80
              - Gather Sapwood x350
            - Craft via Basic Charcoal Kiln Charcoal x7 -> Charcoal x175 (160 req/15 extra)
          - External craft (skill_blacksmithing) via Basic Furnace Iron Ingot x2 -> Iron Ingot x40 (30 req/10 extra)
        - External craft (skill_blacksmithing) via Basic Forge Iron Bar x7 -> Iron Bar x14 (13 req/1 extra)
      - External craft (skill_blacksmithing) via Basic Forge Iron Nails x14 -> Iron Nails x700 (670 req/30 extra)
    - External craft (skill_blacksmithing) via Forge Wrought Iron Hinges x14 -> Wrought Iron Hinges x70 (70 req/0 extra)
    - Gather Bone Fragments x175
          - Gather Rough Animal Hide x70
            - Gather Limestone x20
            - Gather Sapwood x20
          - External craft (skill_blacksmithing) via Basic Charcoal Kiln Lime x4 -> Lime x40 (35 req/5 extra)
          - Craft via Water Well Water x2 -> Water x40 (35 req/5 extra)
        - External craft (skill_leatherworking) via Simple Tanning Rack Inferior Leather x7 -> Inferior Leather x70 (70 req/0 extra)
      - External craft (skill_leatherworking) via Simple Leatherworking Table Suede Leather x70 -> Suede Leather x70 (70 req/0 extra)
      - Gather Boar Sinew x70
    - External craft (skill_leatherworking) via Simple Leatherworking Table Leather Handles x70 -> Leather Handles x70 (70 req/0 extra)
  - Craft via Carpenter Workbench Narrow Chevron Shutter x35 -> item_prop_shutter_narrow_chevron_left x35 (35 req/0 extra)
- Craft Narrow Chevron Shutter x35 (final)"
skill_building,20,21,,3,recipe_building_prop_shutter_narrow_chevron_right,Narrow Chevron Shutter,,35,338.0,11613.6,24.79,Boar Sinew-70; Bone Fragments-175; Heartwood-280; Rough Animal Hide-70; Impure Iron Ore-320; Limestone-20; Sapwood-1570,"Narrow Chevron Shutter x35 (final)
      - Gather Heartwood x280
    - Craft via Wood Chopping Block Fine Wooden Plank x28 -> Fine Wooden Plank x280 (280 req/0 extra)
          - Gather Impure Iron Ore x80
            - Gather Sapwood x350
          - Craft via Basic Charcoal Kiln Charcoal x7 -> Charcoal x175 (160 req/15 extra)
        - External craft (skill_blacksmithing) via Basic Furnace Iron Ingot x2 -> Iron Ingot x40 (25 req/15 extra)
      - External craft (skill_blacksmithing) via Basic Forge Iron Bar x5 -> Iron Bar x10 (9 req/1 extra)
    - External craft (skill_blacksmithing) via Basic Forge Iron Nails x9 -> Iron Nails x450 (420 req/30 extra)
            - Gather Impure Iron Ore x160
              - Gather Sapwood x650
            - Craft via Basic Charcoal Kiln Charcoal x13 -> Charcoal x325 (305 req/20 extra)
          - External craft (skill_blacksmithing) via Basic Furnace Iron Ingot x4 -> Iron Ingot x80 (75 req/5 extra)
            - Gather Sapwood x200
          - Craft via Basic Charcoal Kiln Charcoal x4 -> Charcoal x100 (100 req/0 extra)
        - External craft (skill_blacksmithing) via Basic Furnace Wrought Iron Ingot x3 -> Wrought Iron Ingot x60 (56 req/4 extra)
      - External craft (skill_blacksmithing) via Forge Wrought Iron Sheet x28 -> Wrought Iron Sheet x28 (28 req/0 extra)
            - Gather Impure Iron Ore x80
              - Gather Sapwood x350
            - Craft via Basic Charcoal Kiln Charcoal x7 -> Charcoal x175 (160 req/15 extra)
          - External craft (skill_blacksmithing) via Basic Furnace Iron Ingot x2 -> Iron Ingot x40 (30 req/10 extra)
        - External craft (skill_blacksmithing) via Basic Forge Iron Bar x7 -> Iron Bar x14 (13 req/1 extra)
      - External craft (skill_blacksmithing) via Basic Forge Iron Nails x14 -> Iron Nails x700 (670 req/30 extra)
    - External craft (skill_blacksmithing) via Forge Wrought Iron Hinges x14 -> Wrought Iron Hinges x70 (70 req/0 extra)
    - Gather Bone Fragments x175
          - Gather Rough Animal Hide x70
            - Gather Limestone x20
            - Gather Sapwood x20
          - External craft (skill_blacksmithing) via Basic Charcoal Kiln Lime x4 -> Lime x40 (35 req/5 extra)
          - Craft via Water Well Water x2 -> Water x40 (35 req/5 extra)
        - External craft (skill_leatherworking) via Simple Tanning Rack Inferior Leather x7 -> Inferior Leather x70 (70 req/0 extra)
      - External craft (skill_leatherworking) via Simple Leatherworking Table Suede Leather x70 -> Suede Leather x70 (70 req/0 extra)
      - Gather Boar Sinew x70
    - External craft (skill_leatherworking) via Simple Leatherworking Table Leather Handles x70 -> Leather Handles x70 (70 req/0 extra)
  - Craft via Carpenter Workbench Narrow Chevron Shutter x35 -> item_prop_shutter_narrow_chevron_left x35 (35 req/0 extra)
- Craft Narrow Chevron Shutter x35 (final)"
skill_armor_smithing,10,11,,1,recipe_crafter_blacksmith_armor_workbench_2,Armorer Workbench,,44,218.4,9611.7,220.55,Heartwood-630; Rough Animal Hide-90; Copper Ore-440; Impure Iron Ore-1760; Tin Ore-440; Limestone-25; Sapwood-11025,"Armorer Workbench x44 (final)
          - Gather Impure Iron Ore x1320
            - Gather Sapwood x5300
          - External craft (skill_building) via Basic Charcoal Kiln Charcoal x106 -> Charcoal x2650 (2640 req/10 extra)
        - External craft (skill_blacksmithing) via Basic Furnace Iron Ingot x33 -> Iron Ingot x660 (660 req/0 extra)
          - Gather Sapwood x1750
        - External craft (skill_building) via Basic Charcoal Kiln Charcoal x35 -> Charcoal x875 (870 req/5 extra)
      - External craft (skill_blacksmithing) via Basic Furnace Wrought Iron Ingot x22 -> Wrought Iron Ingot x440 (440 req/0 extra)
    - External craft (skill_blacksmithing) via Forge Wrought Iron Sheet x220 -> Wrought Iron Sheet x220 (220 req/0 extra)
        - Gather Rough Animal Hide x90
          - Gather Limestone x25
          - Gather Sapwood x25
        - External craft (skill_blacksmithing) via Basic Charcoal Kiln Lime x5 -> Lime x50 (45 req/5 extra)
        - External craft (skill_building) via Water Well Water x3 -> Water x60 (45 req/15 extra)
      - External craft (skill_leatherworking) via Simple Tanning Rack Inferior Leather x9 -> Inferior Leather x90 (88 req/2 extra)
    - External craft (skill_leatherworking) via Leatherworking Table Heavy Top Grain Leather x88 -> Heavy Top Grain Leather x88 (88 req/0 extra)
          - Gather Impure Iron Ore x440
            - Gather Sapwood x1750
          - External craft (skill_building) via Basic Charcoal Kiln Charcoal x35 -> Charcoal x875 (875 req/0 extra)
        - External craft (skill_blacksmithing) via Basic Furnace Iron Ingot x11 -> Iron Ingot x220 (220 req/0 extra)
      - External craft (skill_blacksmithing) via Basic Forge Iron Bar x44 -> Iron Bar x88 (88 req/0 extra)
    - External craft (skill_blacksmithing) via Basic Forge Iron Nails x88 -> Iron Nails x4400 (4400 req/0 extra)
        - Gather Tin Ore x440
        - Gather Copper Ore x440
        - Gather Sapwood x2200
      - External craft (skill_blacksmithing) via Basic Furnace Bronze Ingot x22 -> Bronze Ingot x440 (440 req/0 extra)
    - External craft (skill_blacksmithing) via Basic Forge Bronze Sheet x220 -> Bronze Sheet x220 (220 req/0 extra)
  - Craft via Basic Armorer Workbench Armorer Tools x44 -> Armorer Tools x44 (44 req/0 extra)
    - Gather Heartwood x360
  - External craft (skill_building) via Wood Chopping Block Fine Wood Beam x36 -> Fine Wood Beam x180 (176 req/4 extra)
    - Gather Heartwood x270
  - External craft (skill_building) via Wood Chopping Block Fine Wooden Plank x27 -> Fine Wooden Plank x270 (264 req/6 extra)
- Craft Armorer Workbench x44 (final)"
skill_armor_smithing,10,11,,2,recipe_wearable_metal_head_ironside_f_t2_rare,Ironside's Helm of Warcry II,,29,336.7,9763.5,413.27,Rough Animal Hide-10; Copper Ore-40; Impure Iron Ore-1200; Tin Ore-40; Sapwood-5000; Worn Out Locket-348; Charm of the Earthcall-29,"Ironside's Helm of Warcry II x29 (final)
  - Gather Worn Out Locket x348
  - Gather Charm of the Earthcall x29
      - Gather Impure Iron Ore x1160
        - Gather Sapwood x4650
      - External craft (skill_building) via Basic Charcoal Kiln Charcoal x93 -> Charcoal x2325 (2320 req/5 extra)
    - External craft (skill_blacksmithing) via Basic Furnace Iron Ingot x29 -> Iron Ingot x580 (580 req/0 extra)
  - External craft (skill_blacksmithing) via Basic Forge Iron Sheet x290 -> Iron Sheet x290 (290 req/0 extra)
        - Gather Rough Animal Hide x10
      - External craft (skill_leatherworking) via Simple Tanning Rack Rawhide x1 -> Rawhide x10 (6 req/4 extra)
    - External craft (skill_leatherworking) via Simple Leatherworking Table Nubuck Leather x6 -> Nubuck Leather x6 (6 req/0 extra)
  - External craft (skill_leatherworking) via Simple Leatherworking Table Coarse Leather Band x6 -> Coarse Leather Band x120 (116 req/4 extra)
        - Gather Tin Ore x40
        - Gather Copper Ore x40
        - Gather Sapwood x200
      - External craft (skill_blacksmithing) via Basic Furnace Bronze Ingot x2 -> Bronze Ingot x40 (30 req/10 extra)
    - External craft (skill_blacksmithing) via Basic Forge Bronze Sheet x15 -> Bronze Sheet x15 (15 req/0 extra)
  - External craft (skill_blacksmithing) via Basic Forge Bronze Buckle x3 -> Bronze Buckle x75 (58 req/17 extra)
        - Gather Impure Iron Ore x40
          - Gather Sapwood x150
        - External craft (skill_building) via Basic Charcoal Kiln Charcoal x3 -> Charcoal x75 (75 req/0 extra)
      - External craft (skill_blacksmithing) via Basic Furnace Iron Ingot x1 -> Iron Ingot x20 (10 req/10 extra)
    - External craft (skill_blacksmithing) via Basic Forge Iron Bar x2 -> Iron Bar x4 (3 req/1 extra)
  - External craft (skill_blacksmithing) via Basic Forge Iron Studs x3 -> Iron Studs x600 (580 req/20 extra)
- Craft Ironside's Helm of Warcry II x29 (final)"
skill_armor_smithing,10,11,,3,recipe_wearable_metal_feet_pilgrim_boj2_t2_rare,Pilgrim's Sabatons II,,29,335.6,9731.4,426.27,Rough Animal Hide-10; Copper Ore-40; Impure Iron Ore-1200; Tin Ore-40; Cobra Lily-290; Sapwood-5000; Worn Out Sigil-348; Seal of the Lost Abbot-29,"Pilgrim's Sabatons II x29 (final)
  - Gather Worn Out Sigil x348
  - Gather Seal of the Lost Abbot x29
  - Gather Cobra Lily x290
      - Gather Impure Iron Ore x1160
        - Gather Sapwood x4650
      - External craft (skill_building) via Basic Charcoal Kiln Charcoal x93 -> Charcoal x2325 (2320 req/5 extra)
    - External craft (skill_blacksmithing) via Basic Furnace Iron Ingot x29 -> Iron Ingot x580 (580 req/0 extra)
  - External craft (skill_blacksmithing) via Basic Forge Iron Sheet x290 -> Iron Sheet x290 (290 req/0 extra)
        - Gather Rough Animal Hide x10
      - External craft (skill_leatherworking) via Simple Tanning Rack Rawhide x1 -> Rawhide x10 (3 req/7 extra)
    - External craft (skill_leatherworking) via Simple Leatherworking Table Nubuck Leather x3 -> Nubuck Leather x3 (3 req/0 extra)
  - External craft (skill_leatherworking) via Simple Leatherworking Table Coarse Leather Band x3 -> Coarse Leather Band x60 (58 req/2 extra)
        - Gather Tin Ore x40
        - Gather Copper Ore x40
        - Gather Sapwood x200
      - External craft (skill_blacksmithing) via Basic Furnace Bronze Ingot x2 -> Bronze Ingot x40 (30 req/10 extra)
    - External craft (skill_blacksmithing) via Basic Forge Bronze Sheet x15 -> Bronze Sheet x15 (15 req/0 extra)
  - External craft (skill_blacksmithing) via Basic Forge Bronze Buckle x3 -> Bronze Buckle x75 (58 req/17 extra)
        - Gather Impure Iron Ore x40
          - Gather Sapwood x150
        - External craft (skill_building) via Basic Charcoal Kiln Charcoal x3 -> Charcoal x75 (75 req/0 extra)
      - External craft (skill_blacksmithing) via Basic Furnace Iron Ingot x1 -> Iron Ingot x20 (10 req/10 extra)
    - External craft (skill_blacksmithing) via Basic Forge Iron Bar x2 -> Iron Bar x4 (3 req/1 extra)
  - External craft (skill_blacksmithing) via Basic Forge Iron Studs x3 -> Iron Studs x600 (580 req/20 extra)
- Craft Pilgrim's Sabatons II x29 (final)"
skill_cooking,12,13,,1,recipe_activatable_foodcooked_vegetable_stew_maxstamina_8,Springtime Stew,,64,239.6,15334.9,95.92,Penny Bun-320; Animal Fat-26; Garlic-64; Mustard-64; Red Onion-128,"Springtime Stew x64 (final)
  - Gather Red Onion x128
  - Gather Mustard x64
  - Gather Garlic x64
  - Gather Penny Bun x320
    - Gather Animal Fat x26
  - Craft via Basic Cooking Hearth Lard x13 -> Lard x65 (64 req/1 extra)
- Craft Springtime Stew x64 (final)"
skill_cooking,12,13,,2,recipe_activatable_foodcooked_stew_staminaregen_12,Basic Stew,,67,231.5,15512.2,113.65,Penny Bun-335; Boar Carcass-17; Deer Carcass-34; Yellow Onion-67,"Basic Stew x67 (final)
    - Gather Boar Carcass x17
  - External craft (skill_charcuterie) via Campfire Meat Chunks x17 -> Meat Chunks x136 (134 req/2 extra)
  - Gather Yellow Onion x67
    - Gather Deer Carcass x34
  - External craft (skill_charcuterie) via Campfire Poorly Parted Deer x34 -> Deer Shank Meat x68 (67 req/1 extra)
  - Gather Penny Bun x335
- Craft Basic Stew x67 (final)"
skill_cooking,12,13,,3,recipe_activatable_drink_sirup_hpregen_6,Blueberry Syrup,,78,199.1,15528.8,104.26,Blueberry-390,"Blueberry Syrup x78 (final)
  - External craft (skill_building) via Water Well Water x20 -> Water x400 (390 req/10 extra)
  - Gather Blueberry x390
- Craft Blueberry Syrup x78 (final)"
skill_jewelerycrafting,11,12,,1,recipe_wearable_jewellery_bracelet_poor_9,Small Silver Bracelet,,44,280.3,12334.3,17.60,Impure Iron Ore-200; Sapwood-1050,"Small Silver Bracelet x44 (final)
      - Gather Impure Iron Ore x200
        - Gather Sapwood x800
      - External craft (skill_building) via Basic Charcoal Kiln Charcoal x16 -> Charcoal x400 (400 req/0 extra)
    - External craft (skill_blacksmithing) via Basic Furnace Iron Ingot x5 -> Iron Ingot x100 (90 req/10 extra)
      - Gather Sapwood x250
    - External craft (skill_building) via Basic Charcoal Kiln Charcoal x5 -> Charcoal x125 (120 req/5 extra)
  - External craft (skill_blacksmithing) via Basic Furnace Wrought Iron Ingot x3 -> Wrought Iron Ingot x60 (44 req/16 extra)
- Craft Small Silver Bracelet x44 (final)"
skill_jewelerycrafting,11,12,,2,recipe_wearable_jewellery_bracelet_common_7,Shiny Silver Bracelet,,59,208.5,12301.5,23.60,Impure Iron Ore-200; Sapwood-1050,"Shiny Silver Bracelet x59 (final)
      - Gather Impure Iron Ore x200
        - Gather Sapwood x800
      - External craft (skill_building) via Basic Charcoal Kiln Charcoal x16 -> Charcoal x400 (400 req/0 extra)
    - External craft (skill_blacksmithing) via Basic Furnace Iron Ingot x5 -> Iron Ingot x100 (90 req/10 extra)
      - Gather Sapwood x250
    - External craft (skill_building) via Basic Charcoal Kiln Charcoal x5 -> Charcoal x125 (120 req/5 extra)
  - External craft (skill_blacksmithing) via Basic Furnace Wrought Iron Ingot x3 -> Wrought Iron Ingot x60 (59 req/1 extra)
- Craft Shiny Silver Bracelet x59 (final)"
skill_jewelerycrafting,11,12,,3,recipe_wearable_jewellery_earring_common_3,Slender Bronze Earring,,79,156.6,12372.2,16.33,Copper Ore-160; Sapwood-500,"Slender Bronze Earring x79 (final)
    - Gather Copper Ore x160
      - Gather Sapwood x500
    - External craft (skill_building) via Basic Charcoal Kiln Charcoal x10 -> Charcoal x250 (240 req/10 extra)
  - External craft (skill_blacksmithing) via Basic Furnace Copper Ingot x8 -> Copper Ingot x80 (79 req/1 extra)
- Craft Slender Bronze Earring x79 (final)"
skill_winery_and_brewing,11,12,,1,recipe_crafter_wine_barrel_1,Wine Barrel,,39,318.1,12404.3,205.73,Copper Ore-560; Impure Iron Ore-40; Tin Ore-400; Sand-15600; Sapwood-21720,"Wine Barrel x39 (final)
      - Gather Copper Ore x160
        - Gather Sapwood x500
      - External craft (skill_building) via Basic Charcoal Kiln Charcoal x10 -> Charcoal x250 (240 req/10 extra)
    - External craft (skill_blacksmithing) via Basic Furnace Copper Ingot x8 -> Copper Ingot x80 (78 req/2 extra)
        - Gather Sand x15600
          - Gather Sapwood x18700
        - External craft (skill_building) via Basic Charcoal Kiln Charcoal x374 -> Charcoal x9350 (9350 req/0 extra)
      - External craft (skill_building) via Furnace Glass x312 -> Glass x3120 (3120 req/0 extra)
    - External craft (skill_blacksmithing) via Forge Vial x156 -> Vial x780 (780 req/0 extra)
        - Gather Tin Ore x400
        - Gather Copper Ore x400
        - Gather Sapwood x2000
      - External craft (skill_blacksmithing) via Basic Furnace Bronze Ingot x20 -> Bronze Ingot x400 (390 req/10 extra)
    - External craft (skill_blacksmithing) via Basic Forge Bronze Sheet x195 -> Bronze Sheet x195 (195 req/0 extra)
  - Craft via Basic Cooking Workbench Barrel Pieces x39 -> Barrel Pieces x39 (39 req/0 extra)
    - Gather Sapwood x320
  - External craft (skill_building) via Wood Chopping Block Plank x32 -> Plank x320 (312 req/8 extra)
        - Gather Impure Iron Ore x40
          - Gather Sapwood x200
        - External craft (skill_building) via Basic Charcoal Kiln Charcoal x4 -> Charcoal x100 (80 req/20 extra)
      - External craft (skill_blacksmithing) via Basic Furnace Iron Ingot x1 -> Iron Ingot x20 (20 req/0 extra)
    - External craft (skill_blacksmithing) via Basic Forge Iron Bar x4 -> Iron Bar x8 (8 req/0 extra)
  - External craft (skill_blacksmithing) via Basic Forge Iron Nails x8 -> Iron Nails x400 (390 req/10 extra)
- Craft Wine Barrel x39 (final)"
skill_winery_and_brewing,11,12,,2,recipe_activatable_drink_mead_staminaregen_16,Blueberry Mead,,102,120.4,12280.4,204.34,Blueberry-510; Barley Grain-120; Rye Grain-120,"Blueberry Mead x102 (final)
  - External craft (skill_cooking) via Basic Beehive Honey x102 -> Honey x510 (510 req/0 extra)
      - Gather Barley Grain x120
    - Craft via Basic Fermenter Malt x6 -> Malt x120 (110 req/10 extra)
      - External craft (skill_building) via Water Well Water x6 -> Water x120 (120 req/0 extra)
        - Gather Rye Grain x120
      - External craft (skill_baking) via Millstone Rye Flour x6 -> Rye Flour x120 (120 req/0 extra)
    - External craft (skill_baking) via Basic Fermenter Yeast x6 -> Yeast x120 (110 req/10 extra)
    - External craft (skill_building) via Water Well Water x6 -> Water x120 (110 req/10 extra)
  - Craft via Basic Fermenter Weak Mead Base x11 -> Weak Mead Base x110 (102 req/8 extra)
  - Gather Blueberry x510
- Craft Blueberry Mead x102 (final)"
skill_winery_and_brewing,11,12,,3,recipe_activatable_drink_cider_resistancebuff_11,Farmhouse Cider,,74,166.3,12304.2,264.55,Blueberry-150,"Farmhouse Cider x74 (final)
    - External craft (skill_building) via Water Well Water x8 -> Water x160 (150 req/10 extra)
    - Gather Blueberry x150
  - External craft (skill_cooking) via Basic Cooking Workbench Blueberry Syrup x30 -> Blueberry Syrup x150 (148 req/2 extra)
  - External craft (skill_building) via Water Well Water x18 -> Water x360 (360 req/0 extra)
  - External craft (skill_cooking) via Basic Beehive Honey x74 -> Honey x370 (370 req/0 extra)
- Craft Farmhouse Cider x74 (final)"
skill_leatherworking,21,22,Prerequisite: advance skill_leatherworking for crafting Boiled Leather used in skill_alchemy,1,recipe_wearable_leather_arms_pilgrim_0_t3_common,Pilgrim's Bracers III,,61,1303.4,70841.5,172.17,Animal Hoof-800; Suet-244; Bone Fragments-62; Rough Animal Hide-530; Copper Ore-60; Tin Ore-60; Flax Fiber-6810; Flax Seeds-610; Limestone-195; Sapwood-495,"Pilgrim's Bracers III x61 (final)
      - Gather Rough Animal Hide x380
        - Gather Limestone x95
        - Gather Sapwood x95
      - External craft (skill_blacksmithing) via Basic Charcoal Kiln Lime x19 -> Lime x190 (190 req/0 extra)
      - External craft (skill_building) via Water Well Water x10 -> Water x200 (190 req/10 extra)
    - Craft via Simple Tanning Rack Inferior Leather x38 -> Inferior Leather x380 (375 req/5 extra)
      - Gather Limestone x65
      - Gather Sapwood x65
    - External craft (skill_blacksmithing) via Basic Charcoal Kiln Lime x13 -> Lime x130 (125 req/5 extra)
    - External craft (skill_building) via Water Well Water x6 -> Water x120 (115 req/5 extra)
  - Craft via Tanning Rack Boiled Leather x25 -> Boiled Leather x125 (122 req/3 extra)
        - Gather Rough Animal Hide x120
          - Gather Limestone x30
          - Gather Sapwood x30
        - External craft (skill_blacksmithing) via Basic Charcoal Kiln Lime x6 -> Lime x60 (55 req/5 extra)
        - External craft (skill_building) via Water Well Water x3 -> Water x60 (55 req/5 extra)
      - Craft via Simple Tanning Rack Inferior Leather x12 -> Inferior Leather x120 (117 req/3 extra)
    - Craft via Leatherworking Table Heavy Top Grain Leather x122 -> Heavy Top Grain Leather x122 (122 req/0 extra)
          - Gather Tin Ore x60
          - Gather Copper Ore x60
          - Gather Sapwood x300
        - External craft (skill_blacksmithing) via Basic Furnace Bronze Ingot x3 -> Bronze Ingot x60 (50 req/10 extra)
      - External craft (skill_blacksmithing) via Basic Forge Bronze Sheet x25 -> Bronze Sheet x25 (25 req/0 extra)
    - External craft (skill_blacksmithing) via Basic Forge Bronze Buckle x5 -> Bronze Buckle x125 (122 req/3 extra)
      - Gather Animal Hoof x490
      - External craft (skill_building) via Water Well Water x5 -> Water x100 (93 req/7 extra)
    - Craft via Simple Leatherworking Table Glue x49 -> Glue x245 (244 req/1 extra)
  - Craft via Leatherworking Table Leather Straps x122 -> Leather Straps x122 (122 req/0 extra)
        - Gather Rough Animal Hide x30
          - Gather Limestone x5
          - Gather Sapwood x5
        - External craft (skill_blacksmithing) via Basic Charcoal Kiln Lime x1 -> Lime x10 (10 req/0 extra)
        - External craft (skill_building) via Water Well Water x1 -> Water x20 (8 req/12 extra)
      - Craft via Simple Tanning Rack Inferior Leather x3 -> Inferior Leather x30 (28 req/2 extra)
    - Craft via Leatherworking Table Heavy Top Grain Leather x31 -> Heavy Top Grain Leather x31 (31 req/0 extra)
      - Gather Animal Hoof x310
      - External craft (skill_building) via Water Well Water x3 -> Water x60 (50 req/10 extra)
    - Craft via Simple Leatherworking Table Glue x31 -> Glue x155 (154 req/1 extra)
  - Craft via Leatherworking Table Leather Pads x31 -> Leather Pads x62 (61 req/1 extra)
        - Gather Flax Fiber x5880
      - External craft (skill_tailoring) via Spinning Wheel Linen String x196 -> Linen String x1960 (1960 req/0 extra)
    - External craft (skill_tailoring) via Simple Loom Linen Cloth x49 -> Linen Cloth x245 (244 req/1 extra)
      - Gather Flax Fiber x930
    - External craft (skill_tailoring) via Spinning Wheel Linen String x31 -> Linen String x310 (305 req/5 extra)
      - Gather Bone Fragments x62
    - External craft (skill_tailoring) via Simple Tailoring Table Sewing Needles x31 -> Sewing Needles x310 (305 req/5 extra)
  - External craft (skill_tailoring) via Simple Tailoring Table Stuffed Linen Padding x61 -> Stuffed Linen Padding x61 (61 req/0 extra)
    - Gather Flax Seeds x610
      - Gather Suet x244
    - External craft (skill_cooking) via Basic Cooking Hearth Tallow x122 -> Tallow x610 (610 req/0 extra)
  - Craft via Leatherworking Table Linseed Oil x61 -> Linseed Oil x61 (61 req/0 extra)
- Craft Pilgrim's Bracers III x61 (final)"
skill_leatherworking,21,22,Prerequisite: advance skill_leatherworking for crafting Boiled Leather used in skill_alchemy,2,recipe_item_material_leather_weapons_belt_fine,Fine Weapons Belt,,122,650.9,79410.0,181.37,Animal Hoof-490; Rough Animal Hide-170; Copper Ore-60; Tin Ore-60; Limestone-35; Sapwood-335,"Fine Weapons Belt x122 (final)
        - Gather Rough Animal Hide x130
          - Gather Limestone x35
          - Gather Sapwood x35
        - External craft (skill_blacksmithing) via Basic Charcoal Kiln Lime x7 -> Lime x70 (65 req/5 extra)
        - External craft (skill_building) via Water Well Water x4 -> Water x80 (65 req/15 extra)
      - Craft via Simple Tanning Rack Inferior Leather x13 -> Inferior Leather x130 (122 req/8 extra)
    - Craft via Leatherworking Table Heavy Top Grain Leather x122 -> Heavy Top Grain Leather x122 (122 req/0 extra)
          - Gather Tin Ore x60
          - Gather Copper Ore x60
          - Gather Sapwood x300
        - External craft (skill_blacksmithing) via Basic Furnace Bronze Ingot x3 -> Bronze Ingot x60 (50 req/10 extra)
      - External craft (skill_blacksmithing) via Basic Forge Bronze Sheet x25 -> Bronze Sheet x25 (25 req/0 extra)
    - External craft (skill_blacksmithing) via Basic Forge Bronze Buckle x5 -> Bronze Buckle x125 (122 req/3 extra)
      - Gather Animal Hoof x490
      - External craft (skill_building) via Water Well Water x5 -> Water x100 (83 req/17 extra)
    - Craft via Simple Leatherworking Table Glue x49 -> Glue x245 (244 req/1 extra)
  - Craft via Leatherworking Table Leather Straps x122 -> Leather Straps x122 (122 req/0 extra)
        - Gather Rough Animal Hide x40
      - Craft via Simple Tanning Rack Rawhide x4 -> Rawhide x40 (31 req/9 extra)
    - Craft via Simple Leatherworking Table Nubuck Leather x31 -> Nubuck Leather x31 (31 req/0 extra)
  - Craft via Simple Leatherworking Table Coarse Leather Band x31 -> Coarse Leather Band x620 (610 req/10 extra)
- Craft Fine Weapons Belt x122 (final)"
skill_leatherworking,21,22,Prerequisite: advance skill_leatherworking for crafting Boiled Leather used in skill_alchemy,3,recipe_item_material_leather_generic_fur_fine,Fine Fur,,280,282.2,79012.0,84.00,Animal Hide-280,"Fine Fur x280 (final)
  - Gather Animal Hide x280
- Craft Fine Fur x280 (final)"
skill_baking,14,15,,1,recipe_activatable_foodcooked_bread_hpregen_20,Barley and Rye Bread,,95,240.4,22835.9,95.55,Suet-76; Barley Grain-40; Rye Grain-210,"Barley and Rye Bread x95 (final)
      - Gather Barley Grain x40
    - Craft via Millstone Barley Flour x2 -> Barley Flour x40 (38 req/2 extra)
      - External craft (skill_building) via Water Well Water x1 -> Water x20 (20 req/0 extra)
        - Gather Rye Grain x20
      - Craft via Millstone Rye Flour x1 -> Rye Flour x20 (20 req/0 extra)
    - Craft via Basic Fermenter Yeast x1 -> Yeast x20 (19 req/1 extra)
    - External craft (skill_building) via Water Well Water x5 -> Water x100 (95 req/5 extra)
  - Craft via Basic Cooking Workbench Barley Dough x19 -> Barley Dough x95 (95 req/0 extra)
  - Gather Rye Grain x190
    - Gather Suet x76
  - External craft (skill_cooking) via Basic Cooking Hearth Tallow x38 -> Tallow x190 (190 req/0 extra)
- Craft Barley and Rye Bread x95 (final)"
skill_baking,14,15,,2,recipe_activatable_foodcooked_pastry_staminaregen_22,Trail Pie,,98,232.1,22748.6,481.83,Animal Fat-392; Barley Grain-400; Rye Grain-200,"Trail Pie x98 (final)
      - Gather Barley Grain x400
    - Craft via Millstone Barley Flour x20 -> Barley Flour x400 (392 req/8 extra)
      - External craft (skill_building) via Water Well Water x10 -> Water x200 (200 req/0 extra)
        - Gather Rye Grain x200
      - Craft via Millstone Rye Flour x10 -> Rye Flour x200 (200 req/0 extra)
    - Craft via Basic Fermenter Yeast x10 -> Yeast x200 (196 req/4 extra)
    - External craft (skill_building) via Water Well Water x49 -> Water x980 (980 req/0 extra)
  - Craft via Basic Cooking Workbench Barley Dough x196 -> Barley Dough x980 (980 req/0 extra)
    - Gather Animal Fat x392
  - External craft (skill_cooking) via Basic Cooking Hearth Lard x196 -> Lard x980 (980 req/0 extra)
- Craft Trail Pie x98 (final)"
skill_baking,14,15,,3,recipe_activatable_foodcooked_bread_hpregen_10,Fruity Rye Bread,,1336,17.0,22712.0,4798.47,Elderberry-26720; Animal Fat-536; Rye Grain-820,"Fruity Rye Bread x1336 (final)
      - Gather Rye Grain x540
    - Craft via Millstone Rye Flour x27 -> Rye Flour x540 (536 req/4 extra)
      - External craft (skill_building) via Water Well Water x14 -> Water x280 (280 req/0 extra)
        - Gather Rye Grain x280
      - Craft via Millstone Rye Flour x14 -> Rye Flour x280 (276 req/4 extra)
    - Craft via Basic Fermenter Yeast x14 -> Yeast x280 (268 req/12 extra)
    - External craft (skill_building) via Water Well Water x67 -> Water x1340 (1340 req/0 extra)
  - Craft via Basic Cooking Workbench Rye Dough x268 -> Rye Dough x1340 (1336 req/4 extra)
  - Gather Elderberry x26720
    - Gather Animal Fat x536
  - External craft (skill_cooking) via Basic Cooking Hearth Lard x268 -> Lard x1340 (1336 req/4 extra)
- Craft Fruity Rye Bread x1336 (final)"
skill_weapon_smithing,14,15,,1,recipe_wieldable_tool_skinning_knife_t2_common,Iron Skinning Knife,,90,253.0,22772.7,112.95,Rough Animal Hide-10; Impure Iron Ore-1280; Sapwood-5240,"Iron Skinning Knife x90 (final)
        - Gather Impure Iron Ore x920
          - Gather Sapwood x3700
        - External craft (skill_building) via Basic Charcoal Kiln Charcoal x74 -> Charcoal x1850 (1840 req/10 extra)
      - External craft (skill_blacksmithing) via Basic Furnace Iron Ingot x23 -> Iron Ingot x460 (450 req/10 extra)
    - External craft (skill_blacksmithing) via Basic Forge Iron Bar x90 -> Iron Bar x180 (180 req/0 extra)
  - External craft (skill_blacksmithing) via Basic Forge Iron Knife Blade x90 -> Iron Knife Blade x90 (90 req/0 extra)
    - Gather Sapwood x90
  - External craft (skill_building) via Wood Chopping Block Long Wood Stock x18 -> Long Wood Stock x90 (90 req/0 extra)
      - Gather Impure Iron Ore x360
        - Gather Sapwood x1450
      - External craft (skill_building) via Basic Charcoal Kiln Charcoal x29 -> Charcoal x725 (710 req/15 extra)
    - External craft (skill_blacksmithing) via Basic Furnace Iron Ingot x9 -> Iron Ingot x180 (170 req/10 extra)
  - External craft (skill_blacksmithing) via Basic Forge Iron Sheet x90 -> Iron Sheet x90 (90 req/0 extra)
        - Gather Rough Animal Hide x10
      - External craft (skill_leatherworking) via Simple Tanning Rack Rawhide x1 -> Rawhide x10 (9 req/1 extra)
    - External craft (skill_leatherworking) via Simple Leatherworking Table Nubuck Leather x9 -> Nubuck Leather x9 (9 req/0 extra)
  - External craft (skill_leatherworking) via Simple Leatherworking Table Coarse Leather Band x9 -> Coarse Leather Band x180 (180 req/0 extra)
- Craft Iron Skinning Knife x90 (final)"
skill_weapon_smithing,14,15,,2,recipe_wieldable_tool_woodcutting_axe_t2_common,Iron Chopping Axe,,107,212.8,22771.6,102.45,Rough Animal Hide-10; Impure Iron Ore-2600; Sapwood-10615,"Iron Chopping Axe x107 (final)
    - Gather Sapwood x215
  - External craft (skill_building) via Wood Chopping Block Long Wood Stock x43 -> Long Wood Stock x215 (214 req/1 extra)
        - Gather Impure Iron Ore x2160
          - Gather Sapwood x8650
        - External craft (skill_building) via Basic Charcoal Kiln Charcoal x173 -> Charcoal x4325 (4320 req/5 extra)
      - External craft (skill_blacksmithing) via Basic Furnace Iron Ingot x54 -> Iron Ingot x1080 (1070 req/10 extra)
    - External craft (skill_blacksmithing) via Basic Forge Iron Sheet x535 -> Iron Sheet x535 (535 req/0 extra)
      - Gather Impure Iron Ore x440
        - Gather Sapwood x1750
      - External craft (skill_building) via Basic Charcoal Kiln Charcoal x35 -> Charcoal x875 (875 req/0 extra)
    - External craft (skill_blacksmithing) via Basic Furnace Iron Ingot x11 -> Iron Ingot x220 (204 req/16 extra)
  - External craft (skill_blacksmithing) via Basic Forge Iron Axe Head x107 -> Iron Axe Head x107 (107 req/0 extra)
        - Gather Rough Animal Hide x10
      - External craft (skill_leatherworking) via Simple Tanning Rack Rawhide x1 -> Rawhide x10 (6 req/4 extra)
    - External craft (skill_leatherworking) via Simple Leatherworking Table Nubuck Leather x6 -> Nubuck Leather x6 (6 req/0 extra)
  - External craft (skill_leatherworking) via Simple Leatherworking Table Coarse Leather Band x6 -> Coarse Leather Band x120 (107 req/13 extra)
- Craft Iron Chopping Axe x107 (final)"
skill_weapon_smithing,14,15,,3,recipe_wieldable_sword_1h_0_t2_rare,Warded Iron Broadsword,,34,673.5,22897.9,209.04,Rough Animal Hide-20; Copper Ore-340; Impure Iron Ore-1360; Tin Ore-340; Sapwood-7150; Worn Out Locket-408; Talisman of the Enigma-34,"Warded Iron Broadsword x34 (final)
  - Gather Worn Out Locket x408
  - Gather Talisman of the Enigma x34
        - Gather Impure Iron Ore x880
          - Gather Sapwood x3550
        - External craft (skill_building) via Basic Charcoal Kiln Charcoal x71 -> Charcoal x1775 (1760 req/15 extra)
      - External craft (skill_blacksmithing) via Basic Furnace Iron Ingot x22 -> Iron Ingot x440 (425 req/15 extra)
    - External craft (skill_blacksmithing) via Basic Forge Iron Bar x85 -> Iron Bar x170 (170 req/0 extra)
  - External craft (skill_blacksmithing) via Basic Forge Iron Sword Blade x34 -> Iron Sword Blade x34 (34 req/0 extra)
        - Gather Impure Iron Ore x160
          - Gather Sapwood x650
        - External craft (skill_building) via Basic Charcoal Kiln Charcoal x13 -> Charcoal x325 (305 req/20 extra)
      - External craft (skill_blacksmithing) via Basic Furnace Iron Ingot x4 -> Iron Ingot x80 (70 req/10 extra)
    - External craft (skill_blacksmithing) via Basic Forge Iron Bar x17 -> Iron Bar x34 (34 req/0 extra)
          - Gather Tin Ore x340
          - Gather Copper Ore x340
          - Gather Sapwood x1700
        - External craft (skill_blacksmithing) via Basic Furnace Bronze Ingot x17 -> Bronze Ingot x340 (340 req/0 extra)
      - External craft (skill_blacksmithing) via Basic Forge Bronze Bar x68 -> Bronze Bar x68 (68 req/0 extra)
    - External craft (skill_blacksmithing) via Basic Forge Bronze Spike x34 -> Bronze Spike x34 (34 req/0 extra)
          - Gather Rough Animal Hide x10
        - External craft (skill_leatherworking) via Simple Tanning Rack Rawhide x1 -> Rawhide x10 (9 req/1 extra)
      - External craft (skill_leatherworking) via Simple Leatherworking Table Nubuck Leather x9 -> Nubuck Leather x9 (9 req/0 extra)
    - External craft (skill_leatherworking) via Simple Leatherworking Table Coarse Leather Band x9 -> Coarse Leather Band x180 (170 req/10 extra)
  - External craft (skill_blacksmithing) via Basic Forge Sword Hilt x34 -> Sword Hilt x34 (34 req/0 extra)
      - Gather Impure Iron Ore x320
        - Gather Sapwood x1250
      - External craft (skill_building) via Basic Charcoal Kiln Charcoal x25 -> Charcoal x625 (620 req/5 extra)
    - External craft (skill_blacksmithing) via Basic Furnace Iron Ingot x8 -> Iron Ingot x160 (160 req/0 extra)
  - External craft (skill_blacksmithing) via Basic Forge Iron Bar x34 -> Iron Bar x68 (68 req/0 extra)
        - Gather Rough Animal Hide x10
      - External craft (skill_leatherworking) via Simple Tanning Rack Rawhide x1 -> Rawhide x10 (7 req/3 extra)
    - External craft (skill_leatherworking) via Simple Leatherworking Table Nubuck Leather x8 -> Nubuck Leather x8 (8 req/0 extra)
  - External craft (skill_leatherworking) via Simple Leatherworking Table Coarse Leather Band x8 -> Coarse Leather Band x160 (160 req/0 extra)
- Craft Warded Iron Broadsword x34 (final)"
skill_fletching,15,16,,1,recipe_wieldable_bow_2h_0_t2_rare,Warded Longbow,,40,693.2,27727.3,267.58,Boar Sinew-200; Rough Animal Hide-20; Sapwood-120; Resin-280; Token of the Whisper-40; Furry Collarstone-480,"Warded Longbow x40 (final)
  - Gather Furry Collarstone x480
  - Gather Token of the Whisper x40
      - Gather Sapwood x120
    - External craft (skill_building) via Wood Chopping Block Long Wood Stock x24 -> Long Wood Stock x120 (120 req/0 extra)
    - Gather Resin x280
    - External craft (skill_cooking) via Basic Beehive Beeswax x80 -> Beeswax x400 (400 req/0 extra)
  - Craft via Basic Fletching Table Rough Bow Stave x40 -> Rough Bow Stave x40 (40 req/0 extra)
  - Gather Boar Sinew x200
        - Gather Rough Animal Hide x20
      - External craft (skill_leatherworking) via Simple Tanning Rack Rawhide x2 -> Rawhide x20 (20 req/0 extra)
    - External craft (skill_leatherworking) via Simple Leatherworking Table Nubuck Leather x20 -> Nubuck Leather x20 (20 req/0 extra)
  - External craft (skill_leatherworking) via Simple Leatherworking Table Coarse Leather Band x20 -> Coarse Leather Band x400 (400 req/0 extra)
- Craft Warded Longbow x40 (final)"
skill_fletching,15,16,,2,recipe_crafter_fletching_workbench_2,Fletching Table,,62,447.4,27737.3,310.78,Suet-1240; Heartwood-880; Rough Animal Hide-130; Impure Iron Ore-720; Flax Seeds-3100; Limestone-35; Sapwood-2935,"Fletching Table x62 (final)
        - Gather Rough Animal Hide x130
          - Gather Limestone x35
          - Gather Sapwood x35
        - External craft (skill_blacksmithing) via Basic Charcoal Kiln Lime x7 -> Lime x70 (65 req/5 extra)
        - External craft (skill_building) via Water Well Water x4 -> Water x80 (65 req/15 extra)
      - External craft (skill_leatherworking) via Simple Tanning Rack Inferior Leather x13 -> Inferior Leather x130 (124 req/6 extra)
    - External craft (skill_leatherworking) via Leatherworking Table Heavy Top Grain Leather x124 -> Heavy Top Grain Leather x124 (124 req/0 extra)
          - Gather Impure Iron Ore x640
            - Gather Sapwood x2600
          - External craft (skill_building) via Basic Charcoal Kiln Charcoal x52 -> Charcoal x1300 (1280 req/20 extra)
        - External craft (skill_blacksmithing) via Basic Furnace Iron Ingot x16 -> Iron Ingot x320 (310 req/10 extra)
      - External craft (skill_blacksmithing) via Basic Forge Iron Bar x62 -> Iron Bar x124 (124 req/0 extra)
    - External craft (skill_blacksmithing) via Basic Forge Iron Knife Blade x62 -> Iron Knife Blade x62 (62 req/0 extra)
          - Gather Impure Iron Ore x80
            - Gather Sapwood x300
          - External craft (skill_building) via Basic Charcoal Kiln Charcoal x6 -> Charcoal x150 (140 req/10 extra)
        - External craft (skill_blacksmithing) via Basic Furnace Iron Ingot x2 -> Iron Ingot x40 (25 req/15 extra)
      - External craft (skill_blacksmithing) via Basic Forge Iron Bar x7 -> Iron Bar x14 (13 req/1 extra)
    - External craft (skill_blacksmithing) via Basic Forge Iron Nails x13 -> Iron Nails x650 (620 req/30 extra)
      - Gather Flax Seeds x3100
        - Gather Suet x1240
      - External craft (skill_cooking) via Basic Cooking Hearth Tallow x620 -> Tallow x3100 (3100 req/0 extra)
    - External craft (skill_leatherworking) via Leatherworking Table Linseed Oil x310 -> Linseed Oil x310 (310 req/0 extra)
  - Craft via Basic Fletching Table Fletching Tools x62 -> Fletching Tools x62 (62 req/0 extra)
    - Gather Heartwood x500
  - External craft (skill_building) via Wood Chopping Block Fine Wood Beam x50 -> Fine Wood Beam x250 (248 req/2 extra)
    - Gather Heartwood x380
  - External craft (skill_building) via Wood Chopping Block Fine Wooden Plank x38 -> Fine Wooden Plank x380 (372 req/8 extra)
- Craft Fletching Table x62 (final)"
skill_fletching,15,16,,3,recipe_wieldable_bow_2h_0_t2_uncommon,Attuned Longbow,,95,290.1,27559.2,572.28,Boar Sinew-475; Rough Animal Hide-50; Sapwood-285; Resin-665; Furry Collarstone-1140,"Attuned Longbow x95 (final)
  - Gather Furry Collarstone x1140
      - Gather Sapwood x285
    - External craft (skill_building) via Wood Chopping Block Long Wood Stock x57 -> Long Wood Stock x285 (285 req/0 extra)
    - Gather Resin x665
    - External craft (skill_cooking) via Basic Beehive Beeswax x190 -> Beeswax x950 (950 req/0 extra)
  - Craft via Basic Fletching Table Rough Bow Stave x95 -> Rough Bow Stave x95 (95 req/0 extra)
  - Gather Boar Sinew x475
        - Gather Rough Animal Hide x50
      - External craft (skill_leatherworking) via Simple Tanning Rack Rawhide x5 -> Rawhide x50 (48 req/2 extra)
    - External craft (skill_leatherworking) via Simple Leatherworking Table Nubuck Leather x48 -> Nubuck Leather x48 (48 req/0 extra)
  - External craft (skill_leatherworking) via Simple Leatherworking Table Coarse Leather Band x48 -> Coarse Leather Band x960 (950 req/10 extra)
- Craft Attuned Longbow x95 (final)"
skill_charcuterie,16,17,,1,recipe_rough-cut_wolf,Poorly Parted Chamois,,144,232.7,33513.5,17.50,Chamois Carcass-144,"Poorly Parted Chamois x144 (final)
  - Gather Chamois Carcass x144
- Craft Poorly Parted Chamois x144 (final)"
skill_charcuterie,16,17,,2,recipe_basic_butchered_bear,Parted Bear,,144,232.7,33513.5,18.36,Bear Carcass-144,"Parted Bear x144 (final)
  - Gather Bear Carcass x144
- Craft Parted Bear x144 (final)"
skill_charcuterie,16,17,,3,recipe_basic_butchered_wolf,Parted Chamois,,149,224.4,33437.4,18.10,Chamois Carcass-149,"Parted Chamois x149 (final)
  - Gather Chamois Carcass x149
- Craft Parted Chamois x149 (final)"
skill_blacksmithing,27,28,Prerequisite: advance skill_blacksmithing for crafting Silver Ingot used in skill_tailoring,1,recipe_item_material_steel_sword_blade,Steel Sword Blade,,141,1337.9,164051.2,370.12,Pure Iron Ore-3540; Sapwood-70800,"Steel Sword Blade x141 (final)
      - Gather Pure Iron Ore x3540
        - Gather Sapwood x70800
      - External craft (skill_building) via Basic Charcoal Kiln Charcoal x1416 -> Charcoal x35400 (35400 req/0 extra)
    - Craft via Furnace Steel Ingot x177 -> Steel Ingot x1770 (1765 req/5 extra)
  - Craft via Forge Steel Bar x353 -> Steel Bar x706 (705 req/1 extra)
- Craft Steel Sword Blade x141 (final)"
skill_blacksmithing,27,28,Prerequisite: advance skill_blacksmithing for crafting Silver Ingot used in skill_tailoring,2,recipe_item_material_steel_studs,Steel Studs,,340,552.8,128217.3,178.50,Pure Iron Ore-1700; Sapwood-34000,"Steel Studs x340 (final)
      - Gather Pure Iron Ore x1700
        - Gather Sapwood x34000
      - External craft (skill_building) via Basic Charcoal Kiln Charcoal x680 -> Charcoal x17000 (17000 req/0 extra)
    - Craft via Furnace Steel Ingot x85 -> Steel Ingot x850 (850 req/0 extra)
  - Craft via Forge Steel Bar x170 -> Steel Bar x340 (340 req/0 extra)
- Craft Steel Studs x340 (final)"
skill_blacksmithing,27,28,Prerequisite: advance skill_blacksmithing for crafting Silver Ingot used in skill_tailoring,3,recipe_item_material_steel_spike,Steel Spike,,148,1271.3,162147.4,388.50,Pure Iron Ore-3700; Sapwood-74000,"Steel Spike x148 (final)
      - Gather Pure Iron Ore x3700
        - Gather Sapwood x74000
      - External craft (skill_building) via Basic Charcoal Kiln Charcoal x1480 -> Charcoal x37000 (37000 req/0 extra)
    - Craft via Furnace Steel Ingot x185 -> Steel Ingot x1850 (1850 req/0 extra)
  - Craft via Forge Steel Bar x370 -> Steel Bar x740 (740 req/0 extra)
- Craft Steel Spike x148 (final)"
skill_blacksmithing,28,29,,1,recipe_item_material_steel_sword_blade,Steel Sword Blade,,135,1480.8,174357.5,354.38,Pure Iron Ore-3380; Sapwood-67600,"Steel Sword Blade x135 (final)
      - Gather Pure Iron Ore x3380
        - Gather Sapwood x67600
      - External craft (skill_building) via Basic Charcoal Kiln Charcoal x1352 -> Charcoal x33800 (33800 req/0 extra)
    - Craft via Furnace Steel Ingot x169 -> Steel Ingot x1690 (1690 req/0 extra)
  - Craft via Forge Steel Bar x338 -> Steel Bar x676 (675 req/1 extra)
- Craft Steel Sword Blade x135 (final)"
skill_blacksmithing,28,29,,2,recipe_item_material_steel_studs,Steel Studs,,327,610.7,137536.0,171.68,Pure Iron Ore-1640; Sapwood-32800,"Steel Studs x327 (final)
      - Gather Pure Iron Ore x1640
        - Gather Sapwood x32800
      - External craft (skill_building) via Basic Charcoal Kiln Charcoal x656 -> Charcoal x16400 (16400 req/0 extra)
    - Craft via Furnace Steel Ingot x82 -> Steel Ingot x820 (820 req/0 extra)
  - Craft via Forge Steel Bar x164 -> Steel Bar x328 (327 req/1 extra)
- Craft Steel Studs x327 (final)"
skill_blacksmithing,28,29,,3,recipe_item_material_steel_spike,Steel Spike,,143,1398.8,172945.6,375.38,Pure Iron Ore-3580; Sapwood-71600,"Steel Spike x143 (final)
      - Gather Pure Iron Ore x3580
        - Gather Sapwood x71600
      - External craft (skill_building) via Basic Charcoal Kiln Charcoal x1432 -> Charcoal x35800 (35800 req/0 extra)
    - Craft via Furnace Steel Ingot x179 -> Steel Ingot x1790 (1790 req/0 extra)
  - Craft via Forge Steel Bar x358 -> Steel Bar x716 (715 req/1 extra)
- Craft Steel Spike x143 (final)"
skill_tailoring,16,17,Prerequisite: advance skill_tailoring for crafting Cotton Wadding used in skill_leatherworking,1,recipe_wearable_cloth_chest_cleric_dp_t3_common,Cleric's Alb of Reflection III,,15,2254.0,31031.3,148.55,Antler-60; Rough Animal Hide-10; Copper Ore-20; Silver Ore-15; Tin Ore-20; Cotton Fiber-2520; Sapwood-400,"Cleric's Alb of Reflection III x15 (final)
    - Gather Antler x30
  - Craft via Tailoring Table Horn Needles x30 -> Horn Needles x150 (150 req/0 extra)
        - Gather Cotton Fiber x1200
      - Craft via Spinning Wheel Cotton Cord x30 -> Cotton Cord x300 (300 req/0 extra)
    - Craft via Simple Loom Coarse Cotton Cloth x12 -> Coarse Cotton Cloth x60 (60 req/0 extra)
      - Gather Cotton Fiber x1200
    - Craft via Spinning Wheel Cotton Cord x30 -> Cotton Cord x300 (300 req/0 extra)
      - Gather Antler x30
    - Craft via Tailoring Table Horn Needles x30 -> Horn Needles x150 (150 req/0 extra)
  - Craft via Tailoring Table Cotton Wadding x30 -> Cotton Wadding x30 (30 req/0 extra)
        - Gather Tin Ore x20
        - Gather Copper Ore x20
        - Gather Sapwood x100
      - External craft (skill_blacksmithing) via Basic Furnace Bronze Ingot x1 -> Bronze Ingot x20 (10 req/10 extra)
    - External craft (skill_blacksmithing) via Basic Forge Bronze Sheet x5 -> Bronze Sheet x5 (5 req/0 extra)
  - External craft (skill_blacksmithing) via Basic Forge Bronze Buckle x1 -> Bronze Buckle x25 (15 req/10 extra)
      - Gather Silver Ore x15
        - Gather Sapwood x300
      - External craft (skill_building) via Basic Charcoal Kiln Charcoal x6 -> Charcoal x150 (150 req/0 extra)
    - External craft (skill_blacksmithing) via Furnace Silver Ingot x3 -> Silver Ingot x15 (15 req/0 extra)
      - Gather Cotton Fiber x120
    - Craft via Spinning Wheel Cotton Cord x3 -> Cotton Cord x30 (30 req/0 extra)
  - Craft via Tailoring Table Silver Buttons x15 -> Silver Buttons x150 (150 req/0 extra)
          - Gather Rough Animal Hide x10
        - External craft (skill_leatherworking) via Simple Tanning Rack Rawhide x1 -> Rawhide x10 (3 req/7 extra)
      - External craft (skill_leatherworking) via Simple Leatherworking Table Nubuck Leather x3 -> Nubuck Leather x3 (3 req/0 extra)
    - External craft (skill_leatherworking) via Simple Leatherworking Table Coarse Leather Band x3 -> Coarse Leather Band x60 (60 req/0 extra)
      - External craft (skill_blacksmithing) via Basic Forge Bronze Sheet x5 -> Bronze Sheet x5 (5 req/0 extra)
    - External craft (skill_blacksmithing) via Basic Forge Bronze Buckle x1 -> Bronze Buckle x25 (20 req/5 extra)
  - External craft (skill_leatherworking) via Simple Leatherworking Table Rough Leather Straps x30 -> Rough Leather Straps x30 (30 req/0 extra)
- Craft Cleric's Alb of Reflection III x15 (final)"
skill_tailoring,16,17,Prerequisite: advance skill_tailoring for crafting Cotton Wadding used in skill_leatherworking,2,recipe_wearable_cloth_chest_cleric_ct_t3_common,Cleric's Alb of Cleansing III,,15,2254.0,31031.3,148.55,Antler-60; Rough Animal Hide-10; Copper Ore-20; Silver Ore-15; Tin Ore-20; Cotton Fiber-2520; Sapwood-400,"Cleric's Alb of Cleansing III x15 (final)
    - Gather Antler x30
  - Craft via Tailoring Table Horn Needles x30 -> Horn Needles x150 (150 req/0 extra)
        - Gather Cotton Fiber x1200
      - Craft via Spinning Wheel Cotton Cord x30 -> Cotton Cord x300 (300 req/0 extra)
    - Craft via Simple Loom Coarse Cotton Cloth x12 -> Coarse Cotton Cloth x60 (60 req/0 extra)
      - Gather Cotton Fiber x1200
    - Craft via Spinning Wheel Cotton Cord x30 -> Cotton Cord x300 (300 req/0 extra)
      - Gather Antler x30
    - Craft via Tailoring Table Horn Needles x30 -> Horn Needles x150 (150 req/0 extra)
  - Craft via Tailoring Table Cotton Wadding x30 -> Cotton Wadding x30 (30 req/0 extra)
        - Gather Tin Ore x20
        - Gather Copper Ore x20
        - Gather Sapwood x100
      - External craft (skill_blacksmithing) via Basic Furnace Bronze Ingot x1 -> Bronze Ingot x20 (10 req/10 extra)
    - External craft (skill_blacksmithing) via Basic Forge Bronze Sheet x5 -> Bronze Sheet x5 (5 req/0 extra)
  - External craft (skill_blacksmithing) via Basic Forge Bronze Buckle x1 -> Bronze Buckle x25 (15 req/10 extra)
      - Gather Silver Ore x15
        - Gather Sapwood x300
      - External craft (skill_building) via Basic Charcoal Kiln Charcoal x6 -> Charcoal x150 (150 req/0 extra)
    - External craft (skill_blacksmithing) via Furnace Silver Ingot x3 -> Silver Ingot x15 (15 req/0 extra)
      - Gather Cotton Fiber x120
    - Craft via Spinning Wheel Cotton Cord x3 -> Cotton Cord x30 (30 req/0 extra)
  - Craft via Tailoring Table Silver Buttons x15 -> Silver Buttons x150 (150 req/0 extra)
          - Gather Rough Animal Hide x10
        - External craft (skill_leatherworking) via Simple Tanning Rack Rawhide x1 -> Rawhide x10 (3 req/7 extra)
      - External craft (skill_leatherworking) via Simple Leatherworking Table Nubuck Leather x3 -> Nubuck Leather x3 (3 req/0 extra)
    - External craft (skill_leatherworking) via Simple Leatherworking Table Coarse Leather Band x3 -> Coarse Leather Band x60 (60 req/0 extra)
      - External craft (skill_blacksmithing) via Basic Forge Bronze Sheet x5 -> Bronze Sheet x5 (5 req/0 extra)
    - External craft (skill_blacksmithing) via Basic Forge Bronze Buckle x1 -> Bronze Buckle x25 (20 req/5 extra)
  - External craft (skill_leatherworking) via Simple Leatherworking Table Rough Leather Straps x30 -> Rough Leather Straps x30 (30 req/0 extra)
- Craft Cleric's Alb of Cleansing III x15 (final)"
skill_tailoring,16,17,Prerequisite: advance skill_tailoring for crafting Cotton Wadding used in skill_leatherworking,3,recipe_wearable_cloth_chest_shepherd_rm_t3_common,Shepherd's Smock of Blooming Fold III,,15,2254.0,31031.3,148.55,Antler-60; Rough Animal Hide-10; Copper Ore-20; Silver Ore-15; Tin Ore-20; Cotton Fiber-2520; Sapwood-400,"Shepherd's Smock of Blooming Fold III x15 (final)
    - Gather Antler x30
  - Craft via Tailoring Table Horn Needles x30 -> Horn Needles x150 (150 req/0 extra)
        - Gather Cotton Fiber x1200
      - Craft via Spinning Wheel Cotton Cord x30 -> Cotton Cord x300 (300 req/0 extra)
    - Craft via Simple Loom Coarse Cotton Cloth x12 -> Coarse Cotton Cloth x60 (60 req/0 extra)
      - Gather Cotton Fiber x1200
    - Craft via Spinning Wheel Cotton Cord x30 -> Cotton Cord x300 (300 req/0 extra)
      - Gather Antler x30
    - Craft via Tailoring Table Horn Needles x30 -> Horn Needles x150 (150 req/0 extra)
  - Craft via Tailoring Table Cotton Wadding x30 -> Cotton Wadding x30 (30 req/0 extra)
        - Gather Tin Ore x20
        - Gather Copper Ore x20
        - Gather Sapwood x100
      - External craft (skill_blacksmithing) via Basic Furnace Bronze Ingot x1 -> Bronze Ingot x20 (10 req/10 extra)
    - External craft (skill_blacksmithing) via Basic Forge Bronze Sheet x5 -> Bronze Sheet x5 (5 req/0 extra)
  - External craft (skill_blacksmithing) via Basic Forge Bronze Buckle x1 -> Bronze Buckle x25 (15 req/10 extra)
      - Gather Silver Ore x15
        - Gather Sapwood x300
      - External craft (skill_building) via Basic Charcoal Kiln Charcoal x6 -> Charcoal x150 (150 req/0 extra)
    - External craft (skill_blacksmithing) via Furnace Silver Ingot x3 -> Silver Ingot x15 (15 req/0 extra)
      - Gather Cotton Fiber x120
    - Craft via Spinning Wheel Cotton Cord x3 -> Cotton Cord x30 (30 req/0 extra)
  - Craft via Tailoring Table Silver Buttons x15 -> Silver Buttons x150 (150 req/0 extra)
          - Gather Rough Animal Hide x10
        - External craft (skill_leatherworking) via Simple Tanning Rack Rawhide x1 -> Rawhide x10 (3 req/7 extra)
      - External craft (skill_leatherworking) via Simple Leatherworking Table Nubuck Leather x3 -> Nubuck Leather x3 (3 req/0 extra)
    - External craft (skill_leatherworking) via Simple Leatherworking Table Coarse Leather Band x3 -> Coarse Leather Band x60 (60 req/0 extra)
      - External craft (skill_blacksmithing) via Basic Forge Bronze Sheet x5 -> Bronze Sheet x5 (5 req/0 extra)
    - External craft (skill_blacksmithing) via Basic Forge Bronze Buckle x1 -> Bronze Buckle x25 (20 req/5 extra)
  - External craft (skill_leatherworking) via Simple Leatherworking Table Rough Leather Straps x30 -> Rough Leather Straps x30 (30 req/0 extra)
- Craft Shepherd's Smock of Blooming Fold III x15 (final)"
skill_building,21,22,,1,recipe_building_prop_door_double_painted,Elegant Wooden Double Door,,28,463.4,12359.8,14.70,Heartwood-900; Impure Iron Ore-1040; Sapwood-5200,"Elegant Wooden Double Door x28 (final)
      - Gather Heartwood x900
    - Craft via Wood Chopping Block Fine Wooden Plank x90 -> Fine Wooden Plank x900 (896 req/4 extra)
            - Gather Impure Iron Ore x240
              - Gather Sapwood x1000
            - Craft via Basic Charcoal Kiln Charcoal x20 -> Charcoal x500 (480 req/20 extra)
          - External craft (skill_blacksmithing) via Basic Furnace Iron Ingot x6 -> Iron Ingot x120 (120 req/0 extra)
            - Gather Sapwood x300
          - Craft via Basic Charcoal Kiln Charcoal x6 -> Charcoal x150 (140 req/10 extra)
        - External craft (skill_blacksmithing) via Basic Furnace Wrought Iron Ingot x4 -> Wrought Iron Ingot x80 (70 req/10 extra)
      - External craft (skill_blacksmithing) via Basic Forge Wrought Iron Bar x14 -> Wrought Iron Bar x28 (27 req/1 extra)
    - External craft (skill_blacksmithing) via Forge Wrought Iron Nails x27 -> Wrought Iron Nails x1350 (1344 req/6 extra)
            - Gather Impure Iron Ore x560
              - Gather Sapwood x2250
            - Craft via Basic Charcoal Kiln Charcoal x45 -> Charcoal x1125 (1110 req/15 extra)
          - External craft (skill_blacksmithing) via Basic Furnace Iron Ingot x14 -> Iron Ingot x280 (270 req/10 extra)
            - Gather Sapwood x700
          - Craft via Basic Charcoal Kiln Charcoal x14 -> Charcoal x350 (345 req/5 extra)
        - External craft (skill_blacksmithing) via Basic Furnace Wrought Iron Ingot x9 -> Wrought Iron Ingot x180 (170 req/10 extra)
      - External craft (skill_blacksmithing) via Forge Wrought Iron Sheet x90 -> Wrought Iron Sheet x90 (90 req/0 extra)
            - Gather Impure Iron Ore x240
              - Gather Sapwood x950
            - Craft via Basic Charcoal Kiln Charcoal x19 -> Charcoal x475 (475 req/0 extra)
          - External craft (skill_blacksmithing) via Basic Furnace Iron Ingot x6 -> Iron Ingot x120 (105 req/15 extra)
        - External craft (skill_blacksmithing) via Basic Forge Iron Bar x23 -> Iron Bar x46 (45 req/1 extra)
      - External craft (skill_blacksmithing) via Basic Forge Iron Nails x45 -> Iron Nails x2250 (2250 req/0 extra)
    - External craft (skill_blacksmithing) via Forge Wrought Iron Hinges x45 -> Wrought Iron Hinges x225 (224 req/1 extra)
  - Craft via Carpenter Workbench Elegant Wooden Door x56 -> item_prop_door_wooden_painted x56 (56 req/0 extra)
- Craft Elegant Wooden Double Door x28 (final)"
skill_building,21,22,,2,recipe_building_prop_shutter_narrow_chevron_left,Narrow Chevron Shutter,,36,365.4,12957.5,25.50,Boar Sinew-72; Bone Fragments-180; Heartwood-290; Rough Animal Hide-80; Impure Iron Ore-320; Limestone-20; Sapwood-1570,"Narrow Chevron Shutter x36 (final)
      - Gather Heartwood x290
    - Craft via Wood Chopping Block Fine Wooden Plank x29 -> Fine Wooden Plank x290 (288 req/2 extra)
          - Gather Impure Iron Ore x80
            - Gather Sapwood x350
          - Craft via Basic Charcoal Kiln Charcoal x7 -> Charcoal x175 (160 req/15 extra)
        - External craft (skill_blacksmithing) via Basic Furnace Iron Ingot x2 -> Iron Ingot x40 (25 req/15 extra)
      - External craft (skill_blacksmithing) via Basic Forge Iron Bar x5 -> Iron Bar x10 (9 req/1 extra)
    - External craft (skill_blacksmithing) via Basic Forge Iron Nails x9 -> Iron Nails x450 (432 req/18 extra)
            - Gather Impure Iron Ore x160
              - Gather Sapwood x650
            - Craft via Basic Charcoal Kiln Charcoal x13 -> Charcoal x325 (305 req/20 extra)
          - External craft (skill_blacksmithing) via Basic Furnace Iron Ingot x4 -> Iron Ingot x80 (75 req/5 extra)
            - Gather Sapwood x200
          - Craft via Basic Charcoal Kiln Charcoal x4 -> Charcoal x100 (100 req/0 extra)
        - External craft (skill_blacksmithing) via Basic Furnace Wrought Iron Ingot x3 -> Wrought Iron Ingot x60 (60 req/0 extra)
      - External craft (skill_blacksmithing) via Forge Wrought Iron Sheet x30 -> Wrought Iron Sheet x30 (30 req/0 extra)
            - Gather Impure Iron Ore x80
              - Gather Sapwood x350
            - Craft via Basic Charcoal Kiln Charcoal x7 -> Charcoal x175 (160 req/15 extra)
          - External craft (skill_blacksmithing) via Basic Furnace Iron Ingot x2 -> Iron Ingot x40 (30 req/10 extra)
        - External craft (skill_blacksmithing) via Basic Forge Iron Bar x7 -> Iron Bar x14 (14 req/0 extra)
      - External craft (skill_blacksmithing) via Basic Forge Iron Nails x15 -> Iron Nails x750 (732 req/18 extra)
    - External craft (skill_blacksmithing) via Forge Wrought Iron Hinges x15 -> Wrought Iron Hinges x75 (72 req/3 extra)
    - Gather Bone Fragments x180
          - Gather Rough Animal Hide x80
            - Gather Limestone x20
            - Gather Sapwood x20
          - External craft (skill_blacksmithing) via Basic Charcoal Kiln Lime x4 -> Lime x40 (40 req/0 extra)
          - Craft via Water Well Water x2 -> Water x40 (40 req/0 extra)
        - External craft (skill_leatherworking) via Simple Tanning Rack Inferior Leather x8 -> Inferior Leather x80 (72 req/8 extra)
      - External craft (skill_leatherworking) via Simple Leatherworking Table Suede Leather x72 -> Suede Leather x72 (72 req/0 extra)
      - Gather Boar Sinew x72
    - External craft (skill_leatherworking) via Simple Leatherworking Table Leather Handles x72 -> Leather Handles x72 (72 req/0 extra)
  - Craft via Carpenter Workbench Narrow Chevron Shutter x36 -> item_prop_shutter_narrow_chevron_left x36 (36 req/0 extra)
- Craft Narrow Chevron Shutter x36 (final)"
skill_building,21,22,,3,recipe_building_prop_shutter_narrow_chevron_right,Narrow Chevron Shutter,,36,365.4,12957.5,25.50,Boar Sinew-72; Bone Fragments-180; Heartwood-290; Rough Animal Hide-80; Impure Iron Ore-320; Limestone-20; Sapwood-1570,"Narrow Chevron Shutter x36 (final)
      - Gather Heartwood x290
    - Craft via Wood Chopping Block Fine Wooden Plank x29 -> Fine Wooden Plank x290 (288 req/2 extra)
          - Gather Impure Iron Ore x80
            - Gather Sapwood x350
          - Craft via Basic Charcoal Kiln Charcoal x7 -> Charcoal x175 (160 req/15 extra)
        - External craft (skill_blacksmithing) via Basic Furnace Iron Ingot x2 -> Iron Ingot x40 (25 req/15 extra)
      - External craft (skill_blacksmithing) via Basic Forge Iron Bar x5 -> Iron Bar x10 (9 req/1 extra)
    - External craft (skill_blacksmithing) via Basic Forge Iron Nails x9 -> Iron Nails x450 (432 req/18 extra)
            - Gather Impure Iron Ore x160
              - Gather Sapwood x650
            - Craft via Basic Charcoal Kiln Charcoal x13 -> Charcoal x325 (305 req/20 extra)
          - External craft (skill_blacksmithing) via Basic Furnace Iron Ingot x4 -> Iron Ingot x80 (75 req/5 extra)
            - Gather Sapwood x200
          - Craft via Basic Charcoal Kiln Charcoal x4 -> Charcoal x100 (100 req/0 extra)
        - External craft (skill_blacksmithing) via Basic Furnace Wrought Iron Ingot x3 -> Wrought Iron Ingot x60 (60 req/0 extra)
      - External craft (skill_blacksmithing) via Forge Wrought Iron Sheet x30 -> Wrought Iron Sheet x30 (30 req/0 extra)
            - Gather Impure Iron Ore x80
              - Gather Sapwood x350
            - Craft via Basic Charcoal Kiln Charcoal x7 -> Charcoal x175 (160 req/15 extra)
          - External craft (skill_blacksmithing) via Basic Furnace Iron Ingot x2 -> Iron Ingot x40 (30 req/10 extra)
        - External craft (skill_blacksmithing) via Basic Forge Iron Bar x7 -> Iron Bar x14 (14 req/0 extra)
      - External craft (skill_blacksmithing) via Basic Forge Iron Nails x15 -> Iron Nails x750 (732 req/18 extra)
    - External craft (skill_blacksmithing) via Forge Wrought Iron Hinges x15 -> Wrought Iron Hinges x75 (72 req/3 extra)
    - Gather Bone Fragments x180
          - Gather Rough Animal Hide x80
            - Gather Limestone x20
            - Gather Sapwood x20
          - External craft (skill_blacksmithing) via Basic Charcoal Kiln Lime x4 -> Lime x40 (40 req/0 extra)
          - Craft via Water Well Water x2 -> Water x40 (40 req/0 extra)
        - External craft (skill_leatherworking) via Simple Tanning Rack Inferior Leather x8 -> Inferior Leather x80 (72 req/8 extra)
      - External craft (skill_leatherworking) via Simple Leatherworking Table Suede Leather x72 -> Suede Leather x72 (72 req/0 extra)
      - Gather Boar Sinew x72
    - External craft (skill_leatherworking) via Simple Leatherworking Table Leather Handles x72 -> Leather Handles x72 (72 req/0 extra)
  - Craft via Carpenter Workbench Narrow Chevron Shutter x36 -> item_prop_shutter_narrow_chevron_left x36 (36 req/0 extra)
- Craft Narrow Chevron Shutter x36 (final)"
skill_armor_smithing,11,12,,1,recipe_crafter_blacksmith_armor_workbench_2,Armorer Workbench,,53,232.2,12307.4,265.66,Heartwood-750; Rough Animal Hide-110; Copper Ore-540; Impure Iron Ore-2160; Tin Ore-540; Limestone-30; Sapwood-13530,"Armorer Workbench x53 (final)
          - Gather Impure Iron Ore x1640
            - Gather Sapwood x6600
          - External craft (skill_building) via Basic Charcoal Kiln Charcoal x132 -> Charcoal x3300 (3280 req/20 extra)
        - External craft (skill_blacksmithing) via Basic Furnace Iron Ingot x41 -> Iron Ingot x820 (810 req/10 extra)
          - Gather Sapwood x2150
        - External craft (skill_building) via Basic Charcoal Kiln Charcoal x43 -> Charcoal x1075 (1060 req/15 extra)
      - External craft (skill_blacksmithing) via Basic Furnace Wrought Iron Ingot x27 -> Wrought Iron Ingot x540 (530 req/10 extra)
    - External craft (skill_blacksmithing) via Forge Wrought Iron Sheet x265 -> Wrought Iron Sheet x265 (265 req/0 extra)
        - Gather Rough Animal Hide x110
          - Gather Limestone x30
          - Gather Sapwood x30
        - External craft (skill_blacksmithing) via Basic Charcoal Kiln Lime x6 -> Lime x60 (55 req/5 extra)
        - External craft (skill_building) via Water Well Water x3 -> Water x60 (55 req/5 extra)
      - External craft (skill_leatherworking) via Simple Tanning Rack Inferior Leather x11 -> Inferior Leather x110 (106 req/4 extra)
    - External craft (skill_leatherworking) via Leatherworking Table Heavy Top Grain Leather x106 -> Heavy Top Grain Leather x106 (106 req/0 extra)
          - Gather Impure Iron Ore x520
            - Gather Sapwood x2050
          - External craft (skill_building) via Basic Charcoal Kiln Charcoal x41 -> Charcoal x1025 (1025 req/0 extra)
        - External craft (skill_blacksmithing) via Basic Furnace Iron Ingot x13 -> Iron Ingot x260 (255 req/5 extra)
      - External craft (skill_blacksmithing) via Basic Forge Iron Bar x53 -> Iron Bar x106 (106 req/0 extra)
    - External craft (skill_blacksmithing) via Basic Forge Iron Nails x106 -> Iron Nails x5300 (5300 req/0 extra)
        - Gather Tin Ore x540
        - Gather Copper Ore x540
        - Gather Sapwood x2700
      - External craft (skill_blacksmithing) via Basic Furnace Bronze Ingot x27 -> Bronze Ingot x540 (530 req/10 extra)
    - External craft (skill_blacksmithing) via Basic Forge Bronze Sheet x265 -> Bronze Sheet x265 (265 req/0 extra)
  - Craft via Basic Armorer Workbench Armorer Tools x53 -> Armorer Tools x53 (53 req/0 extra)
    - Gather Heartwood x430
  - External craft (skill_building) via Wood Chopping Block Fine Wood Beam x43 -> Fine Wood Beam x215 (212 req/3 extra)
    - Gather Heartwood x320
  - External craft (skill_building) via Wood Chopping Block Fine Wooden Plank x32 -> Fine Wooden Plank x320 (318 req/2 extra)
- Craft Armorer Workbench x53 (final)"
skill_armor_smithing,11,12,,2,recipe_wearable_metal_feet_pilgrim_boj2_t2_rare,Pilgrim's Sabatons II,,33,380.3,12550.2,485.07,Rough Animal Hide-10; Copper Ore-40; Impure Iron Ore-1360; Tin Ore-40; Cobra Lily-330; Sapwood-5650; Worn Out Sigil-396; Seal of the Lost Abbot-33,"Pilgrim's Sabatons II x33 (final)
  - Gather Worn Out Sigil x396
  - Gather Seal of the Lost Abbot x33
  - Gather Cobra Lily x330
      - Gather Impure Iron Ore x1320
        - Gather Sapwood x5300
      - External craft (skill_building) via Basic Charcoal Kiln Charcoal x106 -> Charcoal x2650 (2640 req/10 extra)
    - External craft (skill_blacksmithing) via Basic Furnace Iron Ingot x33 -> Iron Ingot x660 (660 req/0 extra)
  - External craft (skill_blacksmithing) via Basic Forge Iron Sheet x330 -> Iron Sheet x330 (330 req/0 extra)
        - Gather Rough Animal Hide x10
      - External craft (skill_leatherworking) via Simple Tanning Rack Rawhide x1 -> Rawhide x10 (4 req/6 extra)
    - External craft (skill_leatherworking) via Simple Leatherworking Table Nubuck Leather x4 -> Nubuck Leather x4 (4 req/0 extra)
  - External craft (skill_leatherworking) via Simple Leatherworking Table Coarse Leather Band x4 -> Coarse Leather Band x80 (66 req/14 extra)
        - Gather Tin Ore x40
        - Gather Copper Ore x40
        - Gather Sapwood x200
      - External craft (skill_blacksmithing) via Basic Furnace Bronze Ingot x2 -> Bronze Ingot x40 (30 req/10 extra)
    - External craft (skill_blacksmithing) via Basic Forge Bronze Sheet x15 -> Bronze Sheet x15 (15 req/0 extra)
  - External craft (skill_blacksmithing) via Basic Forge Bronze Buckle x3 -> Bronze Buckle x75 (66 req/9 extra)
        - Gather Impure Iron Ore x40
          - Gather Sapwood x150
        - External craft (skill_building) via Basic Charcoal Kiln Charcoal x3 -> Charcoal x75 (70 req/5 extra)
      - External craft (skill_blacksmithing) via Basic Furnace Iron Ingot x1 -> Iron Ingot x20 (10 req/10 extra)
    - External craft (skill_blacksmithing) via Basic Forge Iron Bar x2 -> Iron Bar x4 (4 req/0 extra)
  - External craft (skill_blacksmithing) via Basic Forge Iron Studs x4 -> Iron Studs x800 (660 req/140 extra)
- Craft Pilgrim's Sabatons II x33 (final)"
skill_armor_smithing,11,12,,3,recipe_wearable_metal_feet_warrior_ss_t2_rare,Warrior's Sabatons of Swift March II,,35,352.5,12338.5,514.46,Rough Animal Hide-10; Copper Ore-40; Impure Iron Ore-1440; Tin Ore-40; Cobra Lily-350; Sapwood-6000; Furry Collarstone-420; Icon of the Choir-35,"Warrior's Sabatons of Swift March II x35 (final)
  - Gather Furry Collarstone x420
  - Gather Icon of the Choir x35
  - Gather Cobra Lily x350
      - Gather Impure Iron Ore x1400
        - Gather Sapwood x5600
      - External craft (skill_building) via Basic Charcoal Kiln Charcoal x112 -> Charcoal x2800 (2800 req/0 extra)
    - External craft (skill_blacksmithing) via Basic Furnace Iron Ingot x35 -> Iron Ingot x700 (700 req/0 extra)
  - External craft (skill_blacksmithing) via Basic Forge Iron Sheet x350 -> Iron Sheet x350 (350 req/0 extra)
        - Gather Rough Animal Hide x10
      - External craft (skill_leatherworking) via Simple Tanning Rack Rawhide x1 -> Rawhide x10 (4 req/6 extra)
    - External craft (skill_leatherworking) via Simple Leatherworking Table Nubuck Leather x4 -> Nubuck Leather x4 (4 req/0 extra)
  - External craft (skill_leatherworking) via Simple Leatherworking Table Coarse Leather Band x4 -> Coarse Leather Band x80 (70 req/10 extra)
        - Gather Tin Ore x40
        - Gather Copper Ore x40
        - Gather Sapwood x200
      - External craft (skill_blacksmithing) via Basic Furnace Bronze Ingot x2 -> Bronze Ingot x40 (30 req/10 extra)
    - External craft (skill_blacksmithing) via Basic Forge Bronze Sheet x15 -> Bronze Sheet x15 (15 req/0 extra)
  - External craft (skill_blacksmithing) via Basic Forge Bronze Buckle x3 -> Bronze Buckle x75 (70 req/5 extra)
        - Gather Impure Iron Ore x40
          - Gather Sapwood x200
        - External craft (skill_building) via Basic Charcoal Kiln Charcoal x4 -> Charcoal x100 (80 req/20 extra)
      - External craft (skill_blacksmithing) via Basic Furnace Iron Ingot x1 -> Iron Ingot x20 (10 req/10 extra)
    - External craft (skill_blacksmithing) via Basic Forge Iron Bar x2 -> Iron Bar x4 (4 req/0 extra)
  - External craft (skill_blacksmithing) via Basic Forge Iron Studs x4 -> Iron Studs x800 (700 req/100 extra)
- Craft Warrior's Sabatons of Swift March II x35 (final)"
skill_cooking,13,14,,1,recipe_activatable_foodcooked_vegetable_stew_maxstamina_8,Springtime Stew,,80,236.4,18913.3,119.90,Penny Bun-400; Animal Fat-32; Garlic-80; Mustard-80; Red Onion-160,"Springtime Stew x80 (final)
  - Gather Red Onion x160
  - Gather Mustard x80
  - Gather Garlic x80
  - Gather Penny Bun x400
    - Gather Animal Fat x32
  - Craft via Basic Cooking Hearth Lard x16 -> Lard x80 (80 req/0 extra)
- Craft Springtime Stew x80 (final)"
skill_cooking,13,14,,2,recipe_activatable_foodcooked_stew_staminaregen_12,Basic Stew,,79,240.0,18959.4,134.01,Penny Bun-395; Boar Carcass-20; Deer Carcass-40; Yellow Onion-79,"Basic Stew x79 (final)
    - Gather Boar Carcass x20
  - External craft (skill_charcuterie) via Campfire Meat Chunks x20 -> Meat Chunks x160 (158 req/2 extra)
  - Gather Yellow Onion x79
    - Gather Deer Carcass x40
  - External craft (skill_charcuterie) via Campfire Poorly Parted Deer x40 -> Deer Shank Meat x80 (79 req/1 extra)
  - Gather Penny Bun x395
- Craft Basic Stew x79 (final)"
skill_cooking,13,14,,3,recipe_activatable_drink_sirup_hpregen_13,Raspberry Syrup,,89,211.3,18802.0,142.63,Raspberry-445,"Raspberry Syrup x89 (final)
  - External craft (skill_building) via Water Well Water x23 -> Water x460 (445 req/15 extra)
  - Gather Raspberry x445
- Craft Raspberry Syrup x89 (final)"
skill_jewelerycrafting,12,13,,1,recipe_wearable_jewellery_bracelet_poor_9,Small Silver Bracelet,,51,305.2,15567.1,20.40,Impure Iron Ore-200; Sapwood-1050,"Small Silver Bracelet x51 (final)
      - Gather Impure Iron Ore x200
        - Gather Sapwood x800
      - External craft (skill_building) via Basic Charcoal Kiln Charcoal x16 -> Charcoal x400 (400 req/0 extra)
    - External craft (skill_blacksmithing) via Basic Furnace Iron Ingot x5 -> Iron Ingot x100 (90 req/10 extra)
      - Gather Sapwood x250
    - External craft (skill_building) via Basic Charcoal Kiln Charcoal x5 -> Charcoal x125 (120 req/5 extra)
  - External craft (skill_blacksmithing) via Basic Furnace Wrought Iron Ingot x3 -> Wrought Iron Ingot x60 (51 req/9 extra)
- Craft Small Silver Bracelet x51 (final)"
skill_jewelerycrafting,12,13,,2,recipe_wearable_jewellery_bracelet_common_7,Shiny Silver Bracelet,,63,247.0,15558.9,25.20,Impure Iron Ore-240; Sapwood-1300,"Shiny Silver Bracelet x63 (final)
      - Gather Impure Iron Ore x240
        - Gather Sapwood x1000
      - External craft (skill_building) via Basic Charcoal Kiln Charcoal x20 -> Charcoal x500 (480 req/20 extra)
    - External craft (skill_blacksmithing) via Basic Furnace Iron Ingot x6 -> Iron Ingot x120 (120 req/0 extra)
      - Gather Sapwood x300
    - External craft (skill_building) via Basic Charcoal Kiln Charcoal x6 -> Charcoal x150 (140 req/10 extra)
  - External craft (skill_blacksmithing) via Basic Furnace Wrought Iron Ingot x4 -> Wrought Iron Ingot x80 (63 req/17 extra)
- Craft Shiny Silver Bracelet x63 (final)"
skill_jewelerycrafting,12,13,,3,recipe_wearable_jewellery_earring_common_3,Slender Bronze Earring,,100,153.9,15394.7,20.67,Copper Ore-200; Sapwood-600,"Slender Bronze Earring x100 (final)
    - Gather Copper Ore x200
      - Gather Sapwood x600
    - External craft (skill_building) via Basic Charcoal Kiln Charcoal x12 -> Charcoal x300 (300 req/0 extra)
  - External craft (skill_blacksmithing) via Basic Furnace Copper Ingot x10 -> Copper Ingot x100 (100 req/0 extra)
- Craft Slender Bronze Earring x100 (final)"
skill_winery_and_brewing,12,13,,1,recipe_crafter_wine_barrel_1,Wine Barrel,,48,318.1,15268.9,253.20,Copper Ore-680; Impure Iron Ore-80; Tin Ore-480; Sand-19200; Sapwood-26790,"Wine Barrel x48 (final)
      - Gather Copper Ore x200
        - Gather Sapwood x600
      - External craft (skill_building) via Basic Charcoal Kiln Charcoal x12 -> Charcoal x300 (300 req/0 extra)
    - External craft (skill_blacksmithing) via Basic Furnace Copper Ingot x10 -> Copper Ingot x100 (96 req/4 extra)
        - Gather Sand x19200
          - Gather Sapwood x23050
        - External craft (skill_building) via Basic Charcoal Kiln Charcoal x461 -> Charcoal x11525 (11520 req/5 extra)
      - External craft (skill_building) via Furnace Glass x384 -> Glass x3840 (3840 req/0 extra)
    - External craft (skill_blacksmithing) via Forge Vial x192 -> Vial x960 (960 req/0 extra)
        - Gather Tin Ore x480
        - Gather Copper Ore x480
        - Gather Sapwood x2400
      - External craft (skill_blacksmithing) via Basic Furnace Bronze Ingot x24 -> Bronze Ingot x480 (480 req/0 extra)
    - External craft (skill_blacksmithing) via Basic Forge Bronze Sheet x240 -> Bronze Sheet x240 (240 req/0 extra)
  - Craft via Basic Cooking Workbench Barrel Pieces x48 -> Barrel Pieces x48 (48 req/0 extra)
    - Gather Sapwood x390
  - External craft (skill_building) via Wood Chopping Block Plank x39 -> Plank x390 (384 req/6 extra)
        - Gather Impure Iron Ore x80
          - Gather Sapwood x350
        - External craft (skill_building) via Basic Charcoal Kiln Charcoal x7 -> Charcoal x175 (155 req/20 extra)
      - External craft (skill_blacksmithing) via Basic Furnace Iron Ingot x2 -> Iron Ingot x40 (25 req/15 extra)
    - External craft (skill_blacksmithing) via Basic Forge Iron Bar x5 -> Iron Bar x10 (10 req/0 extra)
  - External craft (skill_blacksmithing) via Basic Forge Iron Nails x10 -> Iron Nails x500 (480 req/20 extra)
- Craft Wine Barrel x48 (final)"
skill_winery_and_brewing,12,13,,2,recipe_activatable_drink_mead_staminaregen_16,Blueberry Mead,,104,147.0,15291.7,208.35,Blueberry-520; Barley Grain-120; Rye Grain-120,"Blueberry Mead x104 (final)
  - External craft (skill_cooking) via Basic Beehive Honey x104 -> Honey x520 (520 req/0 extra)
      - Gather Barley Grain x120
    - Craft via Basic Fermenter Malt x6 -> Malt x120 (110 req/10 extra)
      - External craft (skill_building) via Water Well Water x6 -> Water x120 (120 req/0 extra)
        - Gather Rye Grain x120
      - External craft (skill_baking) via Millstone Rye Flour x6 -> Rye Flour x120 (120 req/0 extra)
    - External craft (skill_baking) via Basic Fermenter Yeast x6 -> Yeast x120 (110 req/10 extra)
    - External craft (skill_building) via Water Well Water x6 -> Water x120 (110 req/10 extra)
  - Craft via Basic Fermenter Weak Mead Base x11 -> Weak Mead Base x110 (104 req/6 extra)
  - Gather Blueberry x520
- Craft Blueberry Mead x104 (final)"
skill_winery_and_brewing,12,13,,3,recipe_activatable_drink_mead_staminaregen_8,Weak Mead,,149,101.8,15171.1,250.82,Barley Grain-160; Rye Grain-160,"Weak Mead x149 (final)
  - External craft (skill_cooking) via Basic Beehive Honey x149 -> Honey x745 (745 req/0 extra)
      - Gather Barley Grain x160
    - Craft via Basic Fermenter Malt x8 -> Malt x160 (150 req/10 extra)
      - External craft (skill_building) via Water Well Water x8 -> Water x160 (160 req/0 extra)
        - Gather Rye Grain x160
      - External craft (skill_baking) via Millstone Rye Flour x8 -> Rye Flour x160 (160 req/0 extra)
    - External craft (skill_baking) via Basic Fermenter Yeast x8 -> Yeast x160 (150 req/10 extra)
    - External craft (skill_building) via Water Well Water x8 -> Water x160 (150 req/10 extra)
  - Craft via Basic Fermenter Weak Mead Base x15 -> Weak Mead Base x150 (149 req/1 extra)
- Craft Weak Mead x149 (final)"
skill_alchemy,13,14,,1,recipe_crafter_alchemy_workbench_2,Alchemy Table,,60,313.6,18815.5,300.75,Nightshade Fruit-300; Heartwood-840; Rough Animal Hide-360; Copper Ore-1500; Tin Ore-1500; Limestone-150; Sand-6000; Sapwood-14850,"Alchemy Table x60 (final)
      - Gather Sand x6000
        - Gather Sapwood x7200
      - External craft (skill_building) via Basic Charcoal Kiln Charcoal x144 -> Charcoal x3600 (3600 req/0 extra)
    - External craft (skill_building) via Furnace Glass x120 -> Glass x1200 (1200 req/0 extra)
        - Gather Rough Animal Hide x360
          - Gather Limestone x90
          - Gather Sapwood x90
        - External craft (skill_blacksmithing) via Basic Charcoal Kiln Lime x18 -> Lime x180 (180 req/0 extra)
        - External craft (skill_building) via Water Well Water x9 -> Water x180 (180 req/0 extra)
      - External craft (skill_leatherworking) via Simple Tanning Rack Inferior Leather x36 -> Inferior Leather x360 (360 req/0 extra)
        - Gather Limestone x60
        - Gather Sapwood x60
      - External craft (skill_blacksmithing) via Basic Charcoal Kiln Lime x12 -> Lime x120 (120 req/0 extra)
      - External craft (skill_building) via Water Well Water x6 -> Water x120 (120 req/0 extra)
    - External craft (skill_leatherworking) via Tanning Rack Boiled Leather x24 -> Boiled Leather x120 (120 req/0 extra)
        - Gather Tin Ore x1500
        - Gather Copper Ore x1500
        - Gather Sapwood x7500
      - External craft (skill_blacksmithing) via Basic Furnace Bronze Ingot x75 -> Bronze Ingot x1500 (1500 req/0 extra)
    - External craft (skill_blacksmithing) via Basic Forge Bronze Bar x300 -> Bronze Bar x300 (300 req/0 extra)
    - Gather Nightshade Fruit x300
  - Craft via Basic Alchemy Table Alchemy Instruments x60 -> Alchemy Instruments x60 (60 req/0 extra)
    - Gather Heartwood x480
  - External craft (skill_building) via Wood Chopping Block Fine Wood Beam x48 -> Fine Wood Beam x240 (240 req/0 extra)
    - Gather Heartwood x360
  - External craft (skill_building) via Wood Chopping Block Fine Wooden Plank x36 -> Fine Wooden Plank x360 (360 req/0 extra)
- Craft Alchemy Table x60 (final)"
skill_alchemy,13,14,,2,recipe_activatable_potion_arcance_resistance_very_small_23,Poison Resistance I,,82,229.9,18853.1,290.62,Amanita Regalis-85; Sand-4920; Sapwood-5000,"Poison Resistance I x82 (final)
    - Gather Amanita Regalis x85
      - Gather Sapwood x100
    - External craft (skill_building) via Basic Charcoal Kiln Charcoal x2 -> Charcoal x50 (34 req/16 extra)
    - External craft (skill_building) via Water Well Water x5 -> Water x100 (85 req/15 extra)
  - Craft via Basic Reagent Distiller Amanita Regalis Extract x17 -> Amanita Regalis Extract x170 (164 req/6 extra)
  - External craft (skill_building) via Water Well Water x28 -> Water x560 (559 req/1 extra)
      - Gather Sand x4920
        - Gather Sapwood x4900
      - External craft (skill_building) via Basic Charcoal Kiln Charcoal x98 -> Charcoal x2450 (2444 req/6 extra)
    - External craft (skill_building) via Basic Furnace Rough Glass x123 -> Rough Glass x1230 (1230 req/0 extra)
  - External craft (skill_blacksmithing) via Basic Forge Small Vial x82 -> Small Vial x410 (410 req/0 extra)
- Craft Poison Resistance I x82 (final)"
skill_alchemy,13,14,,3,recipe_activatable_potion_hp_regeneration_very_small_21,Weak Healing Potion III,,83,225.5,18717.2,291.40,Tansy-85; Sand-5000; Sapwood-5100,"Weak Healing Potion III x83 (final)
    - Gather Tansy x85
      - Gather Sapwood x100
    - External craft (skill_building) via Basic Charcoal Kiln Charcoal x2 -> Charcoal x50 (34 req/16 extra)
    - External craft (skill_building) via Water Well Water x5 -> Water x100 (85 req/15 extra)
  - Craft via Basic Reagent Distiller Tansy Extract x17 -> Tansy Extract x170 (166 req/4 extra)
  - External craft (skill_building) via Water Well Water x29 -> Water x580 (566 req/14 extra)
      - Gather Sand x5000
        - Gather Sapwood x5000
      - External craft (skill_building) via Basic Charcoal Kiln Charcoal x100 -> Charcoal x2500 (2484 req/16 extra)
    - External craft (skill_building) via Basic Furnace Rough Glass x125 -> Rough Glass x1250 (1245 req/5 extra)
  - External craft (skill_blacksmithing) via Basic Forge Small Vial x83 -> Small Vial x415 (415 req/0 extra)
- Craft Weak Healing Potion III x83 (final)"
skill_baking,15,16,,1,recipe_activatable_foodcooked_bread_hpregen_20,Barley and Rye Bread,,117,236.9,27714.9,117.68,Suet-94; Barley Grain-60; Rye Grain-274,"Barley and Rye Bread x117 (final)
      - Gather Barley Grain x60
    - Craft via Millstone Barley Flour x3 -> Barley Flour x60 (48 req/12 extra)
      - External craft (skill_building) via Water Well Water x2 -> Water x40 (40 req/0 extra)
        - Gather Rye Grain x40
      - Craft via Millstone Rye Flour x2 -> Rye Flour x40 (40 req/0 extra)
    - Craft via Basic Fermenter Yeast x2 -> Yeast x40 (24 req/16 extra)
    - External craft (skill_building) via Water Well Water x6 -> Water x120 (120 req/0 extra)
  - Craft via Basic Cooking Workbench Barley Dough x24 -> Barley Dough x120 (117 req/3 extra)
  - Gather Rye Grain x234
    - Gather Suet x94
  - External craft (skill_cooking) via Basic Cooking Hearth Tallow x47 -> Tallow x235 (234 req/1 extra)
- Craft Barley and Rye Bread x117 (final)"
skill_baking,15,16,,2,recipe_activatable_foodcooked_pastry_staminaregen_22,Trail Pie,,115,240.4,27643.5,565.42,Animal Fat-460; Barley Grain-460; Rye Grain-240,"Trail Pie x115 (final)
      - Gather Barley Grain x460
    - Craft via Millstone Barley Flour x23 -> Barley Flour x460 (460 req/0 extra)
      - External craft (skill_building) via Water Well Water x12 -> Water x240 (240 req/0 extra)
        - Gather Rye Grain x240
      - Craft via Millstone Rye Flour x12 -> Rye Flour x240 (240 req/0 extra)
    - Craft via Basic Fermenter Yeast x12 -> Yeast x240 (230 req/10 extra)
    - External craft (skill_building) via Water Well Water x58 -> Water x1160 (1150 req/10 extra)
  - Craft via Basic Cooking Workbench Barley Dough x230 -> Barley Dough x1150 (1150 req/0 extra)
    - Gather Animal Fat x460
  - External craft (skill_cooking) via Basic Cooking Hearth Lard x230 -> Lard x1150 (1150 req/0 extra)
- Craft Trail Pie x115 (final)"
skill_baking,15,16,,3,recipe_activatable_foodcooked_bread_hpregen_10,Fruity Rye Bread,,1969,14.0,27566.0,7071.99,Elderberry-39380; Animal Fat-788; Rye Grain-1200,"Fruity Rye Bread x1969 (final)
      - Gather Rye Grain x800
    - Craft via Millstone Rye Flour x40 -> Rye Flour x800 (788 req/12 extra)
      - External craft (skill_building) via Water Well Water x20 -> Water x400 (400 req/0 extra)
        - Gather Rye Grain x400
      - Craft via Millstone Rye Flour x20 -> Rye Flour x400 (388 req/12 extra)
    - Craft via Basic Fermenter Yeast x20 -> Yeast x400 (394 req/6 extra)
    - External craft (skill_building) via Water Well Water x99 -> Water x1980 (1970 req/10 extra)
  - Craft via Basic Cooking Workbench Rye Dough x394 -> Rye Dough x1970 (1969 req/1 extra)
  - Gather Elderberry x39380
    - Gather Animal Fat x788
  - External craft (skill_cooking) via Basic Cooking Hearth Lard x394 -> Lard x1970 (1969 req/1 extra)
- Craft Fruity Rye Bread x1969 (final)"
skill_weapon_smithing,15,16,,1,recipe_wieldable_tool_skinning_knife_t2_common,Iron Skinning Knife,,111,249.3,27677.5,139.31,Rough Animal Hide-20; Impure Iron Ore-1560; Sapwood-6365,"Iron Skinning Knife x111 (final)
        - Gather Impure Iron Ore x1120
          - Gather Sapwood x4500
        - External craft (skill_building) via Basic Charcoal Kiln Charcoal x90 -> Charcoal x2250 (2240 req/10 extra)
      - External craft (skill_blacksmithing) via Basic Furnace Iron Ingot x28 -> Iron Ingot x560 (555 req/5 extra)
    - External craft (skill_blacksmithing) via Basic Forge Iron Bar x111 -> Iron Bar x222 (222 req/0 extra)
  - External craft (skill_blacksmithing) via Basic Forge Iron Knife Blade x111 -> Iron Knife Blade x111 (111 req/0 extra)
    - Gather Sapwood x115
  - External craft (skill_building) via Wood Chopping Block Long Wood Stock x23 -> Long Wood Stock x115 (111 req/4 extra)
      - Gather Impure Iron Ore x440
        - Gather Sapwood x1750
      - External craft (skill_building) via Basic Charcoal Kiln Charcoal x35 -> Charcoal x875 (870 req/5 extra)
    - External craft (skill_blacksmithing) via Basic Furnace Iron Ingot x11 -> Iron Ingot x220 (217 req/3 extra)
  - External craft (skill_blacksmithing) via Basic Forge Iron Sheet x111 -> Iron Sheet x111 (111 req/0 extra)
        - Gather Rough Animal Hide x20
      - External craft (skill_leatherworking) via Simple Tanning Rack Rawhide x2 -> Rawhide x20 (12 req/8 extra)
    - External craft (skill_leatherworking) via Simple Leatherworking Table Nubuck Leather x12 -> Nubuck Leather x12 (12 req/0 extra)
  - External craft (skill_leatherworking) via Simple Leatherworking Table Coarse Leather Band x12 -> Coarse Leather Band x240 (222 req/18 extra)
- Craft Iron Skinning Knife x111 (final)"
skill_weapon_smithing,15,16,,2,recipe_wieldable_tool_woodcutting_axe_t2_rare,Honed Iron Chopping Axe,,47,592.9,27866.3,226.45,Rough Animal Hide-10; Impure Iron Ore-1160; Sapwood-4745; Worn Out Locket-564; Token of the Murmur-47,"Honed Iron Chopping Axe x47 (final)
  - Gather Worn Out Locket x564
  - Gather Token of the Murmur x47
    - Gather Sapwood x95
  - External craft (skill_building) via Wood Chopping Block Long Wood Stock x19 -> Long Wood Stock x95 (94 req/1 extra)
        - Gather Impure Iron Ore x960
          - Gather Sapwood x3850
        - External craft (skill_building) via Basic Charcoal Kiln Charcoal x77 -> Charcoal x1925 (1920 req/5 extra)
      - External craft (skill_blacksmithing) via Basic Furnace Iron Ingot x24 -> Iron Ingot x480 (470 req/10 extra)
    - External craft (skill_blacksmithing) via Basic Forge Iron Sheet x235 -> Iron Sheet x235 (235 req/0 extra)
      - Gather Impure Iron Ore x200
        - Gather Sapwood x800
      - External craft (skill_building) via Basic Charcoal Kiln Charcoal x16 -> Charcoal x400 (395 req/5 extra)
    - External craft (skill_blacksmithing) via Basic Furnace Iron Ingot x5 -> Iron Ingot x100 (84 req/16 extra)
  - External craft (skill_blacksmithing) via Basic Forge Iron Axe Head x47 -> Iron Axe Head x47 (47 req/0 extra)
        - Gather Rough Animal Hide x10
      - External craft (skill_leatherworking) via Simple Tanning Rack Rawhide x1 -> Rawhide x10 (3 req/7 extra)
    - External craft (skill_leatherworking) via Simple Leatherworking Table Nubuck Leather x3 -> Nubuck Leather x3 (3 req/0 extra)
  - External craft (skill_leatherworking) via Simple Leatherworking Table Coarse Leather Band x3 -> Coarse Leather Band x60 (47 req/13 extra)
- Craft Honed Iron Chopping Axe x47 (final)"
skill_weapon_smithing,15,16,,3,recipe_wieldable_sword_2h_0_t2_rare,Warded Iron Greatsword,,40,700.2,28007.6,245.93,Rough Animal Hide-20; Copper Ore-400; Impure Iron Ore-1600; Tin Ore-400; Sapwood-8400; Worn Out Locket-480; Amulet of the Accord-40,"Warded Iron Greatsword x40 (final)
  - Gather Worn Out Locket x480
  - Gather Amulet of the Accord x40
        - Gather Impure Iron Ore x1000
          - Gather Sapwood x4000
        - External craft (skill_building) via Basic Charcoal Kiln Charcoal x80 -> Charcoal x2000 (2000 req/0 extra)
      - External craft (skill_blacksmithing) via Basic Furnace Iron Ingot x25 -> Iron Ingot x500 (500 req/0 extra)
    - External craft (skill_blacksmithing) via Basic Forge Iron Bar x100 -> Iron Bar x200 (200 req/0 extra)
  - External craft (skill_blacksmithing) via Basic Forge Iron Sword Blade x40 -> Iron Sword Blade x40 (40 req/0 extra)
        - Gather Impure Iron Ore x200
          - Gather Sapwood x800
        - External craft (skill_building) via Basic Charcoal Kiln Charcoal x16 -> Charcoal x400 (400 req/0 extra)
      - External craft (skill_blacksmithing) via Basic Furnace Iron Ingot x5 -> Iron Ingot x100 (100 req/0 extra)
    - External craft (skill_blacksmithing) via Basic Forge Iron Bar x20 -> Iron Bar x40 (40 req/0 extra)
          - Gather Tin Ore x400
          - Gather Copper Ore x400
          - Gather Sapwood x2000
        - External craft (skill_blacksmithing) via Basic Furnace Bronze Ingot x20 -> Bronze Ingot x400 (400 req/0 extra)
      - External craft (skill_blacksmithing) via Basic Forge Bronze Bar x80 -> Bronze Bar x80 (80 req/0 extra)
    - External craft (skill_blacksmithing) via Basic Forge Bronze Spike x40 -> Bronze Spike x40 (40 req/0 extra)
          - Gather Rough Animal Hide x10
        - External craft (skill_leatherworking) via Simple Tanning Rack Rawhide x1 -> Rawhide x10 (10 req/0 extra)
      - External craft (skill_leatherworking) via Simple Leatherworking Table Nubuck Leather x10 -> Nubuck Leather x10 (10 req/0 extra)
    - External craft (skill_leatherworking) via Simple Leatherworking Table Coarse Leather Band x10 -> Coarse Leather Band x200 (200 req/0 extra)
  - External craft (skill_blacksmithing) via Basic Forge Sword Hilt x40 -> Sword Hilt x40 (40 req/0 extra)
      - Gather Impure Iron Ore x400
        - Gather Sapwood x1600
      - External craft (skill_building) via Basic Charcoal Kiln Charcoal x32 -> Charcoal x800 (800 req/0 extra)
    - External craft (skill_blacksmithing) via Basic Furnace Iron Ingot x10 -> Iron Ingot x200 (200 req/0 extra)
  - External craft (skill_blacksmithing) via Basic Forge Iron Bar x40 -> Iron Bar x80 (80 req/0 extra)
        - Gather Rough Animal Hide x10
      - External craft (skill_leatherworking) via Simple Tanning Rack Rawhide x1 -> Rawhide x10 (10 req/0 extra)
    - External craft (skill_leatherworking) via Simple Leatherworking Table Nubuck Leather x10 -> Nubuck Leather x10 (10 req/0 extra)
  - External craft (skill_leatherworking) via Simple Leatherworking Table Coarse Leather Band x10 -> Coarse Leather Band x200 (200 req/0 extra)
- Craft Warded Iron Greatsword x40 (final)"
skill_fletching,16,17,,1,recipe_wieldable_bow_2h_0_t2_rare,Warded Longbow,,47,706.9,33226.0,314.41,Boar Sinew-235; Rough Animal Hide-30; Sapwood-145; Resin-329; Token of the Whisper-47; Furry Collarstone-564,"Warded Longbow x47 (final)
  - Gather Furry Collarstone x564
  - Gather Token of the Whisper x47
      - Gather Sapwood x145
    - External craft (skill_building) via Wood Chopping Block Long Wood Stock x29 -> Long Wood Stock x145 (141 req/4 extra)
    - Gather Resin x329
    - External craft (skill_cooking) via Basic Beehive Beeswax x94 -> Beeswax x470 (470 req/0 extra)
  - Craft via Basic Fletching Table Rough Bow Stave x47 -> Rough Bow Stave x47 (47 req/0 extra)
  - Gather Boar Sinew x235
        - Gather Rough Animal Hide x30
      - External craft (skill_leatherworking) via Simple Tanning Rack Rawhide x3 -> Rawhide x30 (24 req/6 extra)
    - External craft (skill_leatherworking) via Simple Leatherworking Table Nubuck Leather x24 -> Nubuck Leather x24 (24 req/0 extra)
  - External craft (skill_leatherworking) via Simple Leatherworking Table Coarse Leather Band x24 -> Coarse Leather Band x480 (470 req/10 extra)
- Craft Warded Longbow x47 (final)"
skill_fletching,16,17,,2,recipe_crafter_fletching_workbench_2,Fletching Table,,65,512.6,33319.2,325.81,Suet-1300; Heartwood-910; Rough Animal Hide-130; Impure Iron Ore-720; Flax Seeds-3250; Limestone-35; Sapwood-2935,"Fletching Table x65 (final)
        - Gather Rough Animal Hide x130
          - Gather Limestone x35
          - Gather Sapwood x35
        - External craft (skill_blacksmithing) via Basic Charcoal Kiln Lime x7 -> Lime x70 (65 req/5 extra)
        - External craft (skill_building) via Water Well Water x4 -> Water x80 (65 req/15 extra)
      - External craft (skill_leatherworking) via Simple Tanning Rack Inferior Leather x13 -> Inferior Leather x130 (130 req/0 extra)
    - External craft (skill_leatherworking) via Leatherworking Table Heavy Top Grain Leather x130 -> Heavy Top Grain Leather x130 (130 req/0 extra)
          - Gather Impure Iron Ore x680
            - Gather Sapwood x2750
          - External craft (skill_building) via Basic Charcoal Kiln Charcoal x55 -> Charcoal x1375 (1360 req/15 extra)
        - External craft (skill_blacksmithing) via Basic Furnace Iron Ingot x17 -> Iron Ingot x340 (325 req/15 extra)
      - External craft (skill_blacksmithing) via Basic Forge Iron Bar x65 -> Iron Bar x130 (130 req/0 extra)
    - External craft (skill_blacksmithing) via Basic Forge Iron Knife Blade x65 -> Iron Knife Blade x65 (65 req/0 extra)
          - Gather Impure Iron Ore x40
            - Gather Sapwood x150
          - External craft (skill_building) via Basic Charcoal Kiln Charcoal x3 -> Charcoal x75 (65 req/10 extra)
        - External craft (skill_blacksmithing) via Basic Furnace Iron Ingot x1 -> Iron Ingot x20 (20 req/0 extra)
      - External craft (skill_blacksmithing) via Basic Forge Iron Bar x7 -> Iron Bar x14 (13 req/1 extra)
    - External craft (skill_blacksmithing) via Basic Forge Iron Nails x13 -> Iron Nails x650 (650 req/0 extra)
      - Gather Flax Seeds x3250
        - Gather Suet x1300
      - External craft (skill_cooking) via Basic Cooking Hearth Tallow x650 -> Tallow x3250 (3250 req/0 extra)
    - External craft (skill_leatherworking) via Leatherworking Table Linseed Oil x325 -> Linseed Oil x325 (325 req/0 extra)
  - Craft via Basic Fletching Table Fletching Tools x65 -> Fletching Tools x65 (65 req/0 extra)
    - Gather Heartwood x520
  - External craft (skill_building) via Wood Chopping Block Fine Wood Beam x52 -> Fine Wood Beam x260 (260 req/0 extra)
    - Gather Heartwood x390
  - External craft (skill_building) via Wood Chopping Block Fine Wooden Plank x39 -> Fine Wooden Plank x390 (390 req/0 extra)
- Craft Fletching Table x65 (final)"
skill_fletching,16,17,,3,recipe_item_unlock_crafter_fletching_workbench_2,Fletching Tools,,129,257.9,33263.1,800.23,Suet-2580; Rough Animal Hide-260; Impure Iron Ore-1440; Flax Seeds-6450; Limestone-65; Sapwood-5865,"Fletching Tools x129 (final)
      - Gather Rough Animal Hide x260
        - Gather Limestone x65
        - Gather Sapwood x65
      - External craft (skill_blacksmithing) via Basic Charcoal Kiln Lime x13 -> Lime x130 (130 req/0 extra)
      - External craft (skill_building) via Water Well Water x7 -> Water x140 (130 req/10 extra)
    - External craft (skill_leatherworking) via Simple Tanning Rack Inferior Leather x26 -> Inferior Leather x260 (258 req/2 extra)
  - External craft (skill_leatherworking) via Leatherworking Table Heavy Top Grain Leather x258 -> Heavy Top Grain Leather x258 (258 req/0 extra)
        - Gather Impure Iron Ore x1320
          - Gather Sapwood x5300
        - External craft (skill_building) via Basic Charcoal Kiln Charcoal x106 -> Charcoal x2650 (2640 req/10 extra)
      - External craft (skill_blacksmithing) via Basic Furnace Iron Ingot x33 -> Iron Ingot x660 (645 req/15 extra)
    - External craft (skill_blacksmithing) via Basic Forge Iron Bar x129 -> Iron Bar x258 (258 req/0 extra)
  - External craft (skill_blacksmithing) via Basic Forge Iron Knife Blade x129 -> Iron Knife Blade x129 (129 req/0 extra)
        - Gather Impure Iron Ore x120
          - Gather Sapwood x500
        - External craft (skill_building) via Basic Charcoal Kiln Charcoal x10 -> Charcoal x250 (230 req/20 extra)
      - External craft (skill_blacksmithing) via Basic Furnace Iron Ingot x3 -> Iron Ingot x60 (50 req/10 extra)
    - External craft (skill_blacksmithing) via Basic Forge Iron Bar x13 -> Iron Bar x26 (26 req/0 extra)
  - External craft (skill_blacksmithing) via Basic Forge Iron Nails x26 -> Iron Nails x1300 (1290 req/10 extra)
    - Gather Flax Seeds x6450
      - Gather Suet x2580
    - External craft (skill_cooking) via Basic Cooking Hearth Tallow x1290 -> Tallow x6450 (6450 req/0 extra)
  - External craft (skill_leatherworking) via Leatherworking Table Linseed Oil x645 -> Linseed Oil x645 (645 req/0 extra)
- Craft Fletching Tools x129 (final)"
skill_charcuterie,17,18,,1,recipe_rough-cut_wolf,Poorly Parted Chamois,,166,240.8,39966.7,20.17,Chamois Carcass-166,"Poorly Parted Chamois x166 (final)
  - Gather Chamois Carcass x166
- Craft Poorly Parted Chamois x166 (final)"
skill_charcuterie,17,18,,2,recipe_basic_butchered_bear,Parted Bear,,166,240.8,39966.7,21.17,Bear Carcass-166,"Parted Bear x166 (final)
  - Gather Bear Carcass x166
- Craft Parted Bear x166 (final)"
skill_charcuterie,17,18,,3,recipe_basic_butchered_wolf,Parted Chamois,,188,213.1,40057.5,22.84,Chamois Carcass-188,"Parted Chamois x188 (final)
  - Gather Chamois Carcass x188
- Craft Parted Chamois x188 (final)"
skill_blacksmithing,29,30,Prerequisite: advance skill_blacksmithing for crafting Silver Ingot used in skill_tailoring,1,recipe_item_material_steel_studs,Steel Studs,,322,660.4,149579.2,169.05,Pure Iron Ore-1620; Sapwood-32400,"Steel Studs x322 (final)
      - Gather Pure Iron Ore x1620
        - Gather Sapwood x32400
      - External craft (skill_building) via Basic Charcoal Kiln Charcoal x648 -> Charcoal x16200 (16200 req/0 extra)
    - Craft via Furnace Steel Ingot x81 -> Steel Ingot x810 (805 req/5 extra)
  - Craft via Forge Steel Bar x161 -> Steel Bar x322 (322 req/0 extra)
- Craft Steel Studs x322 (final)"
skill_blacksmithing,29,30,Prerequisite: advance skill_blacksmithing for crafting Silver Ingot used in skill_tailoring,2,recipe_item_material_steel_sword_blade,Steel Sword Blade,,136,1560.3,185567.4,357.00,Pure Iron Ore-3400; Sapwood-68000,"Steel Sword Blade x136 (final)
      - Gather Pure Iron Ore x3400
        - Gather Sapwood x68000
      - External craft (skill_building) via Basic Charcoal Kiln Charcoal x1360 -> Charcoal x34000 (34000 req/0 extra)
    - Craft via Furnace Steel Ingot x170 -> Steel Ingot x1700 (1700 req/0 extra)
  - Craft via Forge Steel Bar x340 -> Steel Bar x680 (680 req/0 extra)
- Craft Steel Sword Blade x136 (final)"
skill_blacksmithing,29,30,Prerequisite: advance skill_blacksmithing for crafting Silver Ingot used in skill_tailoring,3,recipe_item_material_steel_axe_blade,Steel Axe Head,,107,1990.7,213000.5,399.47,Pure Iron Ore-2580; Sapwood-51600,"Steel Axe Head x107 (final)
      - Gather Pure Iron Ore x2140
        - Gather Sapwood x42800
      - External craft (skill_building) via Basic Charcoal Kiln Charcoal x856 -> Charcoal x21400 (21400 req/0 extra)
    - Craft via Furnace Steel Ingot x107 -> Steel Ingot x1070 (1070 req/0 extra)
  - Craft via Forge Steel Sheet x535 -> Steel Sheet x535 (535 req/0 extra)
    - Gather Pure Iron Ore x440
      - Gather Sapwood x8800
    - External craft (skill_building) via Basic Charcoal Kiln Charcoal x176 -> Charcoal x4400 (4400 req/0 extra)
  - Craft via Furnace Steel Ingot x22 -> Steel Ingot x220 (214 req/6 extra)
- Craft Steel Axe Head x107 (final)"
skill_tailoring,17,18,Prerequisite: advance skill_tailoring for crafting Cotton Wadding used in skill_leatherworking,1,recipe_wearable_cloth_chest_cleric_dp_t3_common,Cleric's Alb of Reflection III,,17,2442.0,38513.6,168.36,Antler-68; Rough Animal Hide-10; Copper Ore-40; Silver Ore-20; Tin Ore-40; Cotton Fiber-2920; Sapwood-600,"Cleric's Alb of Reflection III x17 (final)
    - Gather Antler x34
  - Craft via Tailoring Table Horn Needles x34 -> Horn Needles x170 (170 req/0 extra)
        - Gather Cotton Fiber x1400
      - Craft via Spinning Wheel Cotton Cord x35 -> Cotton Cord x350 (350 req/0 extra)
    - Craft via Simple Loom Coarse Cotton Cloth x14 -> Coarse Cotton Cloth x70 (68 req/2 extra)
      - Gather Cotton Fiber x1360
    - Craft via Spinning Wheel Cotton Cord x34 -> Cotton Cord x340 (340 req/0 extra)
      - Gather Antler x34
    - Craft via Tailoring Table Horn Needles x34 -> Horn Needles x170 (170 req/0 extra)
  - Craft via Tailoring Table Cotton Wadding x34 -> Cotton Wadding x34 (34 req/0 extra)
        - Gather Tin Ore x20
        - Gather Copper Ore x20
        - Gather Sapwood x100
      - External craft (skill_blacksmithing) via Basic Furnace Bronze Ingot x1 -> Bronze Ingot x20 (10 req/10 extra)
    - External craft (skill_blacksmithing) via Basic Forge Bronze Sheet x5 -> Bronze Sheet x5 (5 req/0 extra)
  - External craft (skill_blacksmithing) via Basic Forge Bronze Buckle x1 -> Bronze Buckle x25 (17 req/8 extra)
      - Gather Silver Ore x20
        - Gather Sapwood x400
      - External craft (skill_building) via Basic Charcoal Kiln Charcoal x8 -> Charcoal x200 (200 req/0 extra)
    - External craft (skill_blacksmithing) via Furnace Silver Ingot x4 -> Silver Ingot x20 (17 req/3 extra)
      - Gather Cotton Fiber x160
    - Craft via Spinning Wheel Cotton Cord x4 -> Cotton Cord x40 (34 req/6 extra)
  - Craft via Tailoring Table Silver Buttons x17 -> Silver Buttons x170 (170 req/0 extra)
          - Gather Rough Animal Hide x10
        - External craft (skill_leatherworking) via Simple Tanning Rack Rawhide x1 -> Rawhide x10 (4 req/6 extra)
      - External craft (skill_leatherworking) via Simple Leatherworking Table Nubuck Leather x4 -> Nubuck Leather x4 (4 req/0 extra)
    - External craft (skill_leatherworking) via Simple Leatherworking Table Coarse Leather Band x4 -> Coarse Leather Band x80 (68 req/12 extra)
          - Gather Tin Ore x20
          - Gather Copper Ore x20
          - Gather Sapwood x100
        - External craft (skill_blacksmithing) via Basic Furnace Bronze Ingot x1 -> Bronze Ingot x20 (10 req/10 extra)
      - External craft (skill_blacksmithing) via Basic Forge Bronze Sheet x10 -> Bronze Sheet x10 (10 req/0 extra)
    - External craft (skill_blacksmithing) via Basic Forge Bronze Buckle x2 -> Bronze Buckle x50 (26 req/24 extra)
  - External craft (skill_leatherworking) via Simple Leatherworking Table Rough Leather Straps x34 -> Rough Leather Straps x34 (34 req/0 extra)
- Craft Cleric's Alb of Reflection III x17 (final)"
skill_tailoring,17,18,Prerequisite: advance skill_tailoring for crafting Cotton Wadding used in skill_leatherworking,2,recipe_wearable_cloth_chest_cleric_ct_t3_common,Cleric's Alb of Cleansing III,,17,2442.0,38513.6,168.36,Antler-68; Rough Animal Hide-10; Copper Ore-40; Silver Ore-20; Tin Ore-40; Cotton Fiber-2920; Sapwood-600,"Cleric's Alb of Cleansing III x17 (final)
    - Gather Antler x34
  - Craft via Tailoring Table Horn Needles x34 -> Horn Needles x170 (170 req/0 extra)
        - Gather Cotton Fiber x1400
      - Craft via Spinning Wheel Cotton Cord x35 -> Cotton Cord x350 (350 req/0 extra)
    - Craft via Simple Loom Coarse Cotton Cloth x14 -> Coarse Cotton Cloth x70 (68 req/2 extra)
      - Gather Cotton Fiber x1360
    - Craft via Spinning Wheel Cotton Cord x34 -> Cotton Cord x340 (340 req/0 extra)
      - Gather Antler x34
    - Craft via Tailoring Table Horn Needles x34 -> Horn Needles x170 (170 req/0 extra)
  - Craft via Tailoring Table Cotton Wadding x34 -> Cotton Wadding x34 (34 req/0 extra)
        - Gather Tin Ore x20
        - Gather Copper Ore x20
        - Gather Sapwood x100
      - External craft (skill_blacksmithing) via Basic Furnace Bronze Ingot x1 -> Bronze Ingot x20 (10 req/10 extra)
    - External craft (skill_blacksmithing) via Basic Forge Bronze Sheet x5 -> Bronze Sheet x5 (5 req/0 extra)
  - External craft (skill_blacksmithing) via Basic Forge Bronze Buckle x1 -> Bronze Buckle x25 (17 req/8 extra)
      - Gather Silver Ore x20
        - Gather Sapwood x400
      - External craft (skill_building) via Basic Charcoal Kiln Charcoal x8 -> Charcoal x200 (200 req/0 extra)
    - External craft (skill_blacksmithing) via Furnace Silver Ingot x4 -> Silver Ingot x20 (17 req/3 extra)
      - Gather Cotton Fiber x160
    - Craft via Spinning Wheel Cotton Cord x4 -> Cotton Cord x40 (34 req/6 extra)
  - Craft via Tailoring Table Silver Buttons x17 -> Silver Buttons x170 (170 req/0 extra)
          - Gather Rough Animal Hide x10
        - External craft (skill_leatherworking) via Simple Tanning Rack Rawhide x1 -> Rawhide x10 (4 req/6 extra)
      - External craft (skill_leatherworking) via Simple Leatherworking Table Nubuck Leather x4 -> Nubuck Leather x4 (4 req/0 extra)
    - External craft (skill_leatherworking) via Simple Leatherworking Table Coarse Leather Band x4 -> Coarse Leather Band x80 (68 req/12 extra)
          - Gather Tin Ore x20
          - Gather Copper Ore x20
          - Gather Sapwood x100
        - External craft (skill_blacksmithing) via Basic Furnace Bronze Ingot x1 -> Bronze Ingot x20 (10 req/10 extra)
      - External craft (skill_blacksmithing) via Basic Forge Bronze Sheet x10 -> Bronze Sheet x10 (10 req/0 extra)
    - External craft (skill_blacksmithing) via Basic Forge Bronze Buckle x2 -> Bronze Buckle x50 (26 req/24 extra)
  - External craft (skill_leatherworking) via Simple Leatherworking Table Rough Leather Straps x34 -> Rough Leather Straps x34 (34 req/0 extra)
- Craft Cleric's Alb of Cleansing III x17 (final)"
skill_tailoring,17,18,Prerequisite: advance skill_tailoring for crafting Cotton Wadding used in skill_leatherworking,3,recipe_wearable_cloth_chest_shepherd_rm_t3_common,Shepherd's Smock of Blooming Fold III,,17,2442.0,38513.6,168.36,Antler-68; Rough Animal Hide-10; Copper Ore-40; Silver Ore-20; Tin Ore-40; Cotton Fiber-2920; Sapwood-600,"Shepherd's Smock of Blooming Fold III x17 (final)
    - Gather Antler x34
  - Craft via Tailoring Table Horn Needles x34 -> Horn Needles x170 (170 req/0 extra)
        - Gather Cotton Fiber x1400
      - Craft via Spinning Wheel Cotton Cord x35 -> Cotton Cord x350 (350 req/0 extra)
    - Craft via Simple Loom Coarse Cotton Cloth x14 -> Coarse Cotton Cloth x70 (68 req/2 extra)
      - Gather Cotton Fiber x1360
    - Craft via Spinning Wheel Cotton Cord x34 -> Cotton Cord x340 (340 req/0 extra)
      - Gather Antler x34
    - Craft via Tailoring Table Horn Needles x34 -> Horn Needles x170 (170 req/0 extra)
  - Craft via Tailoring Table Cotton Wadding x34 -> Cotton Wadding x34 (34 req/0 extra)
        - Gather Tin Ore x20
        - Gather Copper Ore x20
        - Gather Sapwood x100
      - External craft (skill_blacksmithing) via Basic Furnace Bronze Ingot x1 -> Bronze Ingot x20 (10 req/10 extra)
    - External craft (skill_blacksmithing) via Basic Forge Bronze Sheet x5 -> Bronze Sheet x5 (5 req/0 extra)
  - External craft (skill_blacksmithing) via Basic Forge Bronze Buckle x1 -> Bronze Buckle x25 (17 req/8 extra)
      - Gather Silver Ore x20
        - Gather Sapwood x400
      - External craft (skill_building) via Basic Charcoal Kiln Charcoal x8 -> Charcoal x200 (200 req/0 extra)
    - External craft (skill_blacksmithing) via Furnace Silver Ingot x4 -> Silver Ingot x20 (17 req/3 extra)
      - Gather Cotton Fiber x160
    - Craft via Spinning Wheel Cotton Cord x4 -> Cotton Cord x40 (34 req/6 extra)
  - Craft via Tailoring Table Silver Buttons x17 -> Silver Buttons x170 (170 req/0 extra)
          - Gather Rough Animal Hide x10
        - External craft (skill_leatherworking) via Simple Tanning Rack Rawhide x1 -> Rawhide x10 (4 req/6 extra)
      - External craft (skill_leatherworking) via Simple Leatherworking Table Nubuck Leather x4 -> Nubuck Leather x4 (4 req/0 extra)
    - External craft (skill_leatherworking) via Simple Leatherworking Table Coarse Leather Band x4 -> Coarse Leather Band x80 (68 req/12 extra)
          - Gather Tin Ore x20
          - Gather Copper Ore x20
          - Gather Sapwood x100
        - External craft (skill_blacksmithing) via Basic Furnace Bronze Ingot x1 -> Bronze Ingot x20 (10 req/10 extra)
      - External craft (skill_blacksmithing) via Basic Forge Bronze Sheet x10 -> Bronze Sheet x10 (10 req/0 extra)
    - External craft (skill_blacksmithing) via Basic Forge Bronze Buckle x2 -> Bronze Buckle x50 (26 req/24 extra)
  - External craft (skill_leatherworking) via Simple Leatherworking Table Rough Leather Straps x34 -> Rough Leather Straps x34 (34 req/0 extra)
- Craft Shepherd's Smock of Blooming Fold III x17 (final)"
skill_building,22,23,,1,recipe_building_prop_door_double_painted,Elegant Wooden Double Door,,27,514.9,13377.6,14.18,Heartwood-870; Impure Iron Ore-1000; Sapwood-5050,"Elegant Wooden Double Door x27 (final)
      - Gather Heartwood x870
    - Craft via Wood Chopping Block Fine Wooden Plank x87 -> Fine Wooden Plank x870 (864 req/6 extra)
            - Gather Impure Iron Ore x240
              - Gather Sapwood x1000
            - Craft via Basic Charcoal Kiln Charcoal x20 -> Charcoal x500 (480 req/20 extra)
          - External craft (skill_blacksmithing) via Basic Furnace Iron Ingot x6 -> Iron Ingot x120 (120 req/0 extra)
            - Gather Sapwood x300
          - Craft via Basic Charcoal Kiln Charcoal x6 -> Charcoal x150 (140 req/10 extra)
        - External craft (skill_blacksmithing) via Basic Furnace Wrought Iron Ingot x4 -> Wrought Iron Ingot x80 (65 req/15 extra)
      - External craft (skill_blacksmithing) via Basic Forge Wrought Iron Bar x13 -> Wrought Iron Bar x26 (26 req/0 extra)
    - External craft (skill_blacksmithing) via Forge Wrought Iron Nails x26 -> Wrought Iron Nails x1300 (1296 req/4 extra)
            - Gather Impure Iron Ore x560
              - Gather Sapwood x2250
            - Craft via Basic Charcoal Kiln Charcoal x45 -> Charcoal x1125 (1110 req/15 extra)
          - External craft (skill_blacksmithing) via Basic Furnace Iron Ingot x14 -> Iron Ingot x280 (270 req/10 extra)
            - Gather Sapwood x700
          - Craft via Basic Charcoal Kiln Charcoal x14 -> Charcoal x350 (345 req/5 extra)
        - External craft (skill_blacksmithing) via Basic Furnace Wrought Iron Ingot x9 -> Wrought Iron Ingot x180 (161 req/19 extra)
      - External craft (skill_blacksmithing) via Forge Wrought Iron Sheet x88 -> Wrought Iron Sheet x88 (88 req/0 extra)
            - Gather Impure Iron Ore x200
              - Gather Sapwood x800
            - Craft via Basic Charcoal Kiln Charcoal x16 -> Charcoal x400 (395 req/5 extra)
          - External craft (skill_blacksmithing) via Basic Furnace Iron Ingot x5 -> Iron Ingot x100 (100 req/0 extra)
        - External craft (skill_blacksmithing) via Basic Forge Iron Bar x22 -> Iron Bar x44 (44 req/0 extra)
      - External craft (skill_blacksmithing) via Basic Forge Iron Nails x44 -> Iron Nails x2200 (2200 req/0 extra)
    - External craft (skill_blacksmithing) via Forge Wrought Iron Hinges x44 -> Wrought Iron Hinges x220 (216 req/4 extra)
  - Craft via Carpenter Workbench Elegant Wooden Door x54 -> item_prop_door_wooden_painted x54 (54 req/0 extra)
- Craft Elegant Wooden Double Door x27 (final)"
skill_building,22,23,,2,recipe_building_prop_shutter_narrow_chevron_left,Narrow Chevron Shutter,,37,374.2,13670.7,26.21,Boar Sinew-74; Bone Fragments-185; Heartwood-300; Rough Animal Hide-80; Impure Iron Ore-320; Limestone-20; Sapwood-1570,"Narrow Chevron Shutter x37 (final)
      - Gather Heartwood x300
    - Craft via Wood Chopping Block Fine Wooden Plank x30 -> Fine Wooden Plank x300 (296 req/4 extra)
          - Gather Impure Iron Ore x80
            - Gather Sapwood x350
          - Craft via Basic Charcoal Kiln Charcoal x7 -> Charcoal x175 (160 req/15 extra)
        - External craft (skill_blacksmithing) via Basic Furnace Iron Ingot x2 -> Iron Ingot x40 (25 req/15 extra)
      - External craft (skill_blacksmithing) via Basic Forge Iron Bar x5 -> Iron Bar x10 (9 req/1 extra)
    - External craft (skill_blacksmithing) via Basic Forge Iron Nails x9 -> Iron Nails x450 (444 req/6 extra)
            - Gather Impure Iron Ore x160
              - Gather Sapwood x650
            - Craft via Basic Charcoal Kiln Charcoal x13 -> Charcoal x325 (305 req/20 extra)
          - External craft (skill_blacksmithing) via Basic Furnace Iron Ingot x4 -> Iron Ingot x80 (75 req/5 extra)
            - Gather Sapwood x200
          - Craft via Basic Charcoal Kiln Charcoal x4 -> Charcoal x100 (100 req/0 extra)
        - External craft (skill_blacksmithing) via Basic Furnace Wrought Iron Ingot x3 -> Wrought Iron Ingot x60 (60 req/0 extra)
      - External craft (skill_blacksmithing) via Forge Wrought Iron Sheet x30 -> Wrought Iron Sheet x30 (30 req/0 extra)
            - Gather Impure Iron Ore x80
              - Gather Sapwood x350
            - Craft via Basic Charcoal Kiln Charcoal x7 -> Charcoal x175 (160 req/15 extra)
          - External craft (skill_blacksmithing) via Basic Furnace Iron Ingot x2 -> Iron Ingot x40 (30 req/10 extra)
        - External craft (skill_blacksmithing) via Basic Forge Iron Bar x7 -> Iron Bar x14 (14 req/0 extra)
      - External craft (skill_blacksmithing) via Basic Forge Iron Nails x15 -> Iron Nails x750 (744 req/6 extra)
    - External craft (skill_blacksmithing) via Forge Wrought Iron Hinges x15 -> Wrought Iron Hinges x75 (74 req/1 extra)
    - Gather Bone Fragments x185
          - Gather Rough Animal Hide x80
            - Gather Limestone x20
            - Gather Sapwood x20
          - External craft (skill_blacksmithing) via Basic Charcoal Kiln Lime x4 -> Lime x40 (40 req/0 extra)
          - Craft via Water Well Water x2 -> Water x40 (40 req/0 extra)
        - External craft (skill_leatherworking) via Simple Tanning Rack Inferior Leather x8 -> Inferior Leather x80 (74 req/6 extra)
      - External craft (skill_leatherworking) via Simple Leatherworking Table Suede Leather x74 -> Suede Leather x74 (74 req/0 extra)
      - Gather Boar Sinew x74
    - External craft (skill_leatherworking) via Simple Leatherworking Table Leather Handles x74 -> Leather Handles x74 (74 req/0 extra)
  - Craft via Carpenter Workbench Narrow Chevron Shutter x37 -> item_prop_shutter_narrow_chevron_left x37 (37 req/0 extra)
- Craft Narrow Chevron Shutter x37 (final)"
skill_building,22,23,,3,recipe_building_prop_shutter_narrow_chevron_right,Narrow Chevron Shutter,,37,374.2,13670.7,26.21,Boar Sinew-74; Bone Fragments-185; Heartwood-300; Rough Animal Hide-80; Impure Iron Ore-320; Limestone-20; Sapwood-1570,"Narrow Chevron Shutter x37 (final)
      - Gather Heartwood x300
    - Craft via Wood Chopping Block Fine Wooden Plank x30 -> Fine Wooden Plank x300 (296 req/4 extra)
          - Gather Impure Iron Ore x80
            - Gather Sapwood x350
          - Craft via Basic Charcoal Kiln Charcoal x7 -> Charcoal x175 (160 req/15 extra)
        - External craft (skill_blacksmithing) via Basic Furnace Iron Ingot x2 -> Iron Ingot x40 (25 req/15 extra)
      - External craft (skill_blacksmithing) via Basic Forge Iron Bar x5 -> Iron Bar x10 (9 req/1 extra)
    - External craft (skill_blacksmithing) via Basic Forge Iron Nails x9 -> Iron Nails x450 (444 req/6 extra)
            - Gather Impure Iron Ore x160
              - Gather Sapwood x650
            - Craft via Basic Charcoal Kiln Charcoal x13 -> Charcoal x325 (305 req/20 extra)
          - External craft (skill_blacksmithing) via Basic Furnace Iron Ingot x4 -> Iron Ingot x80 (75 req/5 extra)
            - Gather Sapwood x200
          - Craft via Basic Charcoal Kiln Charcoal x4 -> Charcoal x100 (100 req/0 extra)
        - External craft (skill_blacksmithing) via Basic Furnace Wrought Iron Ingot x3 -> Wrought Iron Ingot x60 (60 req/0 extra)
      - External craft (skill_blacksmithing) via Forge Wrought Iron Sheet x30 -> Wrought Iron Sheet x30 (30 req/0 extra)
            - Gather Impure Iron Ore x80
              - Gather Sapwood x350
            - Craft via Basic Charcoal Kiln Charcoal x7 -> Charcoal x175 (160 req/15 extra)
          - External craft (skill_blacksmithing) via Basic Furnace Iron Ingot x2 -> Iron Ingot x40 (30 req/10 extra)
        - External craft (skill_blacksmithing) via Basic Forge Iron Bar x7 -> Iron Bar x14 (14 req/0 extra)
      - External craft (skill_blacksmithing) via Basic Forge Iron Nails x15 -> Iron Nails x750 (744 req/6 extra)
    - External craft (skill_blacksmithing) via Forge Wrought Iron Hinges x15 -> Wrought Iron Hinges x75 (74 req/1 extra)
    - Gather Bone Fragments x185
          - Gather Rough Animal Hide x80
            - Gather Limestone x20
            - Gather Sapwood x20
          - External craft (skill_blacksmithing) via Basic Charcoal Kiln Lime x4 -> Lime x40 (40 req/0 extra)
          - Craft via Water Well Water x2 -> Water x40 (40 req/0 extra)
        - External craft (skill_leatherworking) via Simple Tanning Rack Inferior Leather x8 -> Inferior Leather x80 (74 req/6 extra)
      - External craft (skill_leatherworking) via Simple Leatherworking Table Suede Leather x74 -> Suede Leather x74 (74 req/0 extra)
      - Gather Boar Sinew x74
    - External craft (skill_leatherworking) via Simple Leatherworking Table Leather Handles x74 -> Leather Handles x74 (74 req/0 extra)
  - Craft via Carpenter Workbench Narrow Chevron Shutter x37 -> item_prop_shutter_narrow_chevron_left x37 (37 req/0 extra)
- Craft Narrow Chevron Shutter x37 (final)"
skill_armor_smithing,12,13,,1,recipe_crafter_blacksmith_armor_workbench_2,Armorer Workbench,,58,265.9,15420.9,290.73,Heartwood-820; Rough Animal Hide-120; Copper Ore-580; Impure Iron Ore-2320; Tin Ore-580; Limestone-30; Sapwood-14530,"Armorer Workbench x58 (final)
          - Gather Impure Iron Ore x1760
            - Gather Sapwood x7050
          - External craft (skill_building) via Basic Charcoal Kiln Charcoal x141 -> Charcoal x3525 (3520 req/5 extra)
        - External craft (skill_blacksmithing) via Basic Furnace Iron Ingot x44 -> Iron Ingot x880 (870 req/10 extra)
          - Gather Sapwood x2350
        - External craft (skill_building) via Basic Charcoal Kiln Charcoal x47 -> Charcoal x1175 (1155 req/20 extra)
      - External craft (skill_blacksmithing) via Basic Furnace Wrought Iron Ingot x29 -> Wrought Iron Ingot x580 (580 req/0 extra)
    - External craft (skill_blacksmithing) via Forge Wrought Iron Sheet x290 -> Wrought Iron Sheet x290 (290 req/0 extra)
        - Gather Rough Animal Hide x120
          - Gather Limestone x30
          - Gather Sapwood x30
        - External craft (skill_blacksmithing) via Basic Charcoal Kiln Lime x6 -> Lime x60 (60 req/0 extra)
        - External craft (skill_building) via Water Well Water x3 -> Water x60 (60 req/0 extra)
      - External craft (skill_leatherworking) via Simple Tanning Rack Inferior Leather x12 -> Inferior Leather x120 (116 req/4 extra)
    - External craft (skill_leatherworking) via Leatherworking Table Heavy Top Grain Leather x116 -> Heavy Top Grain Leather x116 (116 req/0 extra)
          - Gather Impure Iron Ore x560
            - Gather Sapwood x2200
          - External craft (skill_building) via Basic Charcoal Kiln Charcoal x44 -> Charcoal x1100 (1100 req/0 extra)
        - External craft (skill_blacksmithing) via Basic Furnace Iron Ingot x14 -> Iron Ingot x280 (280 req/0 extra)
      - External craft (skill_blacksmithing) via Basic Forge Iron Bar x58 -> Iron Bar x116 (116 req/0 extra)
    - External craft (skill_blacksmithing) via Basic Forge Iron Nails x116 -> Iron Nails x5800 (5800 req/0 extra)
        - Gather Tin Ore x580
        - Gather Copper Ore x580
        - Gather Sapwood x2900
      - External craft (skill_blacksmithing) via Basic Furnace Bronze Ingot x29 -> Bronze Ingot x580 (580 req/0 extra)
    - External craft (skill_blacksmithing) via Basic Forge Bronze Sheet x290 -> Bronze Sheet x290 (290 req/0 extra)
  - Craft via Basic Armorer Workbench Armorer Tools x58 -> Armorer Tools x58 (58 req/0 extra)
    - Gather Heartwood x470
  - External craft (skill_building) via Wood Chopping Block Fine Wood Beam x47 -> Fine Wood Beam x235 (232 req/3 extra)
    - Gather Heartwood x350
  - External craft (skill_building) via Wood Chopping Block Fine Wooden Plank x35 -> Fine Wooden Plank x350 (348 req/2 extra)
- Craft Armorer Workbench x58 (final)"
skill_armor_smithing,12,13,,2,recipe_wearable_metal_feet_pilgrim_boj2_t2_rare,Pilgrim's Sabatons II,,35,443.5,15524.0,514.46,Rough Animal Hide-10; Copper Ore-40; Impure Iron Ore-1440; Tin Ore-40; Cobra Lily-350; Sapwood-6000; Worn Out Sigil-420; Seal of the Lost Abbot-35,"Pilgrim's Sabatons II x35 (final)
  - Gather Worn Out Sigil x420
  - Gather Seal of the Lost Abbot x35
  - Gather Cobra Lily x350
      - Gather Impure Iron Ore x1400
        - Gather Sapwood x5600
      - External craft (skill_building) via Basic Charcoal Kiln Charcoal x112 -> Charcoal x2800 (2800 req/0 extra)
    - External craft (skill_blacksmithing) via Basic Furnace Iron Ingot x35 -> Iron Ingot x700 (700 req/0 extra)
  - External craft (skill_blacksmithing) via Basic Forge Iron Sheet x350 -> Iron Sheet x350 (350 req/0 extra)
        - Gather Rough Animal Hide x10
      - External craft (skill_leatherworking) via Simple Tanning Rack Rawhide x1 -> Rawhide x10 (4 req/6 extra)
    - External craft (skill_leatherworking) via Simple Leatherworking Table Nubuck Leather x4 -> Nubuck Leather x4 (4 req/0 extra)
  - External craft (skill_leatherworking) via Simple Leatherworking Table Coarse Leather Band x4 -> Coarse Leather Band x80 (70 req/10 extra)
        - Gather Tin Ore x40
        - Gather Copper Ore x40
        - Gather Sapwood x200
      - External craft (skill_blacksmithing) via Basic Furnace Bronze Ingot x2 -> Bronze Ingot x40 (30 req/10 extra)
    - External craft (skill_blacksmithing) via Basic Forge Bronze Sheet x15 -> Bronze Sheet x15 (15 req/0 extra)
  - External craft (skill_blacksmithing) via Basic Forge Bronze Buckle x3 -> Bronze Buckle x75 (70 req/5 extra)
        - Gather Impure Iron Ore x40
          - Gather Sapwood x200
        - External craft (skill_building) via Basic Charcoal Kiln Charcoal x4 -> Charcoal x100 (80 req/20 extra)
      - External craft (skill_blacksmithing) via Basic Furnace Iron Ingot x1 -> Iron Ingot x20 (10 req/10 extra)
    - External craft (skill_blacksmithing) via Basic Forge Iron Bar x2 -> Iron Bar x4 (4 req/0 extra)
  - External craft (skill_blacksmithing) via Basic Forge Iron Studs x4 -> Iron Studs x800 (700 req/100 extra)
- Craft Pilgrim's Sabatons II x35 (final)"
skill_armor_smithing,12,13,,3,recipe_wearable_metal_feet_warrior_ss_t2_rare,Warrior's Sabatons of Swift March II,,39,398.5,15541.0,573.26,Rough Animal Hide-10; Copper Ore-40; Impure Iron Ore-1600; Tin Ore-40; Cobra Lily-390; Sapwood-6600; Furry Collarstone-468; Icon of the Choir-39,"Warrior's Sabatons of Swift March II x39 (final)
  - Gather Furry Collarstone x468
  - Gather Icon of the Choir x39
  - Gather Cobra Lily x390
      - Gather Impure Iron Ore x1560
        - Gather Sapwood x6250
      - External craft (skill_building) via Basic Charcoal Kiln Charcoal x125 -> Charcoal x3125 (3120 req/5 extra)
    - External craft (skill_blacksmithing) via Basic Furnace Iron Ingot x39 -> Iron Ingot x780 (780 req/0 extra)
  - External craft (skill_blacksmithing) via Basic Forge Iron Sheet x390 -> Iron Sheet x390 (390 req/0 extra)
        - Gather Rough Animal Hide x10
      - External craft (skill_leatherworking) via Simple Tanning Rack Rawhide x1 -> Rawhide x10 (4 req/6 extra)
    - External craft (skill_leatherworking) via Simple Leatherworking Table Nubuck Leather x4 -> Nubuck Leather x4 (4 req/0 extra)
  - External craft (skill_leatherworking) via Simple Leatherworking Table Coarse Leather Band x4 -> Coarse Leather Band x80 (78 req/2 extra)
        - Gather Tin Ore x40
        - Gather Copper Ore x40
        - Gather Sapwood x200
      - External craft (skill_blacksmithing) via Basic Furnace Bronze Ingot x2 -> Bronze Ingot x40 (40 req/0 extra)
    - External craft (skill_blacksmithing) via Basic Forge Bronze Sheet x20 -> Bronze Sheet x20 (20 req/0 extra)
  - External craft (skill_blacksmithing) via Basic Forge Bronze Buckle x4 -> Bronze Buckle x100 (78 req/22 extra)
        - Gather Impure Iron Ore x40
          - Gather Sapwood x150
        - External craft (skill_building) via Basic Charcoal Kiln Charcoal x3 -> Charcoal x75 (75 req/0 extra)
      - External craft (skill_blacksmithing) via Basic Furnace Iron Ingot x1 -> Iron Ingot x20 (10 req/10 extra)
    - External craft (skill_blacksmithing) via Basic Forge Iron Bar x2 -> Iron Bar x4 (4 req/0 extra)
  - External craft (skill_blacksmithing) via Basic Forge Iron Studs x4 -> Iron Studs x800 (780 req/20 extra)
- Craft Warrior's Sabatons of Swift March II x39 (final)"
skill_cooking,14,15,,1,recipe_activatable_foodcooked_vegetable_stew_staminaregen_11,Vegetable Stew,,92,245.6,22597.8,157.24,Enoki-460; Animal Fat-38; Garlic-92; Mustard-92; Red Onion-184,"Vegetable Stew x92 (final)
  - Gather Red Onion x184
  - Gather Mustard x92
  - Gather Garlic x92
  - Gather Enoki x460
    - Gather Animal Fat x38
  - Craft via Basic Cooking Hearth Lard x19 -> Lard x95 (92 req/3 extra)
- Craft Vegetable Stew x92 (final)"
skill_cooking,14,15,,2,recipe_activatable_foodcooked_vegetable_stew_maxstamina_8,Springtime Stew,,101,224.6,22688.8,151.37,Penny Bun-505; Animal Fat-42; Garlic-101; Mustard-101; Red Onion-202,"Springtime Stew x101 (final)
  - Gather Red Onion x202
  - Gather Mustard x101
  - Gather Garlic x101
  - Gather Penny Bun x505
    - Gather Animal Fat x42
  - Craft via Basic Cooking Hearth Lard x21 -> Lard x105 (101 req/4 extra)
- Craft Springtime Stew x101 (final)"
skill_cooking,14,15,,3,recipe_activatable_drink_sirup_hpregen_13,Raspberry Syrup,,98,232.1,22748.6,157.06,Raspberry-490,"Raspberry Syrup x98 (final)
  - External craft (skill_building) via Water Well Water x25 -> Water x500 (490 req/10 extra)
  - Gather Raspberry x490
- Craft Raspberry Syrup x98 (final)"
skill_jewelerycrafting,13,14,,1,recipe_wearable_jewellery_bracelet_poor_9,Small Silver Bracelet,,60,314.2,18853.1,24.00,Impure Iron Ore-200; Sapwood-1050,"Small Silver Bracelet x60 (final)
      - Gather Impure Iron Ore x200
        - Gather Sapwood x800
      - External craft (skill_building) via Basic Charcoal Kiln Charcoal x16 -> Charcoal x400 (400 req/0 extra)
    - External craft (skill_blacksmithing) via Basic Furnace Iron Ingot x5 -> Iron Ingot x100 (90 req/10 extra)
      - Gather Sapwood x250
    - External craft (skill_building) via Basic Charcoal Kiln Charcoal x5 -> Charcoal x125 (120 req/5 extra)
  - External craft (skill_blacksmithing) via Basic Furnace Wrought Iron Ingot x3 -> Wrought Iron Ingot x60 (60 req/0 extra)
- Craft Small Silver Bracelet x60 (final)"
skill_jewelerycrafting,13,14,,2,recipe_wearable_jewellery_bracelet_common_7,Shiny Silver Bracelet,,66,282.6,18651.0,26.40,Impure Iron Ore-240; Sapwood-1300,"Shiny Silver Bracelet x66 (final)
      - Gather Impure Iron Ore x240
        - Gather Sapwood x1000
      - External craft (skill_building) via Basic Charcoal Kiln Charcoal x20 -> Charcoal x500 (480 req/20 extra)
    - External craft (skill_blacksmithing) via Basic Furnace Iron Ingot x6 -> Iron Ingot x120 (120 req/0 extra)
      - Gather Sapwood x300
    - External craft (skill_building) via Basic Charcoal Kiln Charcoal x6 -> Charcoal x150 (140 req/10 extra)
  - External craft (skill_blacksmithing) via Basic Furnace Wrought Iron Ingot x4 -> Wrought Iron Ingot x80 (66 req/14 extra)
- Craft Shiny Silver Bracelet x66 (final)"
skill_jewelerycrafting,13,14,,3,recipe_wearable_jewellery_earring_common_3,Slender Bronze Earring,,128,145.9,18681.0,26.45,Copper Ore-260; Sapwood-800,"Slender Bronze Earring x128 (final)
    - Gather Copper Ore x260
      - Gather Sapwood x800
    - External craft (skill_building) via Basic Charcoal Kiln Charcoal x16 -> Charcoal x400 (390 req/10 extra)
  - External craft (skill_blacksmithing) via Basic Furnace Copper Ingot x13 -> Copper Ingot x130 (128 req/2 extra)
- Craft Slender Bronze Earring x128 (final)"
skill_winery_and_brewing,13,14,,1,recipe_activatable_drink_mead_staminaregen_16,Blueberry Mead,,106,177.6,18829.0,212.35,Blueberry-530; Barley Grain-120; Rye Grain-120,"Blueberry Mead x106 (final)
  - External craft (skill_cooking) via Basic Beehive Honey x106 -> Honey x530 (530 req/0 extra)
      - Gather Barley Grain x120
    - Craft via Basic Fermenter Malt x6 -> Malt x120 (110 req/10 extra)
      - External craft (skill_building) via Water Well Water x6 -> Water x120 (120 req/0 extra)
        - Gather Rye Grain x120
      - External craft (skill_baking) via Millstone Rye Flour x6 -> Rye Flour x120 (120 req/0 extra)
    - External craft (skill_baking) via Basic Fermenter Yeast x6 -> Yeast x120 (110 req/10 extra)
    - External craft (skill_building) via Water Well Water x6 -> Water x120 (110 req/10 extra)
  - Craft via Basic Fermenter Weak Mead Base x11 -> Weak Mead Base x110 (106 req/4 extra)
  - Gather Blueberry x530
- Craft Blueberry Mead x106 (final)"
skill_winery_and_brewing,13,14,,2,recipe_crafter_wine_barrel_1,Wine Barrel,,60,315.4,18921.4,316.50,Copper Ore-840; Impure Iron Ore-80; Tin Ore-600; Sand-24000; Sapwood-33330,"Wine Barrel x60 (final)
      - Gather Copper Ore x240
        - Gather Sapwood x750
      - External craft (skill_building) via Basic Charcoal Kiln Charcoal x15 -> Charcoal x375 (360 req/15 extra)
    - External craft (skill_blacksmithing) via Basic Furnace Copper Ingot x12 -> Copper Ingot x120 (120 req/0 extra)
        - Gather Sand x24000
          - Gather Sapwood x28800
        - External craft (skill_building) via Basic Charcoal Kiln Charcoal x576 -> Charcoal x14400 (14385 req/15 extra)
      - External craft (skill_building) via Furnace Glass x480 -> Glass x4800 (4800 req/0 extra)
    - External craft (skill_blacksmithing) via Forge Vial x240 -> Vial x1200 (1200 req/0 extra)
        - Gather Tin Ore x600
        - Gather Copper Ore x600
        - Gather Sapwood x3000
      - External craft (skill_blacksmithing) via Basic Furnace Bronze Ingot x30 -> Bronze Ingot x600 (600 req/0 extra)
    - External craft (skill_blacksmithing) via Basic Forge Bronze Sheet x300 -> Bronze Sheet x300 (300 req/0 extra)
  - Craft via Basic Cooking Workbench Barrel Pieces x60 -> Barrel Pieces x60 (60 req/0 extra)
    - Gather Sapwood x480
  - External craft (skill_building) via Wood Chopping Block Plank x48 -> Plank x480 (480 req/0 extra)
        - Gather Impure Iron Ore x80
          - Gather Sapwood x300
        - External craft (skill_building) via Basic Charcoal Kiln Charcoal x6 -> Charcoal x150 (145 req/5 extra)
      - External craft (skill_blacksmithing) via Basic Furnace Iron Ingot x2 -> Iron Ingot x40 (30 req/10 extra)
    - External craft (skill_blacksmithing) via Basic Forge Iron Bar x6 -> Iron Bar x12 (12 req/0 extra)
  - External craft (skill_blacksmithing) via Basic Forge Iron Nails x12 -> Iron Nails x600 (600 req/0 extra)
- Craft Wine Barrel x60 (final)"
skill_winery_and_brewing,13,14,,3,recipe_activatable_drink_mead_staminaregen_8,Weak Mead,,154,121.9,18780.2,259.23,Barley Grain-160; Rye Grain-160,"Weak Mead x154 (final)
  - External craft (skill_cooking) via Basic Beehive Honey x154 -> Honey x770 (770 req/0 extra)
      - Gather Barley Grain x160
    - Craft via Basic Fermenter Malt x8 -> Malt x160 (160 req/0 extra)
      - External craft (skill_building) via Water Well Water x8 -> Water x160 (160 req/0 extra)
        - Gather Rye Grain x160
      - External craft (skill_baking) via Millstone Rye Flour x8 -> Rye Flour x160 (160 req/0 extra)
    - External craft (skill_baking) via Basic Fermenter Yeast x8 -> Yeast x160 (160 req/0 extra)
    - External craft (skill_building) via Water Well Water x8 -> Water x160 (160 req/0 extra)
  - Craft via Basic Fermenter Weak Mead Base x16 -> Weak Mead Base x160 (154 req/6 extra)
- Craft Weak Mead x154 (final)"
skill_alchemy,14,15,,1,recipe_crafter_alchemy_workbench_2,Alchemy Table,,60,376.1,22563.7,300.75,Nightshade Fruit-300; Heartwood-840; Rough Animal Hide-360; Copper Ore-1500; Tin Ore-1500; Limestone-150; Sand-6000; Sapwood-14850,"Alchemy Table x60 (final)
      - Gather Sand x6000
        - Gather Sapwood x7200
      - External craft (skill_building) via Basic Charcoal Kiln Charcoal x144 -> Charcoal x3600 (3600 req/0 extra)
    - External craft (skill_building) via Furnace Glass x120 -> Glass x1200 (1200 req/0 extra)
        - Gather Rough Animal Hide x360
          - Gather Limestone x90
          - Gather Sapwood x90
        - External craft (skill_blacksmithing) via Basic Charcoal Kiln Lime x18 -> Lime x180 (180 req/0 extra)
        - External craft (skill_building) via Water Well Water x9 -> Water x180 (180 req/0 extra)
      - External craft (skill_leatherworking) via Simple Tanning Rack Inferior Leather x36 -> Inferior Leather x360 (360 req/0 extra)
        - Gather Limestone x60
        - Gather Sapwood x60
      - External craft (skill_blacksmithing) via Basic Charcoal Kiln Lime x12 -> Lime x120 (120 req/0 extra)
      - External craft (skill_building) via Water Well Water x6 -> Water x120 (120 req/0 extra)
    - External craft (skill_leatherworking) via Tanning Rack Boiled Leather x24 -> Boiled Leather x120 (120 req/0 extra)
        - Gather Tin Ore x1500
        - Gather Copper Ore x1500
        - Gather Sapwood x7500
      - External craft (skill_blacksmithing) via Basic Furnace Bronze Ingot x75 -> Bronze Ingot x1500 (1500 req/0 extra)
    - External craft (skill_blacksmithing) via Basic Forge Bronze Bar x300 -> Bronze Bar x300 (300 req/0 extra)
    - Gather Nightshade Fruit x300
  - Craft via Basic Alchemy Table Alchemy Instruments x60 -> Alchemy Instruments x60 (60 req/0 extra)
    - Gather Heartwood x480
  - External craft (skill_building) via Wood Chopping Block Fine Wood Beam x48 -> Fine Wood Beam x240 (240 req/0 extra)
    - Gather Heartwood x360
  - External craft (skill_building) via Wood Chopping Block Fine Wooden Plank x36 -> Fine Wooden Plank x360 (360 req/0 extra)
- Craft Alchemy Table x60 (final)"
skill_alchemy,14,15,,2,recipe_activatable_potion_potion_of_vitality_very_small_27,Weak Tonic of Vitality III,,93,243.1,22605.9,348.52,Amanita Regalis-95; Sand-5600; Sapwood-5700,"Weak Tonic of Vitality III x93 (final)
    - Gather Amanita Regalis x95
      - Gather Sapwood x100
    - External craft (skill_building) via Basic Charcoal Kiln Charcoal x2 -> Charcoal x50 (38 req/12 extra)
    - External craft (skill_building) via Water Well Water x5 -> Water x100 (95 req/5 extra)
  - Craft via Basic Reagent Distiller Amanita Regalis Extract x19 -> Amanita Regalis Extract x190 (186 req/4 extra)
  - External craft (skill_building) via Water Well Water x37 -> Water x740 (739 req/1 extra)
      - Gather Sand x5600
        - Gather Sapwood x5600
      - External craft (skill_building) via Basic Charcoal Kiln Charcoal x112 -> Charcoal x2800 (2788 req/12 extra)
    - External craft (skill_building) via Basic Furnace Rough Glass x140 -> Rough Glass x1400 (1395 req/5 extra)
  - External craft (skill_blacksmithing) via Basic Forge Small Vial x93 -> Small Vial x465 (465 req/0 extra)
- Craft Weak Tonic of Vitality III x93 (final)"
skill_alchemy,14,15,,3,recipe_activatable_potion_potion_of_spirit_very_small_26,Small Potion of Spirit III,,93,243.1,22605.9,361.50,Datura's Leaves-95; Sand-5600; Sapwood-5700,"Small Potion of Spirit III x93 (final)
    - Gather Datura's Leaves x95
      - Gather Sapwood x100
    - External craft (skill_building) via Basic Charcoal Kiln Charcoal x2 -> Charcoal x50 (38 req/12 extra)
    - External craft (skill_building) via Water Well Water x5 -> Water x100 (95 req/5 extra)
  - Craft via Basic Reagent Distiller Datura Leaf Extract x19 -> Datura Leaf Extract x190 (186 req/4 extra)
  - External craft (skill_building) via Water Well Water x37 -> Water x740 (739 req/1 extra)
      - Gather Sand x5600
        - Gather Sapwood x5600
      - External craft (skill_building) via Basic Charcoal Kiln Charcoal x112 -> Charcoal x2800 (2788 req/12 extra)
    - External craft (skill_building) via Basic Furnace Rough Glass x140 -> Rough Glass x1400 (1395 req/5 extra)
  - External craft (skill_blacksmithing) via Basic Forge Small Vial x93 -> Small Vial x465 (465 req/0 extra)
- Craft Small Potion of Spirit III x93 (final)"
skill_baking,16,17,,1,recipe_activatable_foodcooked_bread_hpregen_20,Barley and Rye Bread,,149,224.9,33511.5,149.87,Suet-120; Barley Grain-60; Rye Grain-338,"Barley and Rye Bread x149 (final)
      - Gather Barley Grain x60
    - Craft via Millstone Barley Flour x3 -> Barley Flour x60 (60 req/0 extra)
      - External craft (skill_building) via Water Well Water x2 -> Water x40 (40 req/0 extra)
        - Gather Rye Grain x40
      - Craft via Millstone Rye Flour x2 -> Rye Flour x40 (40 req/0 extra)
    - Craft via Basic Fermenter Yeast x2 -> Yeast x40 (30 req/10 extra)
    - External craft (skill_building) via Water Well Water x8 -> Water x160 (150 req/10 extra)
  - Craft via Basic Cooking Workbench Barley Dough x30 -> Barley Dough x150 (149 req/1 extra)
  - Gather Rye Grain x298
    - Gather Suet x120
  - External craft (skill_cooking) via Basic Cooking Hearth Tallow x60 -> Tallow x300 (298 req/2 extra)
- Craft Barley and Rye Bread x149 (final)"
skill_baking,16,17,,2,recipe_activatable_foodcooked_pastry_staminaregen_22,Trail Pie,,141,236.9,33400.0,693.25,Animal Fat-564; Barley Grain-580; Rye Grain-300,"Trail Pie x141 (final)
      - Gather Barley Grain x580
    - Craft via Millstone Barley Flour x29 -> Barley Flour x580 (564 req/16 extra)
      - External craft (skill_building) via Water Well Water x15 -> Water x300 (300 req/0 extra)
        - Gather Rye Grain x300
      - Craft via Millstone Rye Flour x15 -> Rye Flour x300 (300 req/0 extra)
    - Craft via Basic Fermenter Yeast x15 -> Yeast x300 (282 req/18 extra)
    - External craft (skill_building) via Water Well Water x71 -> Water x1420 (1410 req/10 extra)
  - Craft via Basic Cooking Workbench Barley Dough x282 -> Barley Dough x1410 (1410 req/0 extra)
    - Gather Animal Fat x564
  - External craft (skill_cooking) via Basic Cooking Hearth Lard x282 -> Lard x1410 (1410 req/0 extra)
- Craft Trail Pie x141 (final)"
skill_baking,16,17,,3,recipe_activatable_foodcooked_bread_hpregen_10,Fruity Rye Bread,,3032,11.0,33352.0,10889.93,Elderberry-60640; Animal Fat-1214; Rye Grain-1840,"Fruity Rye Bread x3032 (final)
      - Gather Rye Grain x1220
    - Craft via Millstone Rye Flour x61 -> Rye Flour x1220 (1214 req/6 extra)
      - External craft (skill_building) via Water Well Water x31 -> Water x620 (620 req/0 extra)
        - Gather Rye Grain x620
      - Craft via Millstone Rye Flour x31 -> Rye Flour x620 (614 req/6 extra)
    - Craft via Basic Fermenter Yeast x31 -> Yeast x620 (607 req/13 extra)
    - External craft (skill_building) via Water Well Water x152 -> Water x3040 (3035 req/5 extra)
  - Craft via Basic Cooking Workbench Rye Dough x607 -> Rye Dough x3035 (3032 req/3 extra)
  - Gather Elderberry x60640
    - Gather Animal Fat x1214
  - External craft (skill_cooking) via Basic Cooking Hearth Lard x607 -> Lard x3035 (3032 req/3 extra)
- Craft Fruity Rye Bread x3032 (final)"
skill_weapon_smithing,16,17,,1,recipe_wieldable_tool_woodcutting_axe_t2_rare,Honed Iron Chopping Axe,,50,671.6,33580.7,240.91,Rough Animal Hide-10; Impure Iron Ore-1200; Sapwood-4900; Worn Out Locket-600; Token of the Murmur-50,"Honed Iron Chopping Axe x50 (final)
  - Gather Worn Out Locket x600
  - Gather Token of the Murmur x50
    - Gather Sapwood x100
  - External craft (skill_building) via Wood Chopping Block Long Wood Stock x20 -> Long Wood Stock x100 (100 req/0 extra)
        - Gather Impure Iron Ore x1000
          - Gather Sapwood x4000
        - External craft (skill_building) via Basic Charcoal Kiln Charcoal x80 -> Charcoal x2000 (2000 req/0 extra)
      - External craft (skill_blacksmithing) via Basic Furnace Iron Ingot x25 -> Iron Ingot x500 (500 req/0 extra)
    - External craft (skill_blacksmithing) via Basic Forge Iron Sheet x250 -> Iron Sheet x250 (250 req/0 extra)
      - Gather Impure Iron Ore x200
        - Gather Sapwood x800
      - External craft (skill_building) via Basic Charcoal Kiln Charcoal x16 -> Charcoal x400 (400 req/0 extra)
    - External craft (skill_blacksmithing) via Basic Furnace Iron Ingot x5 -> Iron Ingot x100 (100 req/0 extra)
  - External craft (skill_blacksmithing) via Basic Forge Iron Axe Head x50 -> Iron Axe Head x50 (50 req/0 extra)
        - Gather Rough Animal Hide x10
      - External craft (skill_leatherworking) via Simple Tanning Rack Rawhide x1 -> Rawhide x10 (3 req/7 extra)
    - External craft (skill_leatherworking) via Simple Leatherworking Table Nubuck Leather x3 -> Nubuck Leather x3 (3 req/0 extra)
  - External craft (skill_leatherworking) via Simple Leatherworking Table Coarse Leather Band x3 -> Coarse Leather Band x60 (50 req/10 extra)
- Craft Honed Iron Chopping Axe x50 (final)"
skill_weapon_smithing,16,17,,2,recipe_wieldable_tool_skinning_knife_t2_common,Iron Skinning Knife,,141,236.7,33381.3,176.96,Rough Animal Hide-20; Impure Iron Ore-2000; Sapwood-8145,"Iron Skinning Knife x141 (final)
        - Gather Impure Iron Ore x1440
          - Gather Sapwood x5800
        - External craft (skill_building) via Basic Charcoal Kiln Charcoal x116 -> Charcoal x2900 (2880 req/20 extra)
      - External craft (skill_blacksmithing) via Basic Furnace Iron Ingot x36 -> Iron Ingot x720 (705 req/15 extra)
    - External craft (skill_blacksmithing) via Basic Forge Iron Bar x141 -> Iron Bar x282 (282 req/0 extra)
  - External craft (skill_blacksmithing) via Basic Forge Iron Knife Blade x141 -> Iron Knife Blade x141 (141 req/0 extra)
    - Gather Sapwood x145
  - External craft (skill_building) via Wood Chopping Block Long Wood Stock x29 -> Long Wood Stock x145 (141 req/4 extra)
      - Gather Impure Iron Ore x560
        - Gather Sapwood x2200
      - External craft (skill_building) via Basic Charcoal Kiln Charcoal x44 -> Charcoal x1100 (1100 req/0 extra)
    - External craft (skill_blacksmithing) via Basic Furnace Iron Ingot x14 -> Iron Ingot x280 (267 req/13 extra)
  - External craft (skill_blacksmithing) via Basic Forge Iron Sheet x141 -> Iron Sheet x141 (141 req/0 extra)
        - Gather Rough Animal Hide x20
      - External craft (skill_leatherworking) via Simple Tanning Rack Rawhide x2 -> Rawhide x20 (15 req/5 extra)
    - External craft (skill_leatherworking) via Simple Leatherworking Table Nubuck Leather x15 -> Nubuck Leather x15 (15 req/0 extra)
  - External craft (skill_leatherworking) via Simple Leatherworking Table Coarse Leather Band x15 -> Coarse Leather Band x300 (282 req/18 extra)
- Craft Iron Skinning Knife x141 (final)"
skill_weapon_smithing,16,17,,3,recipe_wieldable_sword_2h_0_t2_rare,Warded Iron Greatsword,,47,717.6,33725.5,288.96,Rough Animal Hide-30; Copper Ore-480; Impure Iron Ore-1880; Tin Ore-480; Sapwood-9950; Worn Out Locket-564; Amulet of the Accord-47,"Warded Iron Greatsword x47 (final)
  - Gather Worn Out Locket x564
  - Gather Amulet of the Accord x47
        - Gather Impure Iron Ore x1200
          - Gather Sapwood x4800
        - External craft (skill_building) via Basic Charcoal Kiln Charcoal x96 -> Charcoal x2400 (2400 req/0 extra)
      - External craft (skill_blacksmithing) via Basic Furnace Iron Ingot x30 -> Iron Ingot x600 (590 req/10 extra)
    - External craft (skill_blacksmithing) via Basic Forge Iron Bar x118 -> Iron Bar x236 (235 req/1 extra)
  - External craft (skill_blacksmithing) via Basic Forge Iron Sword Blade x47 -> Iron Sword Blade x47 (47 req/0 extra)
        - Gather Impure Iron Ore x240
          - Gather Sapwood x1000
        - External craft (skill_building) via Basic Charcoal Kiln Charcoal x20 -> Charcoal x500 (480 req/20 extra)
      - External craft (skill_blacksmithing) via Basic Furnace Iron Ingot x6 -> Iron Ingot x120 (105 req/15 extra)
    - External craft (skill_blacksmithing) via Basic Forge Iron Bar x23 -> Iron Bar x46 (46 req/0 extra)
          - Gather Tin Ore x480
          - Gather Copper Ore x480
          - Gather Sapwood x2400
        - External craft (skill_blacksmithing) via Basic Furnace Bronze Ingot x24 -> Bronze Ingot x480 (470 req/10 extra)
      - External craft (skill_blacksmithing) via Basic Forge Bronze Bar x94 -> Bronze Bar x94 (94 req/0 extra)
    - External craft (skill_blacksmithing) via Basic Forge Bronze Spike x47 -> Bronze Spike x47 (47 req/0 extra)
          - Gather Rough Animal Hide x20
        - External craft (skill_leatherworking) via Simple Tanning Rack Rawhide x2 -> Rawhide x20 (12 req/8 extra)
      - External craft (skill_leatherworking) via Simple Leatherworking Table Nubuck Leather x12 -> Nubuck Leather x12 (12 req/0 extra)
    - External craft (skill_leatherworking) via Simple Leatherworking Table Coarse Leather Band x12 -> Coarse Leather Band x240 (235 req/5 extra)
  - External craft (skill_blacksmithing) via Basic Forge Sword Hilt x47 -> Sword Hilt x47 (47 req/0 extra)
      - Gather Impure Iron Ore x440
        - Gather Sapwood x1750
      - External craft (skill_building) via Basic Charcoal Kiln Charcoal x35 -> Charcoal x875 (860 req/15 extra)
    - External craft (skill_blacksmithing) via Basic Furnace Iron Ingot x11 -> Iron Ingot x220 (220 req/0 extra)
  - External craft (skill_blacksmithing) via Basic Forge Iron Bar x47 -> Iron Bar x94 (94 req/0 extra)
        - Gather Rough Animal Hide x10
      - External craft (skill_leatherworking) via Simple Tanning Rack Rawhide x1 -> Rawhide x10 (4 req/6 extra)
    - External craft (skill_leatherworking) via Simple Leatherworking Table Nubuck Leather x12 -> Nubuck Leather x12 (12 req/0 extra)
  - External craft (skill_leatherworking) via Simple Leatherworking Table Coarse Leather Band x12 -> Coarse Leather Band x240 (230 req/10 extra)
- Craft Warded Iron Greatsword x47 (final)"
skill_fletching,17,18,,1,recipe_crafter_fletching_workbench_2,Fletching Table,,72,557.5,40142.5,360.90,Suet-1440; Heartwood-1020; Rough Animal Hide-150; Impure Iron Ore-800; Flax Seeds-3600; Limestone-40; Sapwood-3240,"Fletching Table x72 (final)
        - Gather Rough Animal Hide x150
          - Gather Limestone x40
          - Gather Sapwood x40
        - External craft (skill_blacksmithing) via Basic Charcoal Kiln Lime x8 -> Lime x80 (75 req/5 extra)
        - External craft (skill_building) via Water Well Water x4 -> Water x80 (75 req/5 extra)
      - External craft (skill_leatherworking) via Simple Tanning Rack Inferior Leather x15 -> Inferior Leather x150 (144 req/6 extra)
    - External craft (skill_leatherworking) via Leatherworking Table Heavy Top Grain Leather x144 -> Heavy Top Grain Leather x144 (144 req/0 extra)
          - Gather Impure Iron Ore x720
            - Gather Sapwood x2900
          - External craft (skill_building) via Basic Charcoal Kiln Charcoal x58 -> Charcoal x1450 (1440 req/10 extra)
        - External craft (skill_blacksmithing) via Basic Furnace Iron Ingot x18 -> Iron Ingot x360 (360 req/0 extra)
      - External craft (skill_blacksmithing) via Basic Forge Iron Bar x72 -> Iron Bar x144 (144 req/0 extra)
    - External craft (skill_blacksmithing) via Basic Forge Iron Knife Blade x72 -> Iron Knife Blade x72 (72 req/0 extra)
          - Gather Impure Iron Ore x80
            - Gather Sapwood x300
          - External craft (skill_building) via Basic Charcoal Kiln Charcoal x6 -> Charcoal x150 (150 req/0 extra)
        - External craft (skill_blacksmithing) via Basic Furnace Iron Ingot x2 -> Iron Ingot x40 (40 req/0 extra)
      - External craft (skill_blacksmithing) via Basic Forge Iron Bar x8 -> Iron Bar x16 (15 req/1 extra)
    - External craft (skill_blacksmithing) via Basic Forge Iron Nails x15 -> Iron Nails x750 (720 req/30 extra)
      - Gather Flax Seeds x3600
        - Gather Suet x1440
      - External craft (skill_cooking) via Basic Cooking Hearth Tallow x720 -> Tallow x3600 (3600 req/0 extra)
    - External craft (skill_leatherworking) via Leatherworking Table Linseed Oil x360 -> Linseed Oil x360 (360 req/0 extra)
  - Craft via Basic Fletching Table Fletching Tools x72 -> Fletching Tools x72 (72 req/0 extra)
    - Gather Heartwood x580
  - External craft (skill_building) via Wood Chopping Block Fine Wood Beam x58 -> Fine Wood Beam x290 (288 req/2 extra)
    - Gather Heartwood x440
  - External craft (skill_building) via Wood Chopping Block Fine Wooden Plank x44 -> Fine Wooden Plank x440 (432 req/8 extra)
- Craft Fletching Table x72 (final)"
skill_fletching,17,18,,2,recipe_wieldable_bow_2h_0_t2_rare,Warded Longbow,,59,689.8,40700.5,394.69,Boar Sinew-295; Rough Animal Hide-30; Sapwood-180; Resin-413; Token of the Whisper-59; Furry Collarstone-708,"Warded Longbow x59 (final)
  - Gather Furry Collarstone x708
  - Gather Token of the Whisper x59
      - Gather Sapwood x180
    - External craft (skill_building) via Wood Chopping Block Long Wood Stock x36 -> Long Wood Stock x180 (177 req/3 extra)
    - Gather Resin x413
    - External craft (skill_cooking) via Basic Beehive Beeswax x118 -> Beeswax x590 (590 req/0 extra)
  - Craft via Basic Fletching Table Rough Bow Stave x59 -> Rough Bow Stave x59 (59 req/0 extra)
  - Gather Boar Sinew x295
        - Gather Rough Animal Hide x30
      - External craft (skill_leatherworking) via Simple Tanning Rack Rawhide x3 -> Rawhide x30 (30 req/0 extra)
    - External craft (skill_leatherworking) via Simple Leatherworking Table Nubuck Leather x30 -> Nubuck Leather x30 (30 req/0 extra)
  - External craft (skill_leatherworking) via Simple Leatherworking Table Coarse Leather Band x30 -> Coarse Leather Band x600 (590 req/10 extra)
- Craft Warded Longbow x59 (final)"
skill_fletching,17,18,,3,recipe_item_unlock_crafter_fletching_workbench_2,Fletching Tools,,142,282.5,40109.3,880.87,Suet-2840; Rough Animal Hide-290; Impure Iron Ore-1600; Flax Seeds-7100; Limestone-75; Sapwood-6475,"Fletching Tools x142 (final)
      - Gather Rough Animal Hide x290
        - Gather Limestone x75
        - Gather Sapwood x75
      - External craft (skill_blacksmithing) via Basic Charcoal Kiln Lime x15 -> Lime x150 (145 req/5 extra)
      - External craft (skill_building) via Water Well Water x8 -> Water x160 (145 req/15 extra)
    - External craft (skill_leatherworking) via Simple Tanning Rack Inferior Leather x29 -> Inferior Leather x290 (284 req/6 extra)
  - External craft (skill_leatherworking) via Leatherworking Table Heavy Top Grain Leather x284 -> Heavy Top Grain Leather x284 (284 req/0 extra)
        - Gather Impure Iron Ore x1440
          - Gather Sapwood x5800
        - External craft (skill_building) via Basic Charcoal Kiln Charcoal x116 -> Charcoal x2900 (2880 req/20 extra)
      - External craft (skill_blacksmithing) via Basic Furnace Iron Ingot x36 -> Iron Ingot x720 (710 req/10 extra)
    - External craft (skill_blacksmithing) via Basic Forge Iron Bar x142 -> Iron Bar x284 (284 req/0 extra)
  - External craft (skill_blacksmithing) via Basic Forge Iron Knife Blade x142 -> Iron Knife Blade x142 (142 req/0 extra)
        - Gather Impure Iron Ore x160
          - Gather Sapwood x600
        - External craft (skill_building) via Basic Charcoal Kiln Charcoal x12 -> Charcoal x300 (300 req/0 extra)
      - External craft (skill_blacksmithing) via Basic Furnace Iron Ingot x4 -> Iron Ingot x80 (65 req/15 extra)
    - External craft (skill_blacksmithing) via Basic Forge Iron Bar x15 -> Iron Bar x30 (29 req/1 extra)
  - External craft (skill_blacksmithing) via Basic Forge Iron Nails x29 -> Iron Nails x1450 (1420 req/30 extra)
    - Gather Flax Seeds x7100
      - Gather Suet x2840
    - External craft (skill_cooking) via Basic Cooking Hearth Tallow x1420 -> Tallow x7100 (7100 req/0 extra)
  - External craft (skill_leatherworking) via Leatherworking Table Linseed Oil x710 -> Linseed Oil x710 (710 req/0 extra)
- Craft Fletching Tools x142 (final)"
skill_charcuterie,18,19,,1,recipe_rough-cut_wolf,Poorly Parted Chamois,,200,237.1,47422.1,24.30,Chamois Carcass-200,"Poorly Parted Chamois x200 (final)
  - Gather Chamois Carcass x200
- Craft Poorly Parted Chamois x200 (final)"
skill_charcuterie,18,19,,2,recipe_basic_butchered_bear,Parted Bear,,200,237.1,47422.1,25.50,Bear Carcass-200,"Parted Bear x200 (final)
  - Gather Bear Carcass x200
- Craft Parted Bear x200 (final)"
skill_charcuterie,18,19,,3,recipe_rough-cut_bear,Poorly Parted Bear,,239,198.6,47468.8,30.47,Bear Carcass-239,"Poorly Parted Bear x239 (final)
  - Gather Bear Carcass x239
- Craft Poorly Parted Bear x239 (final)"
skill_tailoring,18,19,,1,recipe_wearable_cloth_chest_cleric_dp_t3_common,Cleric's Alb of Reflection III,,19,2514.2,44437.5,188.16,Antler-76; Rough Animal Hide-10; Copper Ore-40; Silver Ore-20; Tin Ore-40; Cotton Fiber-3280; Sapwood-600,"Cleric's Alb of Reflection III x19 (final)
    - Gather Antler x38
  - Craft via Tailoring Table Horn Needles x38 -> Horn Needles x190 (190 req/0 extra)
        - Gather Cotton Fiber x1600
      - Craft via Spinning Wheel Cotton Cord x40 -> Cotton Cord x400 (400 req/0 extra)
    - Craft via Simple Loom Coarse Cotton Cloth x16 -> Coarse Cotton Cloth x80 (76 req/4 extra)
      - Gather Cotton Fiber x1520
    - Craft via Spinning Wheel Cotton Cord x38 -> Cotton Cord x380 (380 req/0 extra)
      - Gather Antler x38
    - Craft via Tailoring Table Horn Needles x38 -> Horn Needles x190 (190 req/0 extra)
  - Craft via Tailoring Table Cotton Wadding x38 -> Cotton Wadding x38 (38 req/0 extra)
        - Gather Tin Ore x20
        - Gather Copper Ore x20
        - Gather Sapwood x100
      - External craft (skill_blacksmithing) via Basic Furnace Bronze Ingot x1 -> Bronze Ingot x20 (10 req/10 extra)
    - External craft (skill_blacksmithing) via Basic Forge Bronze Sheet x5 -> Bronze Sheet x5 (5 req/0 extra)
  - External craft (skill_blacksmithing) via Basic Forge Bronze Buckle x1 -> Bronze Buckle x25 (19 req/6 extra)
      - Gather Silver Ore x20
        - Gather Sapwood x400
      - External craft (skill_building) via Basic Charcoal Kiln Charcoal x8 -> Charcoal x200 (200 req/0 extra)
    - External craft (skill_blacksmithing) via Furnace Silver Ingot x4 -> Silver Ingot x20 (19 req/1 extra)
      - Gather Cotton Fiber x160
    - Craft via Spinning Wheel Cotton Cord x4 -> Cotton Cord x40 (38 req/2 extra)
  - Craft via Tailoring Table Silver Buttons x19 -> Silver Buttons x190 (190 req/0 extra)
          - Gather Rough Animal Hide x10
        - External craft (skill_leatherworking) via Simple Tanning Rack Rawhide x1 -> Rawhide x10 (4 req/6 extra)
      - External craft (skill_leatherworking) via Simple Leatherworking Table Nubuck Leather x4 -> Nubuck Leather x4 (4 req/0 extra)
    - External craft (skill_leatherworking) via Simple Leatherworking Table Coarse Leather Band x4 -> Coarse Leather Band x80 (76 req/4 extra)
          - Gather Tin Ore x20
          - Gather Copper Ore x20
          - Gather Sapwood x100
        - External craft (skill_blacksmithing) via Basic Furnace Bronze Ingot x1 -> Bronze Ingot x20 (10 req/10 extra)
      - External craft (skill_blacksmithing) via Basic Forge Bronze Sheet x10 -> Bronze Sheet x10 (10 req/0 extra)
    - External craft (skill_blacksmithing) via Basic Forge Bronze Buckle x2 -> Bronze Buckle x50 (32 req/18 extra)
  - External craft (skill_leatherworking) via Simple Leatherworking Table Rough Leather Straps x38 -> Rough Leather Straps x38 (38 req/0 extra)
- Craft Cleric's Alb of Reflection III x19 (final)"
skill_tailoring,18,19,,2,recipe_wearable_cloth_chest_cleric_ct_t3_common,Cleric's Alb of Cleansing III,,19,2514.2,44437.5,188.16,Antler-76; Rough Animal Hide-10; Copper Ore-40; Silver Ore-20; Tin Ore-40; Cotton Fiber-3280; Sapwood-600,"Cleric's Alb of Cleansing III x19 (final)
    - Gather Antler x38
  - Craft via Tailoring Table Horn Needles x38 -> Horn Needles x190 (190 req/0 extra)
        - Gather Cotton Fiber x1600
      - Craft via Spinning Wheel Cotton Cord x40 -> Cotton Cord x400 (400 req/0 extra)
    - Craft via Simple Loom Coarse Cotton Cloth x16 -> Coarse Cotton Cloth x80 (76 req/4 extra)
      - Gather Cotton Fiber x1520
    - Craft via Spinning Wheel Cotton Cord x38 -> Cotton Cord x380 (380 req/0 extra)
      - Gather Antler x38
    - Craft via Tailoring Table Horn Needles x38 -> Horn Needles x190 (190 req/0 extra)
  - Craft via Tailoring Table Cotton Wadding x38 -> Cotton Wadding x38 (38 req/0 extra)
        - Gather Tin Ore x20
        - Gather Copper Ore x20
        - Gather Sapwood x100
      - External craft (skill_blacksmithing) via Basic Furnace Bronze Ingot x1 -> Bronze Ingot x20 (10 req/10 extra)
    - External craft (skill_blacksmithing) via Basic Forge Bronze Sheet x5 -> Bronze Sheet x5 (5 req/0 extra)
  - External craft (skill_blacksmithing) via Basic Forge Bronze Buckle x1 -> Bronze Buckle x25 (19 req/6 extra)
      - Gather Silver Ore x20
        - Gather Sapwood x400
      - External craft (skill_building) via Basic Charcoal Kiln Charcoal x8 -> Charcoal x200 (200 req/0 extra)
    - External craft (skill_blacksmithing) via Furnace Silver Ingot x4 -> Silver Ingot x20 (19 req/1 extra)
      - Gather Cotton Fiber x160
    - Craft via Spinning Wheel Cotton Cord x4 -> Cotton Cord x40 (38 req/2 extra)
  - Craft via Tailoring Table Silver Buttons x19 -> Silver Buttons x190 (190 req/0 extra)
          - Gather Rough Animal Hide x10
        - External craft (skill_leatherworking) via Simple Tanning Rack Rawhide x1 -> Rawhide x10 (4 req/6 extra)
      - External craft (skill_leatherworking) via Simple Leatherworking Table Nubuck Leather x4 -> Nubuck Leather x4 (4 req/0 extra)
    - External craft (skill_leatherworking) via Simple Leatherworking Table Coarse Leather Band x4 -> Coarse Leather Band x80 (76 req/4 extra)
          - Gather Tin Ore x20
          - Gather Copper Ore x20
          - Gather Sapwood x100
        - External craft (skill_blacksmithing) via Basic Furnace Bronze Ingot x1 -> Bronze Ingot x20 (10 req/10 extra)
      - External craft (skill_blacksmithing) via Basic Forge Bronze Sheet x10 -> Bronze Sheet x10 (10 req/0 extra)
    - External craft (skill_blacksmithing) via Basic Forge Bronze Buckle x2 -> Bronze Buckle x50 (32 req/18 extra)
  - External craft (skill_leatherworking) via Simple Leatherworking Table Rough Leather Straps x38 -> Rough Leather Straps x38 (38 req/0 extra)
- Craft Cleric's Alb of Cleansing III x19 (final)"
skill_tailoring,18,19,,3,recipe_wearable_cloth_chest_shepherd_rm_t3_common,Shepherd's Smock of Blooming Fold III,,19,2514.2,44437.5,188.16,Antler-76; Rough Animal Hide-10; Copper Ore-40; Silver Ore-20; Tin Ore-40; Cotton Fiber-3280; Sapwood-600,"Shepherd's Smock of Blooming Fold III x19 (final)
    - Gather Antler x38
  - Craft via Tailoring Table Horn Needles x38 -> Horn Needles x190 (190 req/0 extra)
        - Gather Cotton Fiber x1600
      - Craft via Spinning Wheel Cotton Cord x40 -> Cotton Cord x400 (400 req/0 extra)
    - Craft via Simple Loom Coarse Cotton Cloth x16 -> Coarse Cotton Cloth x80 (76 req/4 extra)
      - Gather Cotton Fiber x1520
    - Craft via Spinning Wheel Cotton Cord x38 -> Cotton Cord x380 (380 req/0 extra)
      - Gather Antler x38
    - Craft via Tailoring Table Horn Needles x38 -> Horn Needles x190 (190 req/0 extra)
  - Craft via Tailoring Table Cotton Wadding x38 -> Cotton Wadding x38 (38 req/0 extra)
        - Gather Tin Ore x20
        - Gather Copper Ore x20
        - Gather Sapwood x100
      - External craft (skill_blacksmithing) via Basic Furnace Bronze Ingot x1 -> Bronze Ingot x20 (10 req/10 extra)
    - External craft (skill_blacksmithing) via Basic Forge Bronze Sheet x5 -> Bronze Sheet x5 (5 req/0 extra)
  - External craft (skill_blacksmithing) via Basic Forge Bronze Buckle x1 -> Bronze Buckle x25 (19 req/6 extra)
      - Gather Silver Ore x20
        - Gather Sapwood x400
      - External craft (skill_building) via Basic Charcoal Kiln Charcoal x8 -> Charcoal x200 (200 req/0 extra)
    - External craft (skill_blacksmithing) via Furnace Silver Ingot x4 -> Silver Ingot x20 (19 req/1 extra)
      - Gather Cotton Fiber x160
    - Craft via Spinning Wheel Cotton Cord x4 -> Cotton Cord x40 (38 req/2 extra)
  - Craft via Tailoring Table Silver Buttons x19 -> Silver Buttons x190 (190 req/0 extra)
          - Gather Rough Animal Hide x10
        - External craft (skill_leatherworking) via Simple Tanning Rack Rawhide x1 -> Rawhide x10 (4 req/6 extra)
      - External craft (skill_leatherworking) via Simple Leatherworking Table Nubuck Leather x4 -> Nubuck Leather x4 (4 req/0 extra)
    - External craft (skill_leatherworking) via Simple Leatherworking Table Coarse Leather Band x4 -> Coarse Leather Band x80 (76 req/4 extra)
          - Gather Tin Ore x20
          - Gather Copper Ore x20
          - Gather Sapwood x100
        - External craft (skill_blacksmithing) via Basic Furnace Bronze Ingot x1 -> Bronze Ingot x20 (10 req/10 extra)
      - External craft (skill_blacksmithing) via Basic Forge Bronze Sheet x10 -> Bronze Sheet x10 (10 req/0 extra)
    - External craft (skill_blacksmithing) via Basic Forge Bronze Buckle x2 -> Bronze Buckle x50 (32 req/18 extra)
  - External craft (skill_leatherworking) via Simple Leatherworking Table Rough Leather Straps x38 -> Rough Leather Straps x38 (38 req/0 extra)
- Craft Shepherd's Smock of Blooming Fold III x19 (final)"
skill_tailoring,19,20,Prerequisite: advance skill_tailoring for crafting Cotton Wadding used in skill_leatherworking,1,recipe_wearable_cloth_chest_cleric_dp_t3_common,Cleric's Alb of Reflection III,,23,2473.0,52862.7,227.78,Antler-92; Rough Animal Hide-10; Copper Ore-40; Silver Ore-25; Tin Ore-40; Cotton Fiber-3960; Sapwood-700,"Cleric's Alb of Reflection III x23 (final)
    - Gather Antler x46
  - Craft via Tailoring Table Horn Needles x46 -> Horn Needles x230 (230 req/0 extra)
        - Gather Cotton Fiber x1920
      - Craft via Spinning Wheel Cotton Cord x48 -> Cotton Cord x480 (475 req/5 extra)
    - Craft via Simple Loom Coarse Cotton Cloth x19 -> Coarse Cotton Cloth x95 (92 req/3 extra)
      - Gather Cotton Fiber x1840
    - Craft via Spinning Wheel Cotton Cord x46 -> Cotton Cord x460 (455 req/5 extra)
      - Gather Antler x46
    - Craft via Tailoring Table Horn Needles x46 -> Horn Needles x230 (230 req/0 extra)
  - Craft via Tailoring Table Cotton Wadding x46 -> Cotton Wadding x46 (46 req/0 extra)
        - Gather Tin Ore x20
        - Gather Copper Ore x20
        - Gather Sapwood x100
      - External craft (skill_blacksmithing) via Basic Furnace Bronze Ingot x1 -> Bronze Ingot x20 (10 req/10 extra)
    - External craft (skill_blacksmithing) via Basic Forge Bronze Sheet x5 -> Bronze Sheet x5 (5 req/0 extra)
  - External craft (skill_blacksmithing) via Basic Forge Bronze Buckle x1 -> Bronze Buckle x25 (23 req/2 extra)
      - Gather Silver Ore x25
        - Gather Sapwood x500
      - External craft (skill_building) via Basic Charcoal Kiln Charcoal x10 -> Charcoal x250 (250 req/0 extra)
    - External craft (skill_blacksmithing) via Furnace Silver Ingot x5 -> Silver Ingot x25 (23 req/2 extra)
      - Gather Cotton Fiber x200
    - Craft via Spinning Wheel Cotton Cord x5 -> Cotton Cord x50 (41 req/9 extra)
  - Craft via Tailoring Table Silver Buttons x23 -> Silver Buttons x230 (230 req/0 extra)
          - Gather Rough Animal Hide x10
        - External craft (skill_leatherworking) via Simple Tanning Rack Rawhide x1 -> Rawhide x10 (5 req/5 extra)
      - External craft (skill_leatherworking) via Simple Leatherworking Table Nubuck Leather x5 -> Nubuck Leather x5 (5 req/0 extra)
    - External craft (skill_leatherworking) via Simple Leatherworking Table Coarse Leather Band x5 -> Coarse Leather Band x100 (92 req/8 extra)
          - Gather Tin Ore x20
          - Gather Copper Ore x20
          - Gather Sapwood x100
        - External craft (skill_blacksmithing) via Basic Furnace Bronze Ingot x1 -> Bronze Ingot x20 (10 req/10 extra)
      - External craft (skill_blacksmithing) via Basic Forge Bronze Sheet x10 -> Bronze Sheet x10 (10 req/0 extra)
    - External craft (skill_blacksmithing) via Basic Forge Bronze Buckle x2 -> Bronze Buckle x50 (44 req/6 extra)
  - External craft (skill_leatherworking) via Simple Leatherworking Table Rough Leather Straps x46 -> Rough Leather Straps x46 (46 req/0 extra)
- Craft Cleric's Alb of Reflection III x23 (final)"
skill_tailoring,19,20,Prerequisite: advance skill_tailoring for crafting Cotton Wadding used in skill_leatherworking,2,recipe_wearable_cloth_chest_cleric_ct_t3_common,Cleric's Alb of Cleansing III,,23,2473.0,52862.7,227.78,Antler-92; Rough Animal Hide-10; Copper Ore-40; Silver Ore-25; Tin Ore-40; Cotton Fiber-3960; Sapwood-700,"Cleric's Alb of Cleansing III x23 (final)
    - Gather Antler x46
  - Craft via Tailoring Table Horn Needles x46 -> Horn Needles x230 (230 req/0 extra)
        - Gather Cotton Fiber x1920
      - Craft via Spinning Wheel Cotton Cord x48 -> Cotton Cord x480 (475 req/5 extra)
    - Craft via Simple Loom Coarse Cotton Cloth x19 -> Coarse Cotton Cloth x95 (92 req/3 extra)
      - Gather Cotton Fiber x1840
    - Craft via Spinning Wheel Cotton Cord x46 -> Cotton Cord x460 (455 req/5 extra)
      - Gather Antler x46
    - Craft via Tailoring Table Horn Needles x46 -> Horn Needles x230 (230 req/0 extra)
  - Craft via Tailoring Table Cotton Wadding x46 -> Cotton Wadding x46 (46 req/0 extra)
        - Gather Tin Ore x20
        - Gather Copper Ore x20
        - Gather Sapwood x100
      - External craft (skill_blacksmithing) via Basic Furnace Bronze Ingot x1 -> Bronze Ingot x20 (10 req/10 extra)
    - External craft (skill_blacksmithing) via Basic Forge Bronze Sheet x5 -> Bronze Sheet x5 (5 req/0 extra)
  - External craft (skill_blacksmithing) via Basic Forge Bronze Buckle x1 -> Bronze Buckle x25 (23 req/2 extra)
      - Gather Silver Ore x25
        - Gather Sapwood x500
      - External craft (skill_building) via Basic Charcoal Kiln Charcoal x10 -> Charcoal x250 (250 req/0 extra)
    - External craft (skill_blacksmithing) via Furnace Silver Ingot x5 -> Silver Ingot x25 (23 req/2 extra)
      - Gather Cotton Fiber x200
    - Craft via Spinning Wheel Cotton Cord x5 -> Cotton Cord x50 (41 req/9 extra)
  - Craft via Tailoring Table Silver Buttons x23 -> Silver Buttons x230 (230 req/0 extra)
          - Gather Rough Animal Hide x10
        - External craft (skill_leatherworking) via Simple Tanning Rack Rawhide x1 -> Rawhide x10 (5 req/5 extra)
      - External craft (skill_leatherworking) via Simple Leatherworking Table Nubuck Leather x5 -> Nubuck Leather x5 (5 req/0 extra)
    - External craft (skill_leatherworking) via Simple Leatherworking Table Coarse Leather Band x5 -> Coarse Leather Band x100 (92 req/8 extra)
          - Gather Tin Ore x20
          - Gather Copper Ore x20
          - Gather Sapwood x100
        - External craft (skill_blacksmithing) via Basic Furnace Bronze Ingot x1 -> Bronze Ingot x20 (10 req/10 extra)
      - External craft (skill_blacksmithing) via Basic Forge Bronze Sheet x10 -> Bronze Sheet x10 (10 req/0 extra)
    - External craft (skill_blacksmithing) via Basic Forge Bronze Buckle x2 -> Bronze Buckle x50 (44 req/6 extra)
  - External craft (skill_leatherworking) via Simple Leatherworking Table Rough Leather Straps x46 -> Rough Leather Straps x46 (46 req/0 extra)
- Craft Cleric's Alb of Cleansing III x23 (final)"
skill_tailoring,19,20,Prerequisite: advance skill_tailoring for crafting Cotton Wadding used in skill_leatherworking,3,recipe_wearable_cloth_chest_shepherd_rm_t3_common,Shepherd's Smock of Blooming Fold III,,23,2473.0,52862.7,227.78,Antler-92; Rough Animal Hide-10; Copper Ore-40; Silver Ore-25; Tin Ore-40; Cotton Fiber-3960; Sapwood-700,"Shepherd's Smock of Blooming Fold III x23 (final)
    - Gather Antler x46
  - Craft via Tailoring Table Horn Needles x46 -> Horn Needles x230 (230 req/0 extra)
        - Gather Cotton Fiber x1920
      - Craft via Spinning Wheel Cotton Cord x48 -> Cotton Cord x480 (475 req/5 extra)
    - Craft via Simple Loom Coarse Cotton Cloth x19 -> Coarse Cotton Cloth x95 (92 req/3 extra)
      - Gather Cotton Fiber x1840
    - Craft via Spinning Wheel Cotton Cord x46 -> Cotton Cord x460 (455 req/5 extra)
      - Gather Antler x46
    - Craft via Tailoring Table Horn Needles x46 -> Horn Needles x230 (230 req/0 extra)
  - Craft via Tailoring Table Cotton Wadding x46 -> Cotton Wadding x46 (46 req/0 extra)
        - Gather Tin Ore x20
        - Gather Copper Ore x20
        - Gather Sapwood x100
      - External craft (skill_blacksmithing) via Basic Furnace Bronze Ingot x1 -> Bronze Ingot x20 (10 req/10 extra)
    - External craft (skill_blacksmithing) via Basic Forge Bronze Sheet x5 -> Bronze Sheet x5 (5 req/0 extra)
  - External craft (skill_blacksmithing) via Basic Forge Bronze Buckle x1 -> Bronze Buckle x25 (23 req/2 extra)
      - Gather Silver Ore x25
        - Gather Sapwood x500
      - External craft (skill_building) via Basic Charcoal Kiln Charcoal x10 -> Charcoal x250 (250 req/0 extra)
    - External craft (skill_blacksmithing) via Furnace Silver Ingot x5 -> Silver Ingot x25 (23 req/2 extra)
      - Gather Cotton Fiber x200
    - Craft via Spinning Wheel Cotton Cord x5 -> Cotton Cord x50 (41 req/9 extra)
  - Craft via Tailoring Table Silver Buttons x23 -> Silver Buttons x230 (230 req/0 extra)
          - Gather Rough Animal Hide x10
        - External craft (skill_leatherworking) via Simple Tanning Rack Rawhide x1 -> Rawhide x10 (5 req/5 extra)
      - External craft (skill_leatherworking) via Simple Leatherworking Table Nubuck Leather x5 -> Nubuck Leather x5 (5 req/0 extra)
    - External craft (skill_leatherworking) via Simple Leatherworking Table Coarse Leather Band x5 -> Coarse Leather Band x100 (92 req/8 extra)
          - Gather Tin Ore x20
          - Gather Copper Ore x20
          - Gather Sapwood x100
        - External craft (skill_blacksmithing) via Basic Furnace Bronze Ingot x1 -> Bronze Ingot x20 (10 req/10 extra)
      - External craft (skill_blacksmithing) via Basic Forge Bronze Sheet x10 -> Bronze Sheet x10 (10 req/0 extra)
    - External craft (skill_blacksmithing) via Basic Forge Bronze Buckle x2 -> Bronze Buckle x50 (44 req/6 extra)
  - External craft (skill_leatherworking) via Simple Leatherworking Table Rough Leather Straps x46 -> Rough Leather Straps x46 (46 req/0 extra)
- Craft Shepherd's Smock of Blooming Fold III x23 (final)"
skill_building,23,24,,1,recipe_building_prop_door_double_painted,Elegant Wooden Double Door,,25,589.2,14289.0,13.12,Heartwood-800; Impure Iron Ore-880; Sapwood-4400,"Elegant Wooden Double Door x25 (final)
      - Gather Heartwood x800
    - Craft via Wood Chopping Block Fine Wooden Plank x80 -> Fine Wooden Plank x800 (800 req/0 extra)
            - Gather Impure Iron Ore x200
              - Gather Sapwood x800
            - Craft via Basic Charcoal Kiln Charcoal x16 -> Charcoal x400 (400 req/0 extra)
          - External craft (skill_blacksmithing) via Basic Furnace Iron Ingot x5 -> Iron Ingot x100 (90 req/10 extra)
            - Gather Sapwood x250
          - Craft via Basic Charcoal Kiln Charcoal x5 -> Charcoal x125 (120 req/5 extra)
        - External craft (skill_blacksmithing) via Basic Furnace Wrought Iron Ingot x3 -> Wrought Iron Ingot x60 (60 req/0 extra)
      - External craft (skill_blacksmithing) via Basic Forge Wrought Iron Bar x12 -> Wrought Iron Bar x24 (24 req/0 extra)
    - External craft (skill_blacksmithing) via Forge Wrought Iron Nails x24 -> Wrought Iron Nails x1200 (1200 req/0 extra)
            - Gather Impure Iron Ore x480
              - Gather Sapwood x1950
            - Craft via Basic Charcoal Kiln Charcoal x39 -> Charcoal x975 (955 req/20 extra)
          - External craft (skill_blacksmithing) via Basic Furnace Iron Ingot x12 -> Iron Ingot x240 (230 req/10 extra)
            - Gather Sapwood x600
          - Craft via Basic Charcoal Kiln Charcoal x12 -> Charcoal x300 (300 req/0 extra)
        - External craft (skill_blacksmithing) via Basic Furnace Wrought Iron Ingot x8 -> Wrought Iron Ingot x160 (160 req/0 extra)
      - External craft (skill_blacksmithing) via Forge Wrought Iron Sheet x80 -> Wrought Iron Sheet x80 (80 req/0 extra)
            - Gather Impure Iron Ore x200
              - Gather Sapwood x800
            - Craft via Basic Charcoal Kiln Charcoal x16 -> Charcoal x400 (400 req/0 extra)
          - External craft (skill_blacksmithing) via Basic Furnace Iron Ingot x5 -> Iron Ingot x100 (90 req/10 extra)
        - External craft (skill_blacksmithing) via Basic Forge Iron Bar x20 -> Iron Bar x40 (40 req/0 extra)
      - External craft (skill_blacksmithing) via Basic Forge Iron Nails x40 -> Iron Nails x2000 (2000 req/0 extra)
    - External craft (skill_blacksmithing) via Forge Wrought Iron Hinges x40 -> Wrought Iron Hinges x200 (200 req/0 extra)
  - Craft via Carpenter Workbench Elegant Wooden Door x50 -> item_prop_door_wooden_painted x50 (50 req/0 extra)
- Craft Elegant Wooden Double Door x25 (final)"
skill_building,23,24,,2,recipe_building_prop_door_wooden_painted,Elegant Wooden Door,,50,294.6,14289.0,13.12,Heartwood-800; Impure Iron Ore-880; Sapwood-4400,"Elegant Wooden Door x50 (final)
      - Gather Heartwood x800
    - Craft via Wood Chopping Block Fine Wooden Plank x80 -> Fine Wooden Plank x800 (800 req/0 extra)
            - Gather Impure Iron Ore x200
              - Gather Sapwood x800
            - Craft via Basic Charcoal Kiln Charcoal x16 -> Charcoal x400 (400 req/0 extra)
          - External craft (skill_blacksmithing) via Basic Furnace Iron Ingot x5 -> Iron Ingot x100 (90 req/10 extra)
            - Gather Sapwood x250
          - Craft via Basic Charcoal Kiln Charcoal x5 -> Charcoal x125 (120 req/5 extra)
        - External craft (skill_blacksmithing) via Basic Furnace Wrought Iron Ingot x3 -> Wrought Iron Ingot x60 (60 req/0 extra)
      - External craft (skill_blacksmithing) via Basic Forge Wrought Iron Bar x12 -> Wrought Iron Bar x24 (24 req/0 extra)
    - External craft (skill_blacksmithing) via Forge Wrought Iron Nails x24 -> Wrought Iron Nails x1200 (1200 req/0 extra)
            - Gather Impure Iron Ore x480
              - Gather Sapwood x1950
            - Craft via Basic Charcoal Kiln Charcoal x39 -> Charcoal x975 (955 req/20 extra)
          - External craft (skill_blacksmithing) via Basic Furnace Iron Ingot x12 -> Iron Ingot x240 (230 req/10 extra)
            - Gather Sapwood x600
          - Craft via Basic Charcoal Kiln Charcoal x12 -> Charcoal x300 (300 req/0 extra)
        - External craft (skill_blacksmithing) via Basic Furnace Wrought Iron Ingot x8 -> Wrought Iron Ingot x160 (160 req/0 extra)
      - External craft (skill_blacksmithing) via Forge Wrought Iron Sheet x80 -> Wrought Iron Sheet x80 (80 req/0 extra)
            - Gather Impure Iron Ore x200
              - Gather Sapwood x800
            - Craft via Basic Charcoal Kiln Charcoal x16 -> Charcoal x400 (400 req/0 extra)
          - External craft (skill_blacksmithing) via Basic Furnace Iron Ingot x5 -> Iron Ingot x100 (90 req/10 extra)
        - External craft (skill_blacksmithing) via Basic Forge Iron Bar x20 -> Iron Bar x40 (40 req/0 extra)
      - External craft (skill_blacksmithing) via Basic Forge Iron Nails x40 -> Iron Nails x2000 (2000 req/0 extra)
    - External craft (skill_blacksmithing) via Forge Wrought Iron Hinges x40 -> Wrought Iron Hinges x200 (200 req/0 extra)
  - Craft via Carpenter Workbench Elegant Wooden Door x50 -> item_prop_door_wooden_painted x50 (50 req/0 extra)
- Craft Elegant Wooden Door x50 (final)"
skill_building,23,24,,3,recipe_building_prop_door_wooden_painted_left,Elegant Wooden Door,,50,294.6,14289.0,13.12,Heartwood-800; Impure Iron Ore-880; Sapwood-4400,"Elegant Wooden Door x50 (final)
      - Gather Heartwood x800
    - Craft via Wood Chopping Block Fine Wooden Plank x80 -> Fine Wooden Plank x800 (800 req/0 extra)
            - Gather Impure Iron Ore x200
              - Gather Sapwood x800
            - Craft via Basic Charcoal Kiln Charcoal x16 -> Charcoal x400 (400 req/0 extra)
          - External craft (skill_blacksmithing) via Basic Furnace Iron Ingot x5 -> Iron Ingot x100 (90 req/10 extra)
            - Gather Sapwood x250
          - Craft via Basic Charcoal Kiln Charcoal x5 -> Charcoal x125 (120 req/5 extra)
        - External craft (skill_blacksmithing) via Basic Furnace Wrought Iron Ingot x3 -> Wrought Iron Ingot x60 (60 req/0 extra)
      - External craft (skill_blacksmithing) via Basic Forge Wrought Iron Bar x12 -> Wrought Iron Bar x24 (24 req/0 extra)
    - External craft (skill_blacksmithing) via Forge Wrought Iron Nails x24 -> Wrought Iron Nails x1200 (1200 req/0 extra)
            - Gather Impure Iron Ore x480
              - Gather Sapwood x1950
            - Craft via Basic Charcoal Kiln Charcoal x39 -> Charcoal x975 (955 req/20 extra)
          - External craft (skill_blacksmithing) via Basic Furnace Iron Ingot x12 -> Iron Ingot x240 (230 req/10 extra)
            - Gather Sapwood x600
          - Craft via Basic Charcoal Kiln Charcoal x12 -> Charcoal x300 (300 req/0 extra)
        - External craft (skill_blacksmithing) via Basic Furnace Wrought Iron Ingot x8 -> Wrought Iron Ingot x160 (160 req/0 extra)
      - External craft (skill_blacksmithing) via Forge Wrought Iron Sheet x80 -> Wrought Iron Sheet x80 (80 req/0 extra)
            - Gather Impure Iron Ore x200
              - Gather Sapwood x800
            - Craft via Basic Charcoal Kiln Charcoal x16 -> Charcoal x400 (400 req/0 extra)
          - External craft (skill_blacksmithing) via Basic Furnace Iron Ingot x5 -> Iron Ingot x100 (90 req/10 extra)
        - External craft (skill_blacksmithing) via Basic Forge Iron Bar x20 -> Iron Bar x40 (40 req/0 extra)
      - External craft (skill_blacksmithing) via Basic Forge Iron Nails x40 -> Iron Nails x2000 (2000 req/0 extra)
    - External craft (skill_blacksmithing) via Forge Wrought Iron Hinges x40 -> Wrought Iron Hinges x200 (200 req/0 extra)
  - Craft via Carpenter Workbench Elegant Wooden Door x50 -> item_prop_door_wooden_painted x50 (50 req/0 extra)
- Craft Elegant Wooden Door x50 (final)"
skill_armor_smithing,13,14,,1,recipe_crafter_blacksmith_armor_workbench_2,Armorer Workbench,,60,313.6,18815.5,300.75,Heartwood-840; Rough Animal Hide-120; Copper Ore-600; Impure Iron Ore-2400; Tin Ore-600; Limestone-30; Sapwood-15030,"Armorer Workbench x60 (final)
          - Gather Impure Iron Ore x1800
            - Gather Sapwood x7200
          - External craft (skill_building) via Basic Charcoal Kiln Charcoal x144 -> Charcoal x3600 (3600 req/0 extra)
        - External craft (skill_blacksmithing) via Basic Furnace Iron Ingot x45 -> Iron Ingot x900 (900 req/0 extra)
          - Gather Sapwood x2400
        - External craft (skill_building) via Basic Charcoal Kiln Charcoal x48 -> Charcoal x1200 (1200 req/0 extra)
      - External craft (skill_blacksmithing) via Basic Furnace Wrought Iron Ingot x30 -> Wrought Iron Ingot x600 (600 req/0 extra)
    - External craft (skill_blacksmithing) via Forge Wrought Iron Sheet x300 -> Wrought Iron Sheet x300 (300 req/0 extra)
        - Gather Rough Animal Hide x120
          - Gather Limestone x30
          - Gather Sapwood x30
        - External craft (skill_blacksmithing) via Basic Charcoal Kiln Lime x6 -> Lime x60 (60 req/0 extra)
        - External craft (skill_building) via Water Well Water x3 -> Water x60 (60 req/0 extra)
      - External craft (skill_leatherworking) via Simple Tanning Rack Inferior Leather x12 -> Inferior Leather x120 (120 req/0 extra)
    - External craft (skill_leatherworking) via Leatherworking Table Heavy Top Grain Leather x120 -> Heavy Top Grain Leather x120 (120 req/0 extra)
          - Gather Impure Iron Ore x600
            - Gather Sapwood x2400
          - External craft (skill_building) via Basic Charcoal Kiln Charcoal x48 -> Charcoal x1200 (1200 req/0 extra)
        - External craft (skill_blacksmithing) via Basic Furnace Iron Ingot x15 -> Iron Ingot x300 (300 req/0 extra)
      - External craft (skill_blacksmithing) via Basic Forge Iron Bar x60 -> Iron Bar x120 (120 req/0 extra)
    - External craft (skill_blacksmithing) via Basic Forge Iron Nails x120 -> Iron Nails x6000 (6000 req/0 extra)
        - Gather Tin Ore x600
        - Gather Copper Ore x600
        - Gather Sapwood x3000
      - External craft (skill_blacksmithing) via Basic Furnace Bronze Ingot x30 -> Bronze Ingot x600 (600 req/0 extra)
    - External craft (skill_blacksmithing) via Basic Forge Bronze Sheet x300 -> Bronze Sheet x300 (300 req/0 extra)
  - Craft via Basic Armorer Workbench Armorer Tools x60 -> Armorer Tools x60 (60 req/0 extra)
    - Gather Heartwood x480
  - External craft (skill_building) via Wood Chopping Block Fine Wood Beam x48 -> Fine Wood Beam x240 (240 req/0 extra)
    - Gather Heartwood x360
  - External craft (skill_building) via Wood Chopping Block Fine Wooden Plank x36 -> Fine Wooden Plank x360 (360 req/0 extra)
- Craft Armorer Workbench x60 (final)"
skill_armor_smithing,13,14,,2,recipe_wearable_metal_feet_pilgrim_boj2_t2_rare,Pilgrim's Sabatons II,,36,526.1,18938.1,529.16,Rough Animal Hide-10; Copper Ore-40; Impure Iron Ore-1480; Tin Ore-40; Cobra Lily-360; Sapwood-6150; Worn Out Sigil-432; Seal of the Lost Abbot-36,"Pilgrim's Sabatons II x36 (final)
  - Gather Worn Out Sigil x432
  - Gather Seal of the Lost Abbot x36
  - Gather Cobra Lily x360
      - Gather Impure Iron Ore x1440
        - Gather Sapwood x5800
      - External craft (skill_building) via Basic Charcoal Kiln Charcoal x116 -> Charcoal x2900 (2880 req/20 extra)
    - External craft (skill_blacksmithing) via Basic Furnace Iron Ingot x36 -> Iron Ingot x720 (720 req/0 extra)
  - External craft (skill_blacksmithing) via Basic Forge Iron Sheet x360 -> Iron Sheet x360 (360 req/0 extra)
        - Gather Rough Animal Hide x10
      - External craft (skill_leatherworking) via Simple Tanning Rack Rawhide x1 -> Rawhide x10 (4 req/6 extra)
    - External craft (skill_leatherworking) via Simple Leatherworking Table Nubuck Leather x4 -> Nubuck Leather x4 (4 req/0 extra)
  - External craft (skill_leatherworking) via Simple Leatherworking Table Coarse Leather Band x4 -> Coarse Leather Band x80 (72 req/8 extra)
        - Gather Tin Ore x40
        - Gather Copper Ore x40
        - Gather Sapwood x200
      - External craft (skill_blacksmithing) via Basic Furnace Bronze Ingot x2 -> Bronze Ingot x40 (30 req/10 extra)
    - External craft (skill_blacksmithing) via Basic Forge Bronze Sheet x15 -> Bronze Sheet x15 (15 req/0 extra)
  - External craft (skill_blacksmithing) via Basic Forge Bronze Buckle x3 -> Bronze Buckle x75 (72 req/3 extra)
        - Gather Impure Iron Ore x40
          - Gather Sapwood x150
        - External craft (skill_building) via Basic Charcoal Kiln Charcoal x3 -> Charcoal x75 (60 req/15 extra)
      - External craft (skill_blacksmithing) via Basic Furnace Iron Ingot x1 -> Iron Ingot x20 (10 req/10 extra)
    - External craft (skill_blacksmithing) via Basic Forge Iron Bar x2 -> Iron Bar x4 (4 req/0 extra)
  - External craft (skill_blacksmithing) via Basic Forge Iron Studs x4 -> Iron Studs x800 (720 req/80 extra)
- Craft Pilgrim's Sabatons II x36 (final)"
skill_armor_smithing,13,14,,3,recipe_wearable_metal_feet_warrior_ss_t2_rare,Warrior's Sabatons of Swift March II,,41,463.4,18998.6,602.66,Rough Animal Hide-10; Copper Ore-40; Impure Iron Ore-1680; Tin Ore-40; Cobra Lily-410; Sapwood-6950; Furry Collarstone-492; Icon of the Choir-41,"Warrior's Sabatons of Swift March II x41 (final)
  - Gather Furry Collarstone x492
  - Gather Icon of the Choir x41
  - Gather Cobra Lily x410
      - Gather Impure Iron Ore x1640
        - Gather Sapwood x6600
      - External craft (skill_building) via Basic Charcoal Kiln Charcoal x132 -> Charcoal x3300 (3280 req/20 extra)
    - External craft (skill_blacksmithing) via Basic Furnace Iron Ingot x41 -> Iron Ingot x820 (820 req/0 extra)
  - External craft (skill_blacksmithing) via Basic Forge Iron Sheet x410 -> Iron Sheet x410 (410 req/0 extra)
        - Gather Rough Animal Hide x10
      - External craft (skill_leatherworking) via Simple Tanning Rack Rawhide x1 -> Rawhide x10 (5 req/5 extra)
    - External craft (skill_leatherworking) via Simple Leatherworking Table Nubuck Leather x5 -> Nubuck Leather x5 (5 req/0 extra)
  - External craft (skill_leatherworking) via Simple Leatherworking Table Coarse Leather Band x5 -> Coarse Leather Band x100 (82 req/18 extra)
        - Gather Tin Ore x40
        - Gather Copper Ore x40
        - Gather Sapwood x200
      - External craft (skill_blacksmithing) via Basic Furnace Bronze Ingot x2 -> Bronze Ingot x40 (40 req/0 extra)
    - External craft (skill_blacksmithing) via Basic Forge Bronze Sheet x20 -> Bronze Sheet x20 (20 req/0 extra)
  - External craft (skill_blacksmithing) via Basic Forge Bronze Buckle x4 -> Bronze Buckle x100 (82 req/18 extra)
        - Gather Impure Iron Ore x40
          - Gather Sapwood x150
        - External craft (skill_building) via Basic Charcoal Kiln Charcoal x3 -> Charcoal x75 (60 req/15 extra)
      - External craft (skill_blacksmithing) via Basic Furnace Iron Ingot x1 -> Iron Ingot x20 (15 req/5 extra)
    - External craft (skill_blacksmithing) via Basic Forge Iron Bar x3 -> Iron Bar x6 (5 req/1 extra)
  - External craft (skill_blacksmithing) via Basic Forge Iron Studs x5 -> Iron Studs x1000 (820 req/180 extra)
- Craft Warrior's Sabatons of Swift March II x41 (final)"
skill_cooking,15,16,,1,recipe_activatable_foodcooked_vegetable_stew_staminaregen_11,Vegetable Stew,,103,269.5,27756.4,176.04,Enoki-515; Animal Fat-42; Garlic-103; Mustard-103; Red Onion-206,"Vegetable Stew x103 (final)
  - Gather Red Onion x206
  - Gather Mustard x103
  - Gather Garlic x103
  - Gather Enoki x515
    - Gather Animal Fat x42
  - Craft via Basic Cooking Hearth Lard x21 -> Lard x105 (103 req/2 extra)
- Craft Vegetable Stew x103 (final)"
skill_cooking,15,16,,2,recipe_activatable_drink_sirup_hpregen_13,Raspberry Syrup,,116,240.4,27883.9,185.90,Raspberry-580,"Raspberry Syrup x116 (final)
  - External craft (skill_building) via Water Well Water x29 -> Water x580 (580 req/0 extra)
  - Gather Raspberry x580
- Craft Raspberry Syrup x116 (final)"
skill_cooking,15,16,,3,recipe_activatable_foodcooked_stew_staminaregen_12,Basic Stew,,124,224.8,27872.2,210.35,Penny Bun-620; Boar Carcass-31; Deer Carcass-62; Yellow Onion-124,"Basic Stew x124 (final)
    - Gather Boar Carcass x31
  - External craft (skill_charcuterie) via Campfire Meat Chunks x31 -> Meat Chunks x248 (248 req/0 extra)
  - Gather Yellow Onion x124
    - Gather Deer Carcass x62
  - External craft (skill_charcuterie) via Campfire Poorly Parted Deer x62 -> Deer Shank Meat x124 (124 req/0 extra)
  - Gather Penny Bun x620
- Craft Basic Stew x124 (final)"
skill_jewelerycrafting,14,15,,1,recipe_wearable_jewellery_bracelet_poor_9,Small Silver Bracelet,,73,308.5,22520.1,29.20,Impure Iron Ore-240; Sapwood-1300,"Small Silver Bracelet x73 (final)
      - Gather Impure Iron Ore x240
        - Gather Sapwood x1000
      - External craft (skill_building) via Basic Charcoal Kiln Charcoal x20 -> Charcoal x500 (480 req/20 extra)
    - External craft (skill_blacksmithing) via Basic Furnace Iron Ingot x6 -> Iron Ingot x120 (120 req/0 extra)
      - Gather Sapwood x300
    - External craft (skill_building) via Basic Charcoal Kiln Charcoal x6 -> Charcoal x150 (140 req/10 extra)
  - External craft (skill_blacksmithing) via Basic Furnace Wrought Iron Ingot x4 -> Wrought Iron Ingot x80 (73 req/7 extra)
- Craft Small Silver Bracelet x73 (final)"
skill_jewelerycrafting,14,15,,2,recipe_wearable_jewellery_bracelet_common_7,Shiny Silver Bracelet,,74,306.8,22703.3,29.60,Impure Iron Ore-240; Sapwood-1300,"Shiny Silver Bracelet x74 (final)
      - Gather Impure Iron Ore x240
        - Gather Sapwood x1000
      - External craft (skill_building) via Basic Charcoal Kiln Charcoal x20 -> Charcoal x500 (480 req/20 extra)
    - External craft (skill_blacksmithing) via Basic Furnace Iron Ingot x6 -> Iron Ingot x120 (120 req/0 extra)
      - Gather Sapwood x300
    - External craft (skill_building) via Basic Charcoal Kiln Charcoal x6 -> Charcoal x150 (140 req/10 extra)
  - External craft (skill_blacksmithing) via Basic Furnace Wrought Iron Ingot x4 -> Wrought Iron Ingot x80 (74 req/6 extra)
- Craft Shiny Silver Bracelet x74 (final)"
skill_jewelerycrafting,14,15,,3,recipe_crafter_jewelcrafting_workbench_2,Jeweler Table,,60,376.1,22563.7,300.75,Amber-60; Heartwood-840; Rough Animal Hide-60; Copper Ore-1800; Tin Ore-1800; Limestone-15; Sapwood-9015,"Jeweler Table x60 (final)
    - Gather Amber x60
        - Gather Rough Animal Hide x60
          - Gather Limestone x15
          - Gather Sapwood x15
        - External craft (skill_blacksmithing) via Basic Charcoal Kiln Lime x3 -> Lime x30 (30 req/0 extra)
        - External craft (skill_building) via Water Well Water x2 -> Water x40 (30 req/10 extra)
      - External craft (skill_leatherworking) via Simple Tanning Rack Inferior Leather x6 -> Inferior Leather x60 (60 req/0 extra)
    - External craft (skill_leatherworking) via Leatherworking Table Heavy Top Grain Leather x60 -> Heavy Top Grain Leather x60 (60 req/0 extra)
        - Gather Tin Ore x1500
        - Gather Copper Ore x1500
        - Gather Sapwood x7500
      - External craft (skill_blacksmithing) via Basic Furnace Bronze Ingot x75 -> Bronze Ingot x1500 (1500 req/0 extra)
    - External craft (skill_blacksmithing) via Basic Forge Bronze Bar x300 -> Bronze Bar x300 (300 req/0 extra)
      - Gather Tin Ore x300
      - Gather Copper Ore x300
      - Gather Sapwood x1500
    - External craft (skill_blacksmithing) via Basic Furnace Bronze Ingot x15 -> Bronze Ingot x300 (300 req/0 extra)
  - Craft via Basic Jeweler Table Jewelcrafting Tools x60 -> Jewelcrafting Tools x60 (60 req/0 extra)
    - Gather Heartwood x480
  - External craft (skill_building) via Wood Chopping Block Fine Wood Beam x48 -> Fine Wood Beam x240 (240 req/0 extra)
    - Gather Heartwood x360
  - External craft (skill_building) via Wood Chopping Block Fine Wooden Plank x36 -> Fine Wooden Plank x360 (360 req/0 extra)
- Craft Jeweler Table x60 (final)"
skill_winery_and_brewing,14,15,,1,recipe_activatable_drink_mead_staminaregen_16,Blueberry Mead,,110,206.3,22696.1,220.37,Blueberry-550; Barley Grain-120; Rye Grain-120,"Blueberry Mead x110 (final)
  - External craft (skill_cooking) via Basic Beehive Honey x110 -> Honey x550 (550 req/0 extra)
      - Gather Barley Grain x120
    - Craft via Basic Fermenter Malt x6 -> Malt x120 (110 req/10 extra)
      - External craft (skill_building) via Water Well Water x6 -> Water x120 (120 req/0 extra)
        - Gather Rye Grain x120
      - External craft (skill_baking) via Millstone Rye Flour x6 -> Rye Flour x120 (120 req/0 extra)
    - External craft (skill_baking) via Basic Fermenter Yeast x6 -> Yeast x120 (110 req/10 extra)
    - External craft (skill_building) via Water Well Water x6 -> Water x120 (110 req/10 extra)
  - Craft via Basic Fermenter Weak Mead Base x11 -> Weak Mead Base x110 (110 req/0 extra)
  - Gather Blueberry x550
- Craft Blueberry Mead x110 (final)"
skill_winery_and_brewing,14,15,,2,recipe_activatable_drink_mead_staminaregen_8,Weak Mead,,153,148.4,22706.1,257.55,Barley Grain-160; Rye Grain-160,"Weak Mead x153 (final)
  - External craft (skill_cooking) via Basic Beehive Honey x153 -> Honey x765 (765 req/0 extra)
      - Gather Barley Grain x160
    - Craft via Basic Fermenter Malt x8 -> Malt x160 (160 req/0 extra)
      - External craft (skill_building) via Water Well Water x8 -> Water x160 (160 req/0 extra)
        - Gather Rye Grain x160
      - External craft (skill_baking) via Millstone Rye Flour x8 -> Rye Flour x160 (160 req/0 extra)
    - External craft (skill_baking) via Basic Fermenter Yeast x8 -> Yeast x160 (160 req/0 extra)
    - External craft (skill_building) via Water Well Water x8 -> Water x160 (160 req/0 extra)
  - Craft via Basic Fermenter Weak Mead Base x16 -> Weak Mead Base x160 (153 req/7 extra)
- Craft Weak Mead x153 (final)"
skill_winery_and_brewing,14,15,,3,recipe_crafter_wine_barrel_1,Wine Barrel,,73,312.6,22820.6,385.08,Copper Ore-1040; Impure Iron Ore-80; Tin Ore-740; Sand-29200; Sapwood-40590,"Wine Barrel x73 (final)
      - Gather Copper Ore x300
        - Gather Sapwood x900
      - External craft (skill_building) via Basic Charcoal Kiln Charcoal x18 -> Charcoal x450 (450 req/0 extra)
    - External craft (skill_blacksmithing) via Basic Furnace Copper Ingot x15 -> Copper Ingot x150 (146 req/4 extra)
        - Gather Sand x29200
          - Gather Sapwood x35050
        - External craft (skill_building) via Basic Charcoal Kiln Charcoal x701 -> Charcoal x17525 (17520 req/5 extra)
      - External craft (skill_building) via Furnace Glass x584 -> Glass x5840 (5840 req/0 extra)
    - External craft (skill_blacksmithing) via Forge Vial x292 -> Vial x1460 (1460 req/0 extra)
        - Gather Tin Ore x740
        - Gather Copper Ore x740
        - Gather Sapwood x3700
      - External craft (skill_blacksmithing) via Basic Furnace Bronze Ingot x37 -> Bronze Ingot x740 (730 req/10 extra)
    - External craft (skill_blacksmithing) via Basic Forge Bronze Sheet x365 -> Bronze Sheet x365 (365 req/0 extra)
  - Craft via Basic Cooking Workbench Barrel Pieces x73 -> Barrel Pieces x73 (73 req/0 extra)
    - Gather Sapwood x590
  - External craft (skill_building) via Wood Chopping Block Plank x59 -> Plank x590 (584 req/6 extra)
        - Gather Impure Iron Ore x80
          - Gather Sapwood x350
        - External craft (skill_building) via Basic Charcoal Kiln Charcoal x7 -> Charcoal x175 (155 req/20 extra)
      - External craft (skill_blacksmithing) via Basic Furnace Iron Ingot x2 -> Iron Ingot x40 (40 req/0 extra)
    - External craft (skill_blacksmithing) via Basic Forge Iron Bar x8 -> Iron Bar x16 (15 req/1 extra)
  - External craft (skill_blacksmithing) via Basic Forge Iron Nails x15 -> Iron Nails x750 (730 req/20 extra)
- Craft Wine Barrel x73 (final)"
skill_alchemy,15,16,,1,recipe_crafter_alchemy_workbench_2,Alchemy Table,,62,447.4,27737.3,310.78,Nightshade Fruit-310; Heartwood-880; Rough Animal Hide-380; Copper Ore-1560; Tin Ore-1560; Limestone-160; Sand-6200; Sapwood-15410,"Alchemy Table x62 (final)
      - Gather Sand x6200
        - Gather Sapwood x7450
      - External craft (skill_building) via Basic Charcoal Kiln Charcoal x149 -> Charcoal x3725 (3720 req/5 extra)
    - External craft (skill_building) via Furnace Glass x124 -> Glass x1240 (1240 req/0 extra)
        - Gather Rough Animal Hide x380
          - Gather Limestone x95
          - Gather Sapwood x95
        - External craft (skill_blacksmithing) via Basic Charcoal Kiln Lime x19 -> Lime x190 (190 req/0 extra)
        - External craft (skill_building) via Water Well Water x10 -> Water x200 (190 req/10 extra)
      - External craft (skill_leatherworking) via Simple Tanning Rack Inferior Leather x38 -> Inferior Leather x380 (375 req/5 extra)
        - Gather Limestone x65
        - Gather Sapwood x65
      - External craft (skill_blacksmithing) via Basic Charcoal Kiln Lime x13 -> Lime x130 (125 req/5 extra)
      - External craft (skill_building) via Water Well Water x6 -> Water x120 (115 req/5 extra)
    - External craft (skill_leatherworking) via Tanning Rack Boiled Leather x25 -> Boiled Leather x125 (124 req/1 extra)
        - Gather Tin Ore x1560
        - Gather Copper Ore x1560
        - Gather Sapwood x7800
      - External craft (skill_blacksmithing) via Basic Furnace Bronze Ingot x78 -> Bronze Ingot x1560 (1550 req/10 extra)
    - External craft (skill_blacksmithing) via Basic Forge Bronze Bar x310 -> Bronze Bar x310 (310 req/0 extra)
    - Gather Nightshade Fruit x310
  - Craft via Basic Alchemy Table Alchemy Instruments x62 -> Alchemy Instruments x62 (62 req/0 extra)
    - Gather Heartwood x500
  - External craft (skill_building) via Wood Chopping Block Fine Wood Beam x50 -> Fine Wood Beam x250 (248 req/2 extra)
    - Gather Heartwood x380
  - External craft (skill_building) via Wood Chopping Block Fine Wooden Plank x38 -> Fine Wooden Plank x380 (372 req/8 extra)
- Craft Alchemy Table x62 (final)"
skill_alchemy,15,16,,2,recipe_activatable_potion_potion_of_protection_very_small_32,Aegis Potion V,,106,262.6,27832.5,412.03,Castor Plant-110; Sand-6360; Sapwood-6450,"Aegis Potion V x106 (final)
    - Gather Castor Plant x110
      - Gather Sapwood x100
    - External craft (skill_building) via Basic Charcoal Kiln Charcoal x2 -> Charcoal x50 (44 req/6 extra)
    - External craft (skill_building) via Water Well Water x6 -> Water x120 (110 req/10 extra)
  - Craft via Basic Reagent Distiller Castor Extract x22 -> Castor Extract x220 (212 req/8 extra)
  - External craft (skill_building) via Water Well Water x42 -> Water x840 (838 req/2 extra)
      - Gather Sand x6360
        - Gather Sapwood x6350
      - External craft (skill_building) via Basic Charcoal Kiln Charcoal x127 -> Charcoal x3175 (3174 req/1 extra)
    - External craft (skill_building) via Basic Furnace Rough Glass x159 -> Rough Glass x1590 (1590 req/0 extra)
  - External craft (skill_blacksmithing) via Basic Forge Small Vial x106 -> Small Vial x530 (530 req/0 extra)
- Craft Aegis Potion V x106 (final)"
skill_alchemy,15,16,,3,recipe_activatable_potion_potion_of_vitality_very_small_27,Weak Tonic of Vitality III,,117,238.5,27904.4,438.46,Amanita Regalis-120; Sand-7040; Sapwood-7150,"Weak Tonic of Vitality III x117 (final)
    - Gather Amanita Regalis x120
      - Gather Sapwood x100
    - External craft (skill_building) via Basic Charcoal Kiln Charcoal x2 -> Charcoal x50 (48 req/2 extra)
    - External craft (skill_building) via Water Well Water x6 -> Water x120 (120 req/0 extra)
  - Craft via Basic Reagent Distiller Amanita Regalis Extract x24 -> Amanita Regalis Extract x240 (234 req/6 extra)
  - External craft (skill_building) via Water Well Water x47 -> Water x940 (936 req/4 extra)
      - Gather Sand x7040
        - Gather Sapwood x7050
      - External craft (skill_building) via Basic Charcoal Kiln Charcoal x141 -> Charcoal x3525 (3518 req/7 extra)
    - External craft (skill_building) via Basic Furnace Rough Glass x176 -> Rough Glass x1760 (1755 req/5 extra)
  - External craft (skill_blacksmithing) via Basic Forge Small Vial x117 -> Small Vial x585 (585 req/0 extra)
- Craft Weak Tonic of Vitality III x117 (final)"
skill_baking,17,18,,1,recipe_activatable_foodcooked_pastry_staminaregen_22,Trail Pie,,178,224.9,40033.8,875.17,Animal Fat-712; Barley Grain-720; Rye Grain-360,"Trail Pie x178 (final)
      - Gather Barley Grain x720
    - Craft via Millstone Barley Flour x36 -> Barley Flour x720 (712 req/8 extra)
      - External craft (skill_building) via Water Well Water x18 -> Water x360 (360 req/0 extra)
        - Gather Rye Grain x360
      - Craft via Millstone Rye Flour x18 -> Rye Flour x360 (360 req/0 extra)
    - Craft via Basic Fermenter Yeast x18 -> Yeast x360 (356 req/4 extra)
    - External craft (skill_building) via Water Well Water x89 -> Water x1780 (1780 req/0 extra)
  - Craft via Basic Cooking Workbench Barley Dough x356 -> Barley Dough x1780 (1780 req/0 extra)
    - Gather Animal Fat x712
  - External craft (skill_cooking) via Basic Cooking Hearth Lard x356 -> Lard x1780 (1780 req/0 extra)
- Craft Trail Pie x178 (final)"
skill_baking,17,18,,2,recipe_activatable_foodcooked_bread_hpregen_20,Barley and Rye Bread,,1248,32.0,39936.0,1255.28,Suet-1000; Barley Grain-500; Rye Grain-2756,"Barley and Rye Bread x1248 (final)
      - Gather Barley Grain x500
    - Craft via Millstone Barley Flour x25 -> Barley Flour x500 (500 req/0 extra)
      - External craft (skill_building) via Water Well Water x13 -> Water x260 (260 req/0 extra)
        - Gather Rye Grain x260
      - Craft via Millstone Rye Flour x13 -> Rye Flour x260 (260 req/0 extra)
    - Craft via Basic Fermenter Yeast x13 -> Yeast x260 (250 req/10 extra)
    - External craft (skill_building) via Water Well Water x63 -> Water x1260 (1250 req/10 extra)
  - Craft via Basic Cooking Workbench Barley Dough x250 -> Barley Dough x1250 (1248 req/2 extra)
  - Gather Rye Grain x2496
    - Gather Suet x1000
  - External craft (skill_cooking) via Basic Cooking Hearth Tallow x500 -> Tallow x2500 (2496 req/4 extra)
- Craft Barley and Rye Bread x1248 (final)"
skill_baking,17,18,,3,recipe_activatable_foodcooked_bread_hpregen_10,Fruity Rye Bread,,4992,8.0,39936.0,17929.60,Elderberry-99840; Animal Fat-1998; Rye Grain-3000,"Fruity Rye Bread x4992 (final)
      - Gather Rye Grain x2000
    - Craft via Millstone Rye Flour x100 -> Rye Flour x2000 (1998 req/2 extra)
      - External craft (skill_building) via Water Well Water x50 -> Water x1000 (1000 req/0 extra)
        - Gather Rye Grain x1000
      - Craft via Millstone Rye Flour x50 -> Rye Flour x1000 (998 req/2 extra)
    - Craft via Basic Fermenter Yeast x50 -> Yeast x1000 (999 req/1 extra)
    - External craft (skill_building) via Water Well Water x250 -> Water x5000 (4995 req/5 extra)
  - Craft via Basic Cooking Workbench Rye Dough x999 -> Rye Dough x4995 (4992 req/3 extra)
  - Gather Elderberry x99840
    - Gather Animal Fat x1998
  - External craft (skill_cooking) via Basic Cooking Hearth Lard x999 -> Lard x4995 (4992 req/3 extra)
- Craft Fruity Rye Bread x4992 (final)"
skill_weapon_smithing,17,18,,1,recipe_wieldable_tool_woodcutting_axe_t2_rare,Honed Iron Chopping Axe,,55,725.2,39885.8,265.00,Rough Animal Hide-10; Impure Iron Ore-1320; Sapwood-5410; Worn Out Locket-660; Token of the Murmur-55,"Honed Iron Chopping Axe x55 (final)
  - Gather Worn Out Locket x660
  - Gather Token of the Murmur x55
    - Gather Sapwood x110
  - External craft (skill_building) via Wood Chopping Block Long Wood Stock x22 -> Long Wood Stock x110 (110 req/0 extra)
        - Gather Impure Iron Ore x1120
          - Gather Sapwood x4500
        - External craft (skill_building) via Basic Charcoal Kiln Charcoal x90 -> Charcoal x2250 (2240 req/10 extra)
      - External craft (skill_blacksmithing) via Basic Furnace Iron Ingot x28 -> Iron Ingot x560 (550 req/10 extra)
    - External craft (skill_blacksmithing) via Basic Forge Iron Sheet x275 -> Iron Sheet x275 (275 req/0 extra)
      - Gather Impure Iron Ore x200
        - Gather Sapwood x800
      - External craft (skill_building) via Basic Charcoal Kiln Charcoal x16 -> Charcoal x400 (390 req/10 extra)
    - External craft (skill_blacksmithing) via Basic Furnace Iron Ingot x5 -> Iron Ingot x100 (100 req/0 extra)
  - External craft (skill_blacksmithing) via Basic Forge Iron Axe Head x55 -> Iron Axe Head x55 (55 req/0 extra)
        - Gather Rough Animal Hide x10
      - External craft (skill_leatherworking) via Simple Tanning Rack Rawhide x1 -> Rawhide x10 (3 req/7 extra)
    - External craft (skill_leatherworking) via Simple Leatherworking Table Nubuck Leather x3 -> Nubuck Leather x3 (3 req/0 extra)
  - External craft (skill_leatherworking) via Simple Leatherworking Table Coarse Leather Band x3 -> Coarse Leather Band x60 (55 req/5 extra)
- Craft Honed Iron Chopping Axe x55 (final)"
skill_weapon_smithing,17,18,,2,recipe_wieldable_tool_skinning_knife_t2_rare,Honed Iron Skinning Knife,,60,674.7,40480.7,306.94,Rough Animal Hide-10; Impure Iron Ore-840; Sapwood-3460; Furry Collarstone-720; Whisper of the Star-60,"Honed Iron Skinning Knife x60 (final)
  - Gather Furry Collarstone x720
  - Gather Whisper of the Star x60
        - Gather Impure Iron Ore x600
          - Gather Sapwood x2400
        - External craft (skill_building) via Basic Charcoal Kiln Charcoal x48 -> Charcoal x1200 (1200 req/0 extra)
      - External craft (skill_blacksmithing) via Basic Furnace Iron Ingot x15 -> Iron Ingot x300 (300 req/0 extra)
    - External craft (skill_blacksmithing) via Basic Forge Iron Bar x60 -> Iron Bar x120 (120 req/0 extra)
  - External craft (skill_blacksmithing) via Basic Forge Iron Knife Blade x60 -> Iron Knife Blade x60 (60 req/0 extra)
    - Gather Sapwood x60
  - External craft (skill_building) via Wood Chopping Block Long Wood Stock x12 -> Long Wood Stock x60 (60 req/0 extra)
      - Gather Impure Iron Ore x240
        - Gather Sapwood x1000
      - External craft (skill_building) via Basic Charcoal Kiln Charcoal x20 -> Charcoal x500 (480 req/20 extra)
    - External craft (skill_blacksmithing) via Basic Furnace Iron Ingot x6 -> Iron Ingot x120 (120 req/0 extra)
  - External craft (skill_blacksmithing) via Basic Forge Iron Sheet x60 -> Iron Sheet x60 (60 req/0 extra)
        - Gather Rough Animal Hide x10
      - External craft (skill_leatherworking) via Simple Tanning Rack Rawhide x1 -> Rawhide x10 (6 req/4 extra)
    - External craft (skill_leatherworking) via Simple Leatherworking Table Nubuck Leather x6 -> Nubuck Leather x6 (6 req/0 extra)
  - External craft (skill_leatherworking) via Simple Leatherworking Table Coarse Leather Band x6 -> Coarse Leather Band x120 (120 req/0 extra)
- Craft Honed Iron Skinning Knife x60 (final)"
skill_weapon_smithing,17,18,,3,recipe_wieldable_tool_mining_pickaxe_t2_rare,Honed Iron Pickaxe,,55,729.5,40123.2,333.06,Rough Animal Hide-30; Copper Ore-560; Impure Iron Ore-2800; Tin Ore-560; Sapwood-17400; Worn Out Locket-660; Locket of the Earthvein-55,"Honed Iron Pickaxe x55 (final)
  - Gather Worn Out Locket x660
  - Gather Locket of the Earthvein x55
          - Gather Impure Iron Ore x2120
            - Gather Sapwood x8500
          - External craft (skill_building) via Basic Charcoal Kiln Charcoal x170 -> Charcoal x4250 (4240 req/10 extra)
        - External craft (skill_blacksmithing) via Basic Furnace Iron Ingot x53 -> Iron Ingot x1060 (1050 req/10 extra)
          - Gather Sapwood x2800
        - External craft (skill_building) via Basic Charcoal Kiln Charcoal x56 -> Charcoal x1400 (1390 req/10 extra)
      - External craft (skill_blacksmithing) via Basic Furnace Wrought Iron Ingot x35 -> Wrought Iron Ingot x700 (690 req/10 extra)
    - External craft (skill_blacksmithing) via Basic Forge Wrought Iron Bar x138 -> Wrought Iron Bar x276 (275 req/1 extra)
  - External craft (skill_blacksmithing) via Forge Wrought Iron Sword Blade x55 -> Wrought Iron Sword Blade x55 (55 req/0 extra)
        - Gather Impure Iron Ore x280
          - Gather Sapwood x1100
        - External craft (skill_building) via Basic Charcoal Kiln Charcoal x22 -> Charcoal x550 (550 req/0 extra)
      - External craft (skill_blacksmithing) via Basic Furnace Iron Ingot x7 -> Iron Ingot x140 (130 req/10 extra)
    - External craft (skill_blacksmithing) via Basic Forge Iron Bar x28 -> Iron Bar x56 (55 req/1 extra)
          - Gather Tin Ore x560
          - Gather Copper Ore x560
          - Gather Sapwood x2800
        - External craft (skill_blacksmithing) via Basic Furnace Bronze Ingot x28 -> Bronze Ingot x560 (550 req/10 extra)
      - External craft (skill_blacksmithing) via Basic Forge Bronze Bar x110 -> Bronze Bar x110 (110 req/0 extra)
    - External craft (skill_blacksmithing) via Basic Forge Bronze Spike x55 -> Bronze Spike x55 (55 req/0 extra)
          - Gather Rough Animal Hide x20
        - External craft (skill_leatherworking) via Simple Tanning Rack Rawhide x2 -> Rawhide x20 (14 req/6 extra)
      - External craft (skill_leatherworking) via Simple Leatherworking Table Nubuck Leather x14 -> Nubuck Leather x14 (14 req/0 extra)
    - External craft (skill_leatherworking) via Simple Leatherworking Table Coarse Leather Band x14 -> Coarse Leather Band x280 (275 req/5 extra)
  - External craft (skill_blacksmithing) via Basic Forge Sword Hilt x55 -> Sword Hilt x55 (55 req/0 extra)
        - Gather Impure Iron Ore x400
          - Gather Sapwood x1600
        - External craft (skill_building) via Basic Charcoal Kiln Charcoal x32 -> Charcoal x800 (800 req/0 extra)
      - External craft (skill_blacksmithing) via Basic Furnace Iron Ingot x10 -> Iron Ingot x200 (200 req/0 extra)
        - Gather Sapwood x600
      - External craft (skill_building) via Basic Charcoal Kiln Charcoal x12 -> Charcoal x300 (280 req/20 extra)
    - External craft (skill_blacksmithing) via Basic Furnace Wrought Iron Ingot x7 -> Wrought Iron Ingot x140 (125 req/15 extra)
  - External craft (skill_blacksmithing) via Basic Forge Wrought Iron Bar x27 -> Wrought Iron Bar x54 (54 req/0 extra)
        - Gather Rough Animal Hide x10
      - External craft (skill_leatherworking) via Simple Tanning Rack Rawhide x1 -> Rawhide x10 (8 req/2 extra)
    - External craft (skill_leatherworking) via Simple Leatherworking Table Nubuck Leather x14 -> Nubuck Leather x14 (14 req/0 extra)
  - External craft (skill_leatherworking) via Simple Leatherworking Table Coarse Leather Band x14 -> Coarse Leather Band x280 (270 req/10 extra)
- Craft Honed Iron Pickaxe x55 (final)"
skill_fletching,18,19,,1,recipe_crafter_fletching_workbench_2,Fletching Table,,83,573.8,47626.7,416.04,Suet-1660; Heartwood-1170; Rough Animal Hide-170; Impure Iron Ore-920; Flax Seeds-4150; Limestone-45; Sapwood-3745,"Fletching Table x83 (final)
        - Gather Rough Animal Hide x170
          - Gather Limestone x45
          - Gather Sapwood x45
        - External craft (skill_blacksmithing) via Basic Charcoal Kiln Lime x9 -> Lime x90 (85 req/5 extra)
        - External craft (skill_building) via Water Well Water x5 -> Water x100 (85 req/15 extra)
      - External craft (skill_leatherworking) via Simple Tanning Rack Inferior Leather x17 -> Inferior Leather x170 (166 req/4 extra)
    - External craft (skill_leatherworking) via Leatherworking Table Heavy Top Grain Leather x166 -> Heavy Top Grain Leather x166 (166 req/0 extra)
          - Gather Impure Iron Ore x840
            - Gather Sapwood x3400
          - External craft (skill_building) via Basic Charcoal Kiln Charcoal x68 -> Charcoal x1700 (1680 req/20 extra)
        - External craft (skill_blacksmithing) via Basic Furnace Iron Ingot x21 -> Iron Ingot x420 (415 req/5 extra)
      - External craft (skill_blacksmithing) via Basic Forge Iron Bar x83 -> Iron Bar x166 (166 req/0 extra)
    - External craft (skill_blacksmithing) via Basic Forge Iron Knife Blade x83 -> Iron Knife Blade x83 (83 req/0 extra)
          - Gather Impure Iron Ore x80
            - Gather Sapwood x300
          - External craft (skill_building) via Basic Charcoal Kiln Charcoal x6 -> Charcoal x150 (140 req/10 extra)
        - External craft (skill_blacksmithing) via Basic Furnace Iron Ingot x2 -> Iron Ingot x40 (40 req/0 extra)
      - External craft (skill_blacksmithing) via Basic Forge Iron Bar x9 -> Iron Bar x18 (17 req/1 extra)
    - External craft (skill_blacksmithing) via Basic Forge Iron Nails x17 -> Iron Nails x850 (830 req/20 extra)
      - Gather Flax Seeds x4150
        - Gather Suet x1660
      - External craft (skill_cooking) via Basic Cooking Hearth Tallow x830 -> Tallow x4150 (4150 req/0 extra)
    - External craft (skill_leatherworking) via Leatherworking Table Linseed Oil x415 -> Linseed Oil x415 (415 req/0 extra)
  - Craft via Basic Fletching Table Fletching Tools x83 -> Fletching Tools x83 (83 req/0 extra)
    - Gather Heartwood x670
  - External craft (skill_building) via Wood Chopping Block Fine Wood Beam x67 -> Fine Wood Beam x335 (332 req/3 extra)
    - Gather Heartwood x500
  - External craft (skill_building) via Wood Chopping Block Fine Wooden Plank x50 -> Fine Wooden Plank x500 (498 req/2 extra)
- Craft Fletching Table x83 (final)"
skill_fletching,18,19,,2,recipe_wieldable_bow_2h_0_t2_rare,Warded Longbow,,73,650.5,47486.1,488.34,Boar Sinew-365; Rough Animal Hide-40; Sapwood-220; Resin-511; Token of the Whisper-73; Furry Collarstone-876,"Warded Longbow x73 (final)
  - Gather Furry Collarstone x876
  - Gather Token of the Whisper x73
      - Gather Sapwood x220
    - External craft (skill_building) via Wood Chopping Block Long Wood Stock x44 -> Long Wood Stock x220 (219 req/1 extra)
    - Gather Resin x511
    - External craft (skill_cooking) via Basic Beehive Beeswax x146 -> Beeswax x730 (730 req/0 extra)
  - Craft via Basic Fletching Table Rough Bow Stave x73 -> Rough Bow Stave x73 (73 req/0 extra)
  - Gather Boar Sinew x365
        - Gather Rough Animal Hide x40
      - External craft (skill_leatherworking) via Simple Tanning Rack Rawhide x4 -> Rawhide x40 (37 req/3 extra)
    - External craft (skill_leatherworking) via Simple Leatherworking Table Nubuck Leather x37 -> Nubuck Leather x37 (37 req/0 extra)
  - External craft (skill_leatherworking) via Simple Leatherworking Table Coarse Leather Band x37 -> Coarse Leather Band x740 (730 req/10 extra)
- Craft Warded Longbow x73 (final)"
skill_fletching,18,19,,3,recipe_item_unlock_crafter_fletching_workbench_2,Fletching Tools,,163,291.9,47582.4,1011.14,Suet-3260; Rough Animal Hide-330; Impure Iron Ore-1800; Flax Seeds-8150; Limestone-85; Sapwood-7285,"Fletching Tools x163 (final)
      - Gather Rough Animal Hide x330
        - Gather Limestone x85
        - Gather Sapwood x85
      - External craft (skill_blacksmithing) via Basic Charcoal Kiln Lime x17 -> Lime x170 (165 req/5 extra)
      - External craft (skill_building) via Water Well Water x9 -> Water x180 (165 req/15 extra)
    - External craft (skill_leatherworking) via Simple Tanning Rack Inferior Leather x33 -> Inferior Leather x330 (326 req/4 extra)
  - External craft (skill_leatherworking) via Leatherworking Table Heavy Top Grain Leather x326 -> Heavy Top Grain Leather x326 (326 req/0 extra)
        - Gather Impure Iron Ore x1640
          - Gather Sapwood x6600
        - External craft (skill_building) via Basic Charcoal Kiln Charcoal x132 -> Charcoal x3300 (3280 req/20 extra)
      - External craft (skill_blacksmithing) via Basic Furnace Iron Ingot x41 -> Iron Ingot x820 (815 req/5 extra)
    - External craft (skill_blacksmithing) via Basic Forge Iron Bar x163 -> Iron Bar x326 (326 req/0 extra)
  - External craft (skill_blacksmithing) via Basic Forge Iron Knife Blade x163 -> Iron Knife Blade x163 (163 req/0 extra)
        - Gather Impure Iron Ore x160
          - Gather Sapwood x600
        - External craft (skill_building) via Basic Charcoal Kiln Charcoal x12 -> Charcoal x300 (300 req/0 extra)
      - External craft (skill_blacksmithing) via Basic Furnace Iron Ingot x4 -> Iron Ingot x80 (80 req/0 extra)
    - External craft (skill_blacksmithing) via Basic Forge Iron Bar x17 -> Iron Bar x34 (33 req/1 extra)
  - External craft (skill_blacksmithing) via Basic Forge Iron Nails x33 -> Iron Nails x1650 (1630 req/20 extra)
    - Gather Flax Seeds x8150
      - Gather Suet x3260
    - External craft (skill_cooking) via Basic Cooking Hearth Tallow x1630 -> Tallow x8150 (8150 req/0 extra)
  - External craft (skill_leatherworking) via Leatherworking Table Linseed Oil x815 -> Linseed Oil x815 (815 req/0 extra)
- Craft Fletching Tools x163 (final)"
skill_charcuterie,19,20,,1,recipe_rough-cut_bear,Poorly Parted Bear,,240,236.1,56674.5,30.60,Bear Carcass-240,"Poorly Parted Bear x240 (final)
  - Gather Bear Carcass x240
- Craft Poorly Parted Bear x240 (final)"
skill_charcuterie,19,20,,2,recipe_rough-cut_wolf,Poorly Parted Chamois,,252,225.0,56710.8,30.62,Chamois Carcass-252,"Poorly Parted Chamois x252 (final)
  - Gather Chamois Carcass x252
- Craft Poorly Parted Chamois x252 (final)"
skill_charcuterie,19,20,,3,recipe_basic_butchered_bear,Parted Bear,,252,225.0,56710.8,32.13,Bear Carcass-252,"Parted Bear x252 (final)
  - Gather Bear Carcass x252
- Craft Parted Bear x252 (final)"
skill_tailoring,20,21,,1,recipe_wearable_cloth_chest_rp_dress_01_somber,Shadow Court Gown,,85,793.0,41997.0,227.66,Wool Fiber-340; Bone Fragments-18; Silver Ore-35; Cotton Fiber-2720; Flax Fiber-4080; Sapwood-700,"Shadow Court Gown x85 (final)
      - Gather Flax Fiber x4080
    - Craft via Spinning Wheel Linen String x136 -> Linen String x1360 (1360 req/0 extra)
  - Craft via Simple Loom Linen Cloth x34 -> Linen Cloth x170 (170 req/0 extra)
    - Gather Wool Fiber x340
  - Craft via Spinning Wheel Wool Yarn x17 -> Wool Yarn x170 (170 req/0 extra)
    - Gather Bone Fragments x18
  - Craft via Simple Tailoring Table Sewing Needles x9 -> Sewing Needles x90 (85 req/5 extra)
      - Gather Silver Ore x35
        - Gather Sapwood x700
      - External craft (skill_building) via Basic Charcoal Kiln Charcoal x14 -> Charcoal x350 (350 req/0 extra)
    - External craft (skill_blacksmithing) via Furnace Silver Ingot x7 -> Silver Ingot x35 (34 req/1 extra)
      - Gather Cotton Fiber x2720
    - Craft via Spinning Wheel Cotton Cord x68 -> Cotton Cord x680 (680 req/0 extra)
  - Craft via Simple Tailoring Table Silver Thread x34 -> Silver Thread x340 (340 req/0 extra)
- Craft Shadow Court Gown x85 (final)"
skill_tailoring,20,21,,2,recipe_wearable_cloth_chest_rp_tunic_02_somber,Duskleaf Tunic,,85,793.0,41997.0,227.66,Wool Fiber-340; Bone Fragments-18; Silver Ore-35; Cotton Fiber-2720; Flax Fiber-4080; Sapwood-700,"Duskleaf Tunic x85 (final)
      - Gather Flax Fiber x4080
    - Craft via Spinning Wheel Linen String x136 -> Linen String x1360 (1360 req/0 extra)
  - Craft via Simple Loom Linen Cloth x34 -> Linen Cloth x170 (170 req/0 extra)
    - Gather Wool Fiber x340
  - Craft via Spinning Wheel Wool Yarn x17 -> Wool Yarn x170 (170 req/0 extra)
    - Gather Bone Fragments x18
  - Craft via Simple Tailoring Table Sewing Needles x9 -> Sewing Needles x90 (85 req/5 extra)
      - Gather Silver Ore x35
        - Gather Sapwood x700
      - External craft (skill_building) via Basic Charcoal Kiln Charcoal x14 -> Charcoal x350 (350 req/0 extra)
    - External craft (skill_blacksmithing) via Furnace Silver Ingot x7 -> Silver Ingot x35 (34 req/1 extra)
      - Gather Cotton Fiber x2720
    - Craft via Spinning Wheel Cotton Cord x68 -> Cotton Cord x680 (680 req/0 extra)
  - Craft via Simple Tailoring Table Silver Thread x34 -> Silver Thread x340 (340 req/0 extra)
- Craft Duskleaf Tunic x85 (final)"
skill_tailoring,20,21,,3,recipe_wearable_cloth_chest_cleric_dp_t3_common,Cleric's Alb of Reflection III,,29,2346.9,63070.4,287.20,Antler-116; Rough Animal Hide-10; Copper Ore-40; Silver Ore-30; Tin Ore-40; Cotton Fiber-4960; Sapwood-800,"Cleric's Alb of Reflection III x29 (final)
    - Gather Antler x58
  - Craft via Tailoring Table Horn Needles x58 -> Horn Needles x290 (290 req/0 extra)
        - Gather Cotton Fiber x2400
      - Craft via Spinning Wheel Cotton Cord x60 -> Cotton Cord x600 (600 req/0 extra)
    - Craft via Simple Loom Coarse Cotton Cloth x24 -> Coarse Cotton Cloth x120 (116 req/4 extra)
      - Gather Cotton Fiber x2320
    - Craft via Spinning Wheel Cotton Cord x58 -> Cotton Cord x580 (580 req/0 extra)
      - Gather Antler x58
    - Craft via Tailoring Table Horn Needles x58 -> Horn Needles x290 (290 req/0 extra)
  - Craft via Tailoring Table Cotton Wadding x58 -> Cotton Wadding x58 (58 req/0 extra)
        - Gather Tin Ore x20
        - Gather Copper Ore x20
        - Gather Sapwood x100
      - External craft (skill_blacksmithing) via Basic Furnace Bronze Ingot x1 -> Bronze Ingot x20 (20 req/0 extra)
    - External craft (skill_blacksmithing) via Basic Forge Bronze Sheet x10 -> Bronze Sheet x10 (10 req/0 extra)
  - External craft (skill_blacksmithing) via Basic Forge Bronze Buckle x2 -> Bronze Buckle x50 (29 req/21 extra)
      - Gather Silver Ore x30
        - Gather Sapwood x600
      - External craft (skill_building) via Basic Charcoal Kiln Charcoal x12 -> Charcoal x300 (300 req/0 extra)
    - External craft (skill_blacksmithing) via Furnace Silver Ingot x6 -> Silver Ingot x30 (29 req/1 extra)
      - Gather Cotton Fiber x240
    - Craft via Spinning Wheel Cotton Cord x6 -> Cotton Cord x60 (58 req/2 extra)
  - Craft via Tailoring Table Silver Buttons x29 -> Silver Buttons x290 (290 req/0 extra)
          - Gather Rough Animal Hide x10
        - External craft (skill_leatherworking) via Simple Tanning Rack Rawhide x1 -> Rawhide x10 (6 req/4 extra)
      - External craft (skill_leatherworking) via Simple Leatherworking Table Nubuck Leather x6 -> Nubuck Leather x6 (6 req/0 extra)
    - External craft (skill_leatherworking) via Simple Leatherworking Table Coarse Leather Band x6 -> Coarse Leather Band x120 (116 req/4 extra)
          - Gather Tin Ore x20
          - Gather Copper Ore x20
          - Gather Sapwood x100
        - External craft (skill_blacksmithing) via Basic Furnace Bronze Ingot x1 -> Bronze Ingot x20 (20 req/0 extra)
      - External craft (skill_blacksmithing) via Basic Forge Bronze Sheet x10 -> Bronze Sheet x10 (10 req/0 extra)
    - External craft (skill_blacksmithing) via Basic Forge Bronze Buckle x2 -> Bronze Buckle x50 (37 req/13 extra)
  - External craft (skill_leatherworking) via Simple Leatherworking Table Rough Leather Straps x58 -> Rough Leather Straps x58 (58 req/0 extra)
- Craft Cleric's Alb of Reflection III x29 (final)"
skill_leatherworking,22,23,,1,recipe_wearable_leather_arms_pilgrim_0_t4_common,Pilgrim's Bracers IV,,67,1389.6,91058.4,241.76,Antler-67; Animal Hoof-880; Suet-536; Rough Animal Hide-800; Copper Ore-60; Tin Ore-60; Cotton Fiber-5400; Flax Seeds-1340; Limestone-340; Sapwood-640,"Pilgrim's Bracers IV x67 (final)
          - Gather Rough Animal Hide x630
            - Gather Limestone x160
            - Gather Sapwood x160
          - External craft (skill_blacksmithing) via Basic Charcoal Kiln Lime x32 -> Lime x320 (315 req/5 extra)
          - External craft (skill_building) via Water Well Water x16 -> Water x320 (315 req/5 extra)
        - Craft via Simple Tanning Rack Inferior Leather x63 -> Inferior Leather x630 (630 req/0 extra)
          - Gather Limestone x105
          - Gather Sapwood x105
        - External craft (skill_blacksmithing) via Basic Charcoal Kiln Lime x21 -> Lime x210 (205 req/5 extra)
        - External craft (skill_building) via Water Well Water x11 -> Water x220 (205 req/15 extra)
      - Craft via Tanning Rack Boiled Leather x42 -> Boiled Leather x210 (210 req/0 extra)
        - Gather Limestone x35
        - Gather Sapwood x35
      - External craft (skill_blacksmithing) via Basic Charcoal Kiln Lime x7 -> Lime x70 (65 req/5 extra)
      - External craft (skill_building) via Water Well Water x3 -> Water x60 (55 req/5 extra)
    - Craft via Tanning Rack Fine Leather x14 -> Fine Leather x140 (134 req/6 extra)
  - Craft via Leatherworking Table Medium Top Grain Leather x134 -> Medium Top Grain Leather x134 (134 req/0 extra)
        - Gather Rough Animal Hide x40
          - Gather Limestone x10
          - Gather Sapwood x10
        - External craft (skill_blacksmithing) via Basic Charcoal Kiln Lime x2 -> Lime x20 (15 req/5 extra)
        - External craft (skill_building) via Water Well Water x1 -> Water x20 (15 req/5 extra)
      - Craft via Simple Tanning Rack Inferior Leather x4 -> Inferior Leather x40 (34 req/6 extra)
    - Craft via Leatherworking Table Heavy Top Grain Leather x34 -> Heavy Top Grain Leather x34 (34 req/0 extra)
      - Gather Animal Hoof x340
      - External craft (skill_building) via Water Well Water x4 -> Water x80 (63 req/17 extra)
    - Craft via Simple Leatherworking Table Glue x34 -> Glue x170 (170 req/0 extra)
  - Craft via Leatherworking Table Leather Pads x34 -> Leather Pads x68 (67 req/1 extra)
        - Gather Rough Animal Hide x130
          - Gather Limestone x30
          - Gather Sapwood x30
        - External craft (skill_blacksmithing) via Basic Charcoal Kiln Lime x6 -> Lime x60 (60 req/0 extra)
        - External craft (skill_building) via Water Well Water x3 -> Water x60 (48 req/12 extra)
      - Craft via Simple Tanning Rack Inferior Leather x13 -> Inferior Leather x130 (128 req/2 extra)
    - Craft via Leatherworking Table Heavy Top Grain Leather x134 -> Heavy Top Grain Leather x134 (134 req/0 extra)
          - Gather Tin Ore x60
          - Gather Copper Ore x60
          - Gather Sapwood x300
        - External craft (skill_blacksmithing) via Basic Furnace Bronze Ingot x3 -> Bronze Ingot x60 (60 req/0 extra)
      - External craft (skill_blacksmithing) via Basic Forge Bronze Sheet x30 -> Bronze Sheet x30 (30 req/0 extra)
    - External craft (skill_blacksmithing) via Basic Forge Bronze Buckle x6 -> Bronze Buckle x150 (134 req/16 extra)
      - Gather Animal Hoof x540
      - External craft (skill_building) via Water Well Water x5 -> Water x100 (96 req/4 extra)
    - Craft via Simple Leatherworking Table Glue x54 -> Glue x270 (268 req/2 extra)
  - Craft via Leatherworking Table Leather Straps x134 -> Leather Straps x134 (134 req/0 extra)
        - Gather Cotton Fiber x2720
      - External craft (skill_tailoring) via Spinning Wheel Cotton Cord x68 -> Cotton Cord x680 (675 req/5 extra)
    - External craft (skill_tailoring) via Simple Loom Coarse Cotton Cloth x27 -> Coarse Cotton Cloth x135 (134 req/1 extra)
      - Gather Cotton Fiber x2680
    - External craft (skill_tailoring) via Spinning Wheel Cotton Cord x67 -> Cotton Cord x670 (665 req/5 extra)
      - Gather Antler x67
    - External craft (skill_tailoring) via Tailoring Table Horn Needles x67 -> Horn Needles x335 (335 req/0 extra)
  - External craft (skill_tailoring) via Tailoring Table Cotton Wadding x67 -> Cotton Wadding x67 (67 req/0 extra)
    - Gather Flax Seeds x1340
      - Gather Suet x536
    - External craft (skill_cooking) via Basic Cooking Hearth Tallow x268 -> Tallow x1340 (1340 req/0 extra)
  - Craft via Leatherworking Table Linseed Oil x134 -> Linseed Oil x134 (134 req/0 extra)
- Craft Pilgrim's Bracers IV x67 (final)"
skill_leatherworking,22,23,,2,recipe_wearable_leather_arms_pilgrim_0_t3_common,Pilgrim's Bracers III,,84,1101.5,89924.7,237.09,Animal Hoof-1100; Suet-336; Bone Fragments-84; Rough Animal Hide-720; Copper Ore-80; Tin Ore-80; Flax Fiber-9420; Flax Seeds-840; Limestone-265; Sapwood-665,"Pilgrim's Bracers III x84 (final)
      - Gather Rough Animal Hide x510
        - Gather Limestone x130
        - Gather Sapwood x130
      - External craft (skill_blacksmithing) via Basic Charcoal Kiln Lime x26 -> Lime x260 (255 req/5 extra)
      - External craft (skill_building) via Water Well Water x13 -> Water x260 (255 req/5 extra)
    - Craft via Simple Tanning Rack Inferior Leather x51 -> Inferior Leather x510 (510 req/0 extra)
      - Gather Limestone x85
      - Gather Sapwood x85
    - External craft (skill_blacksmithing) via Basic Charcoal Kiln Lime x17 -> Lime x170 (165 req/5 extra)
    - External craft (skill_building) via Water Well Water x9 -> Water x180 (165 req/15 extra)
  - Craft via Tanning Rack Boiled Leather x34 -> Boiled Leather x170 (168 req/2 extra)
        - Gather Rough Animal Hide x170
          - Gather Limestone x40
          - Gather Sapwood x40
        - External craft (skill_blacksmithing) via Basic Charcoal Kiln Lime x8 -> Lime x80 (80 req/0 extra)
        - External craft (skill_building) via Water Well Water x4 -> Water x80 (70 req/10 extra)
      - Craft via Simple Tanning Rack Inferior Leather x17 -> Inferior Leather x170 (168 req/2 extra)
    - Craft via Leatherworking Table Heavy Top Grain Leather x168 -> Heavy Top Grain Leather x168 (168 req/0 extra)
          - Gather Tin Ore x80
          - Gather Copper Ore x80
          - Gather Sapwood x400
        - External craft (skill_blacksmithing) via Basic Furnace Bronze Ingot x4 -> Bronze Ingot x80 (70 req/10 extra)
      - External craft (skill_blacksmithing) via Basic Forge Bronze Sheet x35 -> Bronze Sheet x35 (35 req/0 extra)
    - External craft (skill_blacksmithing) via Basic Forge Bronze Buckle x7 -> Bronze Buckle x175 (168 req/7 extra)
      - Gather Animal Hoof x680
      - External craft (skill_building) via Water Well Water x7 -> Water x140 (126 req/14 extra)
    - Craft via Simple Leatherworking Table Glue x68 -> Glue x340 (336 req/4 extra)
  - Craft via Leatherworking Table Leather Straps x168 -> Leather Straps x168 (168 req/0 extra)
        - Gather Rough Animal Hide x40
          - Gather Limestone x10
          - Gather Sapwood x10
        - External craft (skill_blacksmithing) via Basic Charcoal Kiln Lime x2 -> Lime x20 (20 req/0 extra)
        - External craft (skill_building) via Water Well Water x1 -> Water x20 (6 req/14 extra)
      - Craft via Simple Tanning Rack Inferior Leather x4 -> Inferior Leather x40 (40 req/0 extra)
    - Craft via Leatherworking Table Heavy Top Grain Leather x42 -> Heavy Top Grain Leather x42 (42 req/0 extra)
      - Gather Animal Hoof x420
      - External craft (skill_building) via Water Well Water x4 -> Water x80 (70 req/10 extra)
    - Craft via Simple Leatherworking Table Glue x42 -> Glue x210 (206 req/4 extra)
  - Craft via Leatherworking Table Leather Pads x42 -> Leather Pads x84 (84 req/0 extra)
        - Gather Flax Fiber x8160
      - External craft (skill_tailoring) via Spinning Wheel Linen String x272 -> Linen String x2720 (2720 req/0 extra)
    - External craft (skill_tailoring) via Simple Loom Linen Cloth x68 -> Linen Cloth x340 (336 req/4 extra)
      - Gather Flax Fiber x1260
    - External craft (skill_tailoring) via Spinning Wheel Linen String x42 -> Linen String x420 (420 req/0 extra)
      - Gather Bone Fragments x84
    - External craft (skill_tailoring) via Simple Tailoring Table Sewing Needles x42 -> Sewing Needles x420 (420 req/0 extra)
  - External craft (skill_tailoring) via Simple Tailoring Table Stuffed Linen Padding x84 -> Stuffed Linen Padding x84 (84 req/0 extra)
    - Gather Flax Seeds x840
      - Gather Suet x336
    - External craft (skill_cooking) via Basic Cooking Hearth Tallow x168 -> Tallow x840 (840 req/0 extra)
  - Craft via Leatherworking Table Linseed Oil x84 -> Linseed Oil x84 (84 req/0 extra)
- Craft Pilgrim's Bracers III x84 (final)"
skill_leatherworking,22,23,,3,recipe_item_material_leather_weapons_belt_fine,Fine Weapons Belt,,145,637.7,92465.0,215.57,Animal Hoof-580; Rough Animal Hide-190; Copper Ore-60; Tin Ore-60; Limestone-40; Sapwood-340,"Fine Weapons Belt x145 (final)
        - Gather Rough Animal Hide x150
          - Gather Limestone x40
          - Gather Sapwood x40
        - External craft (skill_blacksmithing) via Basic Charcoal Kiln Lime x8 -> Lime x80 (75 req/5 extra)
        - External craft (skill_building) via Water Well Water x4 -> Water x80 (75 req/5 extra)
      - Craft via Simple Tanning Rack Inferior Leather x15 -> Inferior Leather x150 (145 req/5 extra)
    - Craft via Leatherworking Table Heavy Top Grain Leather x145 -> Heavy Top Grain Leather x145 (145 req/0 extra)
          - Gather Tin Ore x60
          - Gather Copper Ore x60
          - Gather Sapwood x300
        - External craft (skill_blacksmithing) via Basic Furnace Bronze Ingot x3 -> Bronze Ingot x60 (60 req/0 extra)
      - External craft (skill_blacksmithing) via Basic Forge Bronze Sheet x30 -> Bronze Sheet x30 (30 req/0 extra)
    - External craft (skill_blacksmithing) via Basic Forge Bronze Buckle x6 -> Bronze Buckle x150 (145 req/5 extra)
      - Gather Animal Hoof x580
      - External craft (skill_building) via Water Well Water x6 -> Water x120 (111 req/9 extra)
    - Craft via Simple Leatherworking Table Glue x58 -> Glue x290 (290 req/0 extra)
  - Craft via Leatherworking Table Leather Straps x145 -> Leather Straps x145 (145 req/0 extra)
        - Gather Rough Animal Hide x40
      - Craft via Simple Tanning Rack Rawhide x4 -> Rawhide x40 (37 req/3 extra)
    - Craft via Simple Leatherworking Table Nubuck Leather x37 -> Nubuck Leather x37 (37 req/0 extra)
  - Craft via Simple Leatherworking Table Coarse Leather Band x37 -> Coarse Leather Band x740 (725 req/15 extra)
- Craft Fine Weapons Belt x145 (final)"
skill_building,24,25,,1,recipe_building_prop_door_double_painted,Elegant Wooden Double Door,,23,682.3,15350.5,12.08,Heartwood-740; Impure Iron Ore-880; Sapwood-4400,"Elegant Wooden Double Door x23 (final)
      - Gather Heartwood x740
    - Craft via Wood Chopping Block Fine Wooden Plank x74 -> Fine Wooden Plank x740 (736 req/4 extra)
            - Gather Impure Iron Ore x200
              - Gather Sapwood x800
            - Craft via Basic Charcoal Kiln Charcoal x16 -> Charcoal x400 (400 req/0 extra)
          - External craft (skill_blacksmithing) via Basic Furnace Iron Ingot x5 -> Iron Ingot x100 (90 req/10 extra)
            - Gather Sapwood x250
          - Craft via Basic Charcoal Kiln Charcoal x5 -> Charcoal x125 (120 req/5 extra)
        - External craft (skill_blacksmithing) via Basic Furnace Wrought Iron Ingot x3 -> Wrought Iron Ingot x60 (60 req/0 extra)
      - External craft (skill_blacksmithing) via Basic Forge Wrought Iron Bar x12 -> Wrought Iron Bar x24 (23 req/1 extra)
    - External craft (skill_blacksmithing) via Forge Wrought Iron Nails x23 -> Wrought Iron Nails x1150 (1104 req/46 extra)
            - Gather Impure Iron Ore x480
              - Gather Sapwood x1950
            - Craft via Basic Charcoal Kiln Charcoal x39 -> Charcoal x975 (955 req/20 extra)
          - External craft (skill_blacksmithing) via Basic Furnace Iron Ingot x12 -> Iron Ingot x240 (230 req/10 extra)
            - Gather Sapwood x600
          - Craft via Basic Charcoal Kiln Charcoal x12 -> Charcoal x300 (300 req/0 extra)
        - External craft (skill_blacksmithing) via Basic Furnace Wrought Iron Ingot x8 -> Wrought Iron Ingot x160 (148 req/12 extra)
      - External craft (skill_blacksmithing) via Forge Wrought Iron Sheet x74 -> Wrought Iron Sheet x74 (74 req/0 extra)
            - Gather Impure Iron Ore x200
              - Gather Sapwood x800
            - Craft via Basic Charcoal Kiln Charcoal x16 -> Charcoal x400 (400 req/0 extra)
          - External craft (skill_blacksmithing) via Basic Furnace Iron Ingot x5 -> Iron Ingot x100 (85 req/15 extra)
        - External craft (skill_blacksmithing) via Basic Forge Iron Bar x19 -> Iron Bar x38 (37 req/1 extra)
      - External craft (skill_blacksmithing) via Basic Forge Iron Nails x37 -> Iron Nails x1850 (1850 req/0 extra)
    - External craft (skill_blacksmithing) via Forge Wrought Iron Hinges x37 -> Wrought Iron Hinges x185 (184 req/1 extra)
  - Craft via Carpenter Workbench Elegant Wooden Door x46 -> item_prop_door_wooden_painted x46 (46 req/0 extra)
- Craft Elegant Wooden Double Door x23 (final)"
skill_building,24,25,,2,recipe_building_prop_door_wooden_painted,Elegant Wooden Door,,46,341.1,15350.5,12.08,Heartwood-740; Impure Iron Ore-880; Sapwood-4400,"Elegant Wooden Door x46 (final)
      - Gather Heartwood x740
    - Craft via Wood Chopping Block Fine Wooden Plank x74 -> Fine Wooden Plank x740 (736 req/4 extra)
            - Gather Impure Iron Ore x200
              - Gather Sapwood x800
            - Craft via Basic Charcoal Kiln Charcoal x16 -> Charcoal x400 (400 req/0 extra)
          - External craft (skill_blacksmithing) via Basic Furnace Iron Ingot x5 -> Iron Ingot x100 (90 req/10 extra)
            - Gather Sapwood x250
          - Craft via Basic Charcoal Kiln Charcoal x5 -> Charcoal x125 (120 req/5 extra)
        - External craft (skill_blacksmithing) via Basic Furnace Wrought Iron Ingot x3 -> Wrought Iron Ingot x60 (60 req/0 extra)
      - External craft (skill_blacksmithing) via Basic Forge Wrought Iron Bar x12 -> Wrought Iron Bar x24 (23 req/1 extra)
    - External craft (skill_blacksmithing) via Forge Wrought Iron Nails x23 -> Wrought Iron Nails x1150 (1104 req/46 extra)
            - Gather Impure Iron Ore x480
              - Gather Sapwood x1950
            - Craft via Basic Charcoal Kiln Charcoal x39 -> Charcoal x975 (955 req/20 extra)
          - External craft (skill_blacksmithing) via Basic Furnace Iron Ingot x12 -> Iron Ingot x240 (230 req/10 extra)
            - Gather Sapwood x600
          - Craft via Basic Charcoal Kiln Charcoal x12 -> Charcoal x300 (300 req/0 extra)
        - External craft (skill_blacksmithing) via Basic Furnace Wrought Iron Ingot x8 -> Wrought Iron Ingot x160 (148 req/12 extra)
      - External craft (skill_blacksmithing) via Forge Wrought Iron Sheet x74 -> Wrought Iron Sheet x74 (74 req/0 extra)
            - Gather Impure Iron Ore x200
              - Gather Sapwood x800
            - Craft via Basic Charcoal Kiln Charcoal x16 -> Charcoal x400 (400 req/0 extra)
          - External craft (skill_blacksmithing) via Basic Furnace Iron Ingot x5 -> Iron Ingot x100 (85 req/15 extra)
        - External craft (skill_blacksmithing) via Basic Forge Iron Bar x19 -> Iron Bar x38 (37 req/1 extra)
      - External craft (skill_blacksmithing) via Basic Forge Iron Nails x37 -> Iron Nails x1850 (1850 req/0 extra)
    - External craft (skill_blacksmithing) via Forge Wrought Iron Hinges x37 -> Wrought Iron Hinges x185 (184 req/1 extra)
  - Craft via Carpenter Workbench Elegant Wooden Door x46 -> item_prop_door_wooden_painted x46 (46 req/0 extra)
- Craft Elegant Wooden Door x46 (final)"
skill_building,24,25,,3,recipe_building_prop_door_wooden_painted_left,Elegant Wooden Door,,46,341.1,15350.5,12.08,Heartwood-740; Impure Iron Ore-880; Sapwood-4400,"Elegant Wooden Door x46 (final)
      - Gather Heartwood x740
    - Craft via Wood Chopping Block Fine Wooden Plank x74 -> Fine Wooden Plank x740 (736 req/4 extra)
            - Gather Impure Iron Ore x200
              - Gather Sapwood x800
            - Craft via Basic Charcoal Kiln Charcoal x16 -> Charcoal x400 (400 req/0 extra)
          - External craft (skill_blacksmithing) via Basic Furnace Iron Ingot x5 -> Iron Ingot x100 (90 req/10 extra)
            - Gather Sapwood x250
          - Craft via Basic Charcoal Kiln Charcoal x5 -> Charcoal x125 (120 req/5 extra)
        - External craft (skill_blacksmithing) via Basic Furnace Wrought Iron Ingot x3 -> Wrought Iron Ingot x60 (60 req/0 extra)
      - External craft (skill_blacksmithing) via Basic Forge Wrought Iron Bar x12 -> Wrought Iron Bar x24 (23 req/1 extra)
    - External craft (skill_blacksmithing) via Forge Wrought Iron Nails x23 -> Wrought Iron Nails x1150 (1104 req/46 extra)
            - Gather Impure Iron Ore x480
              - Gather Sapwood x1950
            - Craft via Basic Charcoal Kiln Charcoal x39 -> Charcoal x975 (955 req/20 extra)
          - External craft (skill_blacksmithing) via Basic Furnace Iron Ingot x12 -> Iron Ingot x240 (230 req/10 extra)
            - Gather Sapwood x600
          - Craft via Basic Charcoal Kiln Charcoal x12 -> Charcoal x300 (300 req/0 extra)
        - External craft (skill_blacksmithing) via Basic Furnace Wrought Iron Ingot x8 -> Wrought Iron Ingot x160 (148 req/12 extra)
      - External craft (skill_blacksmithing) via Forge Wrought Iron Sheet x74 -> Wrought Iron Sheet x74 (74 req/0 extra)
            - Gather Impure Iron Ore x200
              - Gather Sapwood x800
            - Craft via Basic Charcoal Kiln Charcoal x16 -> Charcoal x400 (400 req/0 extra)
          - External craft (skill_blacksmithing) via Basic Furnace Iron Ingot x5 -> Iron Ingot x100 (85 req/15 extra)
        - External craft (skill_blacksmithing) via Basic Forge Iron Bar x19 -> Iron Bar x38 (37 req/1 extra)
      - External craft (skill_blacksmithing) via Basic Forge Iron Nails x37 -> Iron Nails x1850 (1850 req/0 extra)
    - External craft (skill_blacksmithing) via Forge Wrought Iron Hinges x37 -> Wrought Iron Hinges x185 (184 req/1 extra)
  - Craft via Carpenter Workbench Elegant Wooden Door x46 -> item_prop_door_wooden_painted x46 (46 req/0 extra)
- Craft Elegant Wooden Door x46 (final)"
skill_armor_smithing,14,15,,1,recipe_crafter_blacksmith_armor_workbench_2,Armorer Workbench,,61,376.1,22939.8,305.76,Heartwood-860; Rough Animal Hide-130; Copper Ore-620; Impure Iron Ore-2480; Tin Ore-620; Limestone-35; Sapwood-15535,"Armorer Workbench x61 (final)
          - Gather Impure Iron Ore x1880
            - Gather Sapwood x7550
          - External craft (skill_building) via Basic Charcoal Kiln Charcoal x151 -> Charcoal x3775 (3760 req/15 extra)
        - External craft (skill_blacksmithing) via Basic Furnace Iron Ingot x47 -> Iron Ingot x940 (930 req/10 extra)
          - Gather Sapwood x2450
        - External craft (skill_building) via Basic Charcoal Kiln Charcoal x49 -> Charcoal x1225 (1225 req/0 extra)
      - External craft (skill_blacksmithing) via Basic Furnace Wrought Iron Ingot x31 -> Wrought Iron Ingot x620 (610 req/10 extra)
    - External craft (skill_blacksmithing) via Forge Wrought Iron Sheet x305 -> Wrought Iron Sheet x305 (305 req/0 extra)
        - Gather Rough Animal Hide x130
          - Gather Limestone x35
          - Gather Sapwood x35
        - External craft (skill_blacksmithing) via Basic Charcoal Kiln Lime x7 -> Lime x70 (65 req/5 extra)
        - External craft (skill_building) via Water Well Water x4 -> Water x80 (65 req/15 extra)
      - External craft (skill_leatherworking) via Simple Tanning Rack Inferior Leather x13 -> Inferior Leather x130 (122 req/8 extra)
    - External craft (skill_leatherworking) via Leatherworking Table Heavy Top Grain Leather x122 -> Heavy Top Grain Leather x122 (122 req/0 extra)
          - Gather Impure Iron Ore x600
            - Gather Sapwood x2400
          - External craft (skill_building) via Basic Charcoal Kiln Charcoal x48 -> Charcoal x1200 (1200 req/0 extra)
        - External craft (skill_blacksmithing) via Basic Furnace Iron Ingot x15 -> Iron Ingot x300 (295 req/5 extra)
      - External craft (skill_blacksmithing) via Basic Forge Iron Bar x61 -> Iron Bar x122 (122 req/0 extra)
    - External craft (skill_blacksmithing) via Basic Forge Iron Nails x122 -> Iron Nails x6100 (6100 req/0 extra)
        - Gather Tin Ore x620
        - Gather Copper Ore x620
        - Gather Sapwood x3100
      - External craft (skill_blacksmithing) via Basic Furnace Bronze Ingot x31 -> Bronze Ingot x620 (610 req/10 extra)
    - External craft (skill_blacksmithing) via Basic Forge Bronze Sheet x305 -> Bronze Sheet x305 (305 req/0 extra)
  - Craft via Basic Armorer Workbench Armorer Tools x61 -> Armorer Tools x61 (61 req/0 extra)
    - Gather Heartwood x490
  - External craft (skill_building) via Wood Chopping Block Fine Wood Beam x49 -> Fine Wood Beam x245 (244 req/1 extra)
    - Gather Heartwood x370
  - External craft (skill_building) via Wood Chopping Block Fine Wooden Plank x37 -> Fine Wooden Plank x370 (366 req/4 extra)
- Craft Armorer Workbench x61 (final)"
skill_armor_smithing,14,15,,2,recipe_wearable_metal_feet_pilgrim_boj2_t2_rare,Pilgrim's Sabatons II,,37,619.8,22934.2,543.86,Rough Animal Hide-10; Copper Ore-40; Impure Iron Ore-1520; Tin Ore-40; Cobra Lily-370; Sapwood-6300; Worn Out Sigil-444; Seal of the Lost Abbot-37,"Pilgrim's Sabatons II x37 (final)
  - Gather Worn Out Sigil x444
  - Gather Seal of the Lost Abbot x37
  - Gather Cobra Lily x370
      - Gather Impure Iron Ore x1480
        - Gather Sapwood x5950
      - External craft (skill_building) via Basic Charcoal Kiln Charcoal x119 -> Charcoal x2975 (2960 req/15 extra)
    - External craft (skill_blacksmithing) via Basic Furnace Iron Ingot x37 -> Iron Ingot x740 (740 req/0 extra)
  - External craft (skill_blacksmithing) via Basic Forge Iron Sheet x370 -> Iron Sheet x370 (370 req/0 extra)
        - Gather Rough Animal Hide x10
      - External craft (skill_leatherworking) via Simple Tanning Rack Rawhide x1 -> Rawhide x10 (4 req/6 extra)
    - External craft (skill_leatherworking) via Simple Leatherworking Table Nubuck Leather x4 -> Nubuck Leather x4 (4 req/0 extra)
  - External craft (skill_leatherworking) via Simple Leatherworking Table Coarse Leather Band x4 -> Coarse Leather Band x80 (74 req/6 extra)
        - Gather Tin Ore x40
        - Gather Copper Ore x40
        - Gather Sapwood x200
      - External craft (skill_blacksmithing) via Basic Furnace Bronze Ingot x2 -> Bronze Ingot x40 (30 req/10 extra)
    - External craft (skill_blacksmithing) via Basic Forge Bronze Sheet x15 -> Bronze Sheet x15 (15 req/0 extra)
  - External craft (skill_blacksmithing) via Basic Forge Bronze Buckle x3 -> Bronze Buckle x75 (74 req/1 extra)
        - Gather Impure Iron Ore x40
          - Gather Sapwood x150
        - External craft (skill_building) via Basic Charcoal Kiln Charcoal x3 -> Charcoal x75 (65 req/10 extra)
      - External craft (skill_blacksmithing) via Basic Furnace Iron Ingot x1 -> Iron Ingot x20 (10 req/10 extra)
    - External craft (skill_blacksmithing) via Basic Forge Iron Bar x2 -> Iron Bar x4 (4 req/0 extra)
  - External craft (skill_blacksmithing) via Basic Forge Iron Studs x4 -> Iron Studs x800 (740 req/60 extra)
- Craft Pilgrim's Sabatons II x37 (final)"
skill_armor_smithing,14,15,,3,recipe_wearable_metal_feet_warrior_ss_t2_rare,Warrior's Sabatons of Swift March II,,42,548.0,23015.1,617.36,Rough Animal Hide-10; Copper Ore-40; Impure Iron Ore-1720; Tin Ore-40; Cobra Lily-420; Sapwood-7100; Furry Collarstone-504; Icon of the Choir-42,"Warrior's Sabatons of Swift March II x42 (final)
  - Gather Furry Collarstone x504
  - Gather Icon of the Choir x42
  - Gather Cobra Lily x420
      - Gather Impure Iron Ore x1680
        - Gather Sapwood x6750
      - External craft (skill_building) via Basic Charcoal Kiln Charcoal x135 -> Charcoal x3375 (3360 req/15 extra)
    - External craft (skill_blacksmithing) via Basic Furnace Iron Ingot x42 -> Iron Ingot x840 (840 req/0 extra)
  - External craft (skill_blacksmithing) via Basic Forge Iron Sheet x420 -> Iron Sheet x420 (420 req/0 extra)
        - Gather Rough Animal Hide x10
      - External craft (skill_leatherworking) via Simple Tanning Rack Rawhide x1 -> Rawhide x10 (5 req/5 extra)
    - External craft (skill_leatherworking) via Simple Leatherworking Table Nubuck Leather x5 -> Nubuck Leather x5 (5 req/0 extra)
  - External craft (skill_leatherworking) via Simple Leatherworking Table Coarse Leather Band x5 -> Coarse Leather Band x100 (84 req/16 extra)
        - Gather Tin Ore x40
        - Gather Copper Ore x40
        - Gather Sapwood x200
      - External craft (skill_blacksmithing) via Basic Furnace Bronze Ingot x2 -> Bronze Ingot x40 (40 req/0 extra)
    - External craft (skill_blacksmithing) via Basic Forge Bronze Sheet x20 -> Bronze Sheet x20 (20 req/0 extra)
  - External craft (skill_blacksmithing) via Basic Forge Bronze Buckle x4 -> Bronze Buckle x100 (84 req/16 extra)
        - Gather Impure Iron Ore x40
          - Gather Sapwood x150
        - External craft (skill_building) via Basic Charcoal Kiln Charcoal x3 -> Charcoal x75 (65 req/10 extra)
      - External craft (skill_blacksmithing) via Basic Furnace Iron Ingot x1 -> Iron Ingot x20 (15 req/5 extra)
    - External craft (skill_blacksmithing) via Basic Forge Iron Bar x3 -> Iron Bar x6 (5 req/1 extra)
  - External craft (skill_blacksmithing) via Basic Forge Iron Studs x5 -> Iron Studs x1000 (840 req/160 extra)
- Craft Warrior's Sabatons of Swift March II x42 (final)"
skill_cooking,16,17,,1,recipe_activatable_foodcooked_vegetable_stew_staminaregen_11,Vegetable Stew,,120,278.8,33453.4,205.10,Enoki-600; Animal Fat-48; Garlic-120; Mustard-120; Red Onion-240,"Vegetable Stew x120 (final)
  - Gather Red Onion x240
  - Gather Mustard x120
  - Gather Garlic x120
  - Gather Enoki x600
    - Gather Animal Fat x48
  - Craft via Basic Cooking Hearth Lard x24 -> Lard x120 (120 req/0 extra)
- Craft Vegetable Stew x120 (final)"
skill_cooking,16,17,,2,recipe_activatable_drink_sirup_hpregen_13,Raspberry Syrup,,142,236.9,33636.8,227.57,Raspberry-710,"Raspberry Syrup x142 (final)
  - External craft (skill_building) via Water Well Water x36 -> Water x720 (710 req/10 extra)
  - Gather Raspberry x710
- Craft Raspberry Syrup x142 (final)"
skill_cooking,16,17,,3,recipe_activatable_drink_herbal_tea_hpregen_1,Dandelion Herb Infusion,,150,223.9,33583.0,234.70,Dandelion-750; Rosemary-300,"Dandelion Herb Infusion x150 (final)
  - External craft (skill_building) via Water Well Water x38 -> Water x760 (750 req/10 extra)
  - Gather Dandelion x750
  - Gather Rosemary x300
- Craft Dandelion Herb Infusion x150 (final)"
skill_jewelerycrafting,15,16,,1,recipe_wearable_jewellery_bracelet_common_7,Shiny Silver Bracelet,,88,315.2,27738.9,35.20,Impure Iron Ore-320; Sapwood-1700,"Shiny Silver Bracelet x88 (final)
      - Gather Impure Iron Ore x320
        - Gather Sapwood x1300
      - External craft (skill_building) via Basic Charcoal Kiln Charcoal x26 -> Charcoal x650 (640 req/10 extra)
    - External craft (skill_blacksmithing) via Basic Furnace Iron Ingot x8 -> Iron Ingot x160 (150 req/10 extra)
      - Gather Sapwood x400
    - External craft (skill_building) via Basic Charcoal Kiln Charcoal x8 -> Charcoal x200 (190 req/10 extra)
  - External craft (skill_blacksmithing) via Basic Furnace Wrought Iron Ingot x5 -> Wrought Iron Ingot x100 (88 req/12 extra)
- Craft Shiny Silver Bracelet x88 (final)"
skill_jewelerycrafting,15,16,,2,recipe_wearable_jewellery_bracelet_poor_9,Small Silver Bracelet,,95,292.2,27762.4,38.00,Impure Iron Ore-320; Sapwood-1700,"Small Silver Bracelet x95 (final)
      - Gather Impure Iron Ore x320
        - Gather Sapwood x1300
      - External craft (skill_building) via Basic Charcoal Kiln Charcoal x26 -> Charcoal x650 (640 req/10 extra)
    - External craft (skill_blacksmithing) via Basic Furnace Iron Ingot x8 -> Iron Ingot x160 (150 req/10 extra)
      - Gather Sapwood x400
    - External craft (skill_building) via Basic Charcoal Kiln Charcoal x8 -> Charcoal x200 (190 req/10 extra)
  - External craft (skill_blacksmithing) via Basic Furnace Wrought Iron Ingot x5 -> Wrought Iron Ingot x100 (95 req/5 extra)
- Craft Small Silver Bracelet x95 (final)"
skill_jewelerycrafting,15,16,,3,recipe_crafter_jewelcrafting_workbench_2,Jeweler Table,,62,447.4,27737.3,310.78,Amber-62; Heartwood-880; Rough Animal Hide-70; Copper Ore-1860; Tin Ore-1860; Limestone-20; Sapwood-9320,"Jeweler Table x62 (final)
    - Gather Amber x62
        - Gather Rough Animal Hide x70
          - Gather Limestone x20
          - Gather Sapwood x20
        - External craft (skill_blacksmithing) via Basic Charcoal Kiln Lime x4 -> Lime x40 (35 req/5 extra)
        - External craft (skill_building) via Water Well Water x2 -> Water x40 (35 req/5 extra)
      - External craft (skill_leatherworking) via Simple Tanning Rack Inferior Leather x7 -> Inferior Leather x70 (62 req/8 extra)
    - External craft (skill_leatherworking) via Leatherworking Table Heavy Top Grain Leather x62 -> Heavy Top Grain Leather x62 (62 req/0 extra)
        - Gather Tin Ore x1560
        - Gather Copper Ore x1560
        - Gather Sapwood x7800
      - External craft (skill_blacksmithing) via Basic Furnace Bronze Ingot x78 -> Bronze Ingot x1560 (1550 req/10 extra)
    - External craft (skill_blacksmithing) via Basic Forge Bronze Bar x310 -> Bronze Bar x310 (310 req/0 extra)
      - Gather Tin Ore x300
      - Gather Copper Ore x300
      - Gather Sapwood x1500
    - External craft (skill_blacksmithing) via Basic Furnace Bronze Ingot x15 -> Bronze Ingot x300 (300 req/0 extra)
  - Craft via Basic Jeweler Table Jewelcrafting Tools x62 -> Jewelcrafting Tools x62 (62 req/0 extra)
    - Gather Heartwood x500
  - External craft (skill_building) via Wood Chopping Block Fine Wood Beam x50 -> Fine Wood Beam x250 (248 req/2 extra)
    - Gather Heartwood x380
  - External craft (skill_building) via Wood Chopping Block Fine Wooden Plank x38 -> Fine Wooden Plank x380 (372 req/8 extra)
- Craft Jeweler Table x62 (final)"
skill_winery_and_brewing,15,16,,1,recipe_activatable_drink_mead_staminaregen_16,Blueberry Mead,,122,226.4,27616.3,244.41,Blueberry-610; Barley Grain-140; Rye Grain-140,"Blueberry Mead x122 (final)
  - External craft (skill_cooking) via Basic Beehive Honey x122 -> Honey x610 (610 req/0 extra)
      - Gather Barley Grain x140
    - Craft via Basic Fermenter Malt x7 -> Malt x140 (130 req/10 extra)
      - External craft (skill_building) via Water Well Water x7 -> Water x140 (140 req/0 extra)
        - Gather Rye Grain x140
      - External craft (skill_baking) via Millstone Rye Flour x7 -> Rye Flour x140 (140 req/0 extra)
    - External craft (skill_baking) via Basic Fermenter Yeast x7 -> Yeast x140 (130 req/10 extra)
    - External craft (skill_building) via Water Well Water x7 -> Water x140 (130 req/10 extra)
  - Craft via Basic Fermenter Weak Mead Base x13 -> Weak Mead Base x130 (122 req/8 extra)
  - Gather Blueberry x610
- Craft Blueberry Mead x122 (final)"
skill_winery_and_brewing,15,16,,2,recipe_activatable_drink_mead_staminaregen_8,Weak Mead,,155,178.8,27707.8,260.92,Barley Grain-160; Rye Grain-160,"Weak Mead x155 (final)
  - External craft (skill_cooking) via Basic Beehive Honey x155 -> Honey x775 (775 req/0 extra)
      - Gather Barley Grain x160
    - Craft via Basic Fermenter Malt x8 -> Malt x160 (160 req/0 extra)
      - External craft (skill_building) via Water Well Water x8 -> Water x160 (160 req/0 extra)
        - Gather Rye Grain x160
      - External craft (skill_baking) via Millstone Rye Flour x8 -> Rye Flour x160 (160 req/0 extra)
    - External craft (skill_baking) via Basic Fermenter Yeast x8 -> Yeast x160 (160 req/0 extra)
    - External craft (skill_building) via Water Well Water x8 -> Water x160 (160 req/0 extra)
  - Craft via Basic Fermenter Weak Mead Base x16 -> Weak Mead Base x160 (155 req/5 extra)
- Craft Weak Mead x155 (final)"
skill_winery_and_brewing,15,16,,3,recipe_crafter_wine_barrel_1,Wine Barrel,,89,309.9,27578.0,469.48,Copper Ore-1260; Impure Iron Ore-120; Tin Ore-900; Sand-35600; Sapwood-49520,"Wine Barrel x89 (final)
      - Gather Copper Ore x360
        - Gather Sapwood x1100
      - External craft (skill_building) via Basic Charcoal Kiln Charcoal x22 -> Charcoal x550 (540 req/10 extra)
    - External craft (skill_blacksmithing) via Basic Furnace Copper Ingot x18 -> Copper Ingot x180 (178 req/2 extra)
        - Gather Sand x35600
          - Gather Sapwood x42700
        - External craft (skill_building) via Basic Charcoal Kiln Charcoal x854 -> Charcoal x21350 (21350 req/0 extra)
      - External craft (skill_building) via Furnace Glass x712 -> Glass x7120 (7120 req/0 extra)
    - External craft (skill_blacksmithing) via Forge Vial x356 -> Vial x1780 (1780 req/0 extra)
        - Gather Tin Ore x900
        - Gather Copper Ore x900
        - Gather Sapwood x4500
      - External craft (skill_blacksmithing) via Basic Furnace Bronze Ingot x45 -> Bronze Ingot x900 (890 req/10 extra)
    - External craft (skill_blacksmithing) via Basic Forge Bronze Sheet x445 -> Bronze Sheet x445 (445 req/0 extra)
  - Craft via Basic Cooking Workbench Barrel Pieces x89 -> Barrel Pieces x89 (89 req/0 extra)
    - Gather Sapwood x720
  - External craft (skill_building) via Wood Chopping Block Plank x72 -> Plank x720 (712 req/8 extra)
        - Gather Impure Iron Ore x120
          - Gather Sapwood x500
        - External craft (skill_building) via Basic Charcoal Kiln Charcoal x10 -> Charcoal x250 (240 req/10 extra)
      - External craft (skill_blacksmithing) via Basic Furnace Iron Ingot x3 -> Iron Ingot x60 (45 req/15 extra)
    - External craft (skill_blacksmithing) via Basic Forge Iron Bar x9 -> Iron Bar x18 (18 req/0 extra)
  - External craft (skill_blacksmithing) via Basic Forge Iron Nails x18 -> Iron Nails x900 (890 req/10 extra)
- Craft Wine Barrel x89 (final)"
skill_alchemy,16,17,,1,recipe_crafter_alchemy_workbench_2,Alchemy Table,,66,512.6,33831.8,330.83,Nightshade Fruit-330; Heartwood-930; Rough Animal Hide-410; Copper Ore-1660; Tin Ore-1660; Limestone-170; Sand-6600; Sapwood-16420,"Alchemy Table x66 (final)
      - Gather Sand x6600
        - Gather Sapwood x7950
      - External craft (skill_building) via Basic Charcoal Kiln Charcoal x159 -> Charcoal x3975 (3960 req/15 extra)
    - External craft (skill_building) via Furnace Glass x132 -> Glass x1320 (1320 req/0 extra)
        - Gather Rough Animal Hide x410
          - Gather Limestone x105
          - Gather Sapwood x105
        - External craft (skill_blacksmithing) via Basic Charcoal Kiln Lime x21 -> Lime x210 (205 req/5 extra)
        - External craft (skill_building) via Water Well Water x11 -> Water x220 (205 req/15 extra)
      - External craft (skill_leatherworking) via Simple Tanning Rack Inferior Leather x41 -> Inferior Leather x410 (405 req/5 extra)
        - Gather Limestone x65
        - Gather Sapwood x65
      - External craft (skill_blacksmithing) via Basic Charcoal Kiln Lime x13 -> Lime x130 (130 req/0 extra)
      - External craft (skill_building) via Water Well Water x6 -> Water x120 (120 req/0 extra)
    - External craft (skill_leatherworking) via Tanning Rack Boiled Leather x27 -> Boiled Leather x135 (132 req/3 extra)
        - Gather Tin Ore x1660
        - Gather Copper Ore x1660
        - Gather Sapwood x8300
      - External craft (skill_blacksmithing) via Basic Furnace Bronze Ingot x83 -> Bronze Ingot x1660 (1650 req/10 extra)
    - External craft (skill_blacksmithing) via Basic Forge Bronze Bar x330 -> Bronze Bar x330 (330 req/0 extra)
    - Gather Nightshade Fruit x330
  - Craft via Basic Alchemy Table Alchemy Instruments x66 -> Alchemy Instruments x66 (66 req/0 extra)
    - Gather Heartwood x530
  - External craft (skill_building) via Wood Chopping Block Fine Wood Beam x53 -> Fine Wood Beam x265 (264 req/1 extra)
    - Gather Heartwood x400
  - External craft (skill_building) via Wood Chopping Block Fine Wooden Plank x40 -> Fine Wooden Plank x400 (396 req/4 extra)
- Craft Alchemy Table x66 (final)"
skill_alchemy,16,17,,2,recipe_activatable_potion_potion_of_protection_very_small_32,Aegis Potion V,,125,269.1,33635.8,485.89,Castor Plant-125; Sand-7520; Sapwood-7650,"Aegis Potion V x125 (final)
    - Gather Castor Plant x125
      - Gather Sapwood x100
    - External craft (skill_building) via Basic Charcoal Kiln Charcoal x2 -> Charcoal x50 (50 req/0 extra)
    - External craft (skill_building) via Water Well Water x7 -> Water x140 (125 req/15 extra)
  - Craft via Basic Reagent Distiller Castor Extract x25 -> Castor Extract x250 (250 req/0 extra)
  - External craft (skill_building) via Water Well Water x50 -> Water x1000 (985 req/15 extra)
      - Gather Sand x7520
        - Gather Sapwood x7550
      - External craft (skill_building) via Basic Charcoal Kiln Charcoal x151 -> Charcoal x3775 (3760 req/15 extra)
    - External craft (skill_building) via Basic Furnace Rough Glass x188 -> Rough Glass x1880 (1875 req/5 extra)
  - External craft (skill_blacksmithing) via Basic Forge Small Vial x125 -> Small Vial x625 (625 req/0 extra)
- Craft Aegis Potion V x125 (final)"
skill_alchemy,16,17,,3,recipe_activatable_potion_arcance_resistance_very_small_30,Cold Resistance I,,125,269.1,33635.8,554.90,Crane Flower-125; Sand-7520; Sapwood-7650,"Cold Resistance I x125 (final)
    - Gather Crane Flower x125
      - Gather Sapwood x100
    - External craft (skill_building) via Basic Charcoal Kiln Charcoal x2 -> Charcoal x50 (50 req/0 extra)
    - External craft (skill_building) via Water Well Water x7 -> Water x140 (125 req/15 extra)
  - Craft via Basic Reagent Distiller Crane Flower Extract x25 -> Crane Flower Extract x250 (250 req/0 extra)
  - External craft (skill_building) via Water Well Water x50 -> Water x1000 (985 req/15 extra)
      - Gather Sand x7520
        - Gather Sapwood x7550
      - External craft (skill_building) via Basic Charcoal Kiln Charcoal x151 -> Charcoal x3775 (3760 req/15 extra)
    - External craft (skill_building) via Basic Furnace Rough Glass x188 -> Rough Glass x1880 (1875 req/5 extra)
  - External craft (skill_blacksmithing) via Basic Forge Small Vial x125 -> Small Vial x625 (625 req/0 extra)
- Craft Cold Resistance I x125 (final)"
skill_baking,18,19,,1,recipe_activatable_foodcooked_bread_hpregen_20,Barley and Rye Bread,,1632,29.0,47328.0,1641.52,Suet-1306; Barley Grain-660; Rye Grain-3604,"Barley and Rye Bread x1632 (final)
      - Gather Barley Grain x660
    - Craft via Millstone Barley Flour x33 -> Barley Flour x660 (654 req/6 extra)
      - External craft (skill_building) via Water Well Water x17 -> Water x340 (340 req/0 extra)
        - Gather Rye Grain x340
      - Craft via Millstone Rye Flour x17 -> Rye Flour x340 (340 req/0 extra)
    - Craft via Basic Fermenter Yeast x17 -> Yeast x340 (327 req/13 extra)
    - External craft (skill_building) via Water Well Water x82 -> Water x1640 (1635 req/5 extra)
  - Craft via Basic Cooking Workbench Barley Dough x327 -> Barley Dough x1635 (1632 req/3 extra)
  - Gather Rye Grain x3264
    - Gather Suet x1306
  - External craft (skill_cooking) via Basic Cooking Hearth Tallow x653 -> Tallow x3265 (3264 req/1 extra)
- Craft Barley and Rye Bread x1632 (final)"
skill_baking,18,19,,2,recipe_activatable_foodcooked_pastry_staminaregen_22,Trail Pie,,1434,33.0,47322.0,7050.50,Animal Fat-5736; Barley Grain-5740; Rye Grain-2880,"Trail Pie x1434 (final)
      - Gather Barley Grain x5740
    - Craft via Millstone Barley Flour x287 -> Barley Flour x5740 (5736 req/4 extra)
      - External craft (skill_building) via Water Well Water x144 -> Water x2880 (2880 req/0 extra)
        - Gather Rye Grain x2880
      - Craft via Millstone Rye Flour x144 -> Rye Flour x2880 (2880 req/0 extra)
    - Craft via Basic Fermenter Yeast x144 -> Yeast x2880 (2868 req/12 extra)
    - External craft (skill_building) via Water Well Water x717 -> Water x14340 (14340 req/0 extra)
  - Craft via Basic Cooking Workbench Barley Dough x2868 -> Barley Dough x14340 (14340 req/0 extra)
    - Gather Animal Fat x5736
  - External craft (skill_cooking) via Basic Cooking Hearth Lard x2868 -> Lard x14340 (14340 req/0 extra)
- Craft Trail Pie x1434 (final)"
skill_baking,18,19,,3,recipe_activatable_foodcooked_bread_hpregen_10,Fruity Rye Bread,,9461,5.0,47305.0,33980.76,Elderberry-189220; Animal Fat-3786; Rye Grain-5700,"Fruity Rye Bread x9461 (final)
      - Gather Rye Grain x3800
    - Craft via Millstone Rye Flour x190 -> Rye Flour x3800 (3786 req/14 extra)
      - External craft (skill_building) via Water Well Water x95 -> Water x1900 (1900 req/0 extra)
        - Gather Rye Grain x1900
      - Craft via Millstone Rye Flour x95 -> Rye Flour x1900 (1886 req/14 extra)
    - Craft via Basic Fermenter Yeast x95 -> Yeast x1900 (1893 req/7 extra)
    - External craft (skill_building) via Water Well Water x474 -> Water x9480 (9465 req/15 extra)
  - Craft via Basic Cooking Workbench Rye Dough x1893 -> Rye Dough x9465 (9461 req/4 extra)
  - Gather Elderberry x189220
    - Gather Animal Fat x3786
  - External craft (skill_cooking) via Basic Cooking Hearth Lard x1893 -> Lard x9465 (9461 req/4 extra)
- Craft Fruity Rye Bread x9461 (final)"
skill_weapon_smithing,18,19,,1,recipe_wieldable_tool_woodcutting_axe_t2_rare,Honed Iron Chopping Axe,,64,743.2,47564.2,308.36,Rough Animal Hide-10; Impure Iron Ore-1560; Sapwood-6380; Worn Out Locket-768; Token of the Murmur-64,"Honed Iron Chopping Axe x64 (final)
  - Gather Worn Out Locket x768
  - Gather Token of the Murmur x64
    - Gather Sapwood x130
  - External craft (skill_building) via Wood Chopping Block Long Wood Stock x26 -> Long Wood Stock x130 (128 req/2 extra)
        - Gather Impure Iron Ore x1280
          - Gather Sapwood x5150
        - External craft (skill_building) via Basic Charcoal Kiln Charcoal x103 -> Charcoal x2575 (2560 req/15 extra)
      - External craft (skill_blacksmithing) via Basic Furnace Iron Ingot x32 -> Iron Ingot x640 (640 req/0 extra)
    - External craft (skill_blacksmithing) via Basic Forge Iron Sheet x320 -> Iron Sheet x320 (320 req/0 extra)
      - Gather Impure Iron Ore x280
        - Gather Sapwood x1100
      - External craft (skill_building) via Basic Charcoal Kiln Charcoal x22 -> Charcoal x550 (545 req/5 extra)
    - External craft (skill_blacksmithing) via Basic Furnace Iron Ingot x7 -> Iron Ingot x140 (128 req/12 extra)
  - External craft (skill_blacksmithing) via Basic Forge Iron Axe Head x64 -> Iron Axe Head x64 (64 req/0 extra)
        - Gather Rough Animal Hide x10
      - External craft (skill_leatherworking) via Simple Tanning Rack Rawhide x1 -> Rawhide x10 (4 req/6 extra)
    - External craft (skill_leatherworking) via Simple Leatherworking Table Nubuck Leather x4 -> Nubuck Leather x4 (4 req/0 extra)
  - External craft (skill_leatherworking) via Simple Leatherworking Table Coarse Leather Band x4 -> Coarse Leather Band x80 (64 req/16 extra)
- Craft Honed Iron Chopping Axe x64 (final)"
skill_weapon_smithing,18,19,,2,recipe_wieldable_tool_skinning_knife_t2_rare,Honed Iron Skinning Knife,,63,764.3,48147.8,322.28,Rough Animal Hide-10; Impure Iron Ore-920; Sapwood-3765; Furry Collarstone-756; Whisper of the Star-63,"Honed Iron Skinning Knife x63 (final)
  - Gather Furry Collarstone x756
  - Gather Whisper of the Star x63
        - Gather Impure Iron Ore x640
          - Gather Sapwood x2600
        - External craft (skill_building) via Basic Charcoal Kiln Charcoal x52 -> Charcoal x1300 (1280 req/20 extra)
      - External craft (skill_blacksmithing) via Basic Furnace Iron Ingot x16 -> Iron Ingot x320 (315 req/5 extra)
    - External craft (skill_blacksmithing) via Basic Forge Iron Bar x63 -> Iron Bar x126 (126 req/0 extra)
  - External craft (skill_blacksmithing) via Basic Forge Iron Knife Blade x63 -> Iron Knife Blade x63 (63 req/0 extra)
    - Gather Sapwood x65
  - External craft (skill_building) via Wood Chopping Block Long Wood Stock x13 -> Long Wood Stock x65 (63 req/2 extra)
      - Gather Impure Iron Ore x280
        - Gather Sapwood x1100
      - External craft (skill_building) via Basic Charcoal Kiln Charcoal x22 -> Charcoal x550 (540 req/10 extra)
    - External craft (skill_blacksmithing) via Basic Furnace Iron Ingot x7 -> Iron Ingot x140 (121 req/19 extra)
  - External craft (skill_blacksmithing) via Basic Forge Iron Sheet x63 -> Iron Sheet x63 (63 req/0 extra)
        - Gather Rough Animal Hide x10
      - External craft (skill_leatherworking) via Simple Tanning Rack Rawhide x1 -> Rawhide x10 (7 req/3 extra)
    - External craft (skill_leatherworking) via Simple Leatherworking Table Nubuck Leather x7 -> Nubuck Leather x7 (7 req/0 extra)
  - External craft (skill_leatherworking) via Simple Leatherworking Table Coarse Leather Band x7 -> Coarse Leather Band x140 (126 req/14 extra)
- Craft Honed Iron Skinning Knife x63 (final)"
skill_weapon_smithing,18,19,,3,recipe_wieldable_tool_mining_pickaxe_t2_rare,Honed Iron Pickaxe,,61,787.7,48050.5,369.39,Rough Animal Hide-40; Copper Ore-620; Impure Iron Ore-3080; Tin Ore-620; Sapwood-19100; Worn Out Locket-732; Locket of the Earthvein-61,"Honed Iron Pickaxe x61 (final)
  - Gather Worn Out Locket x732
  - Gather Locket of the Earthvein x61
          - Gather Impure Iron Ore x2360
            - Gather Sapwood x9450
          - External craft (skill_building) via Basic Charcoal Kiln Charcoal x189 -> Charcoal x4725 (4720 req/5 extra)
        - External craft (skill_blacksmithing) via Basic Furnace Iron Ingot x59 -> Iron Ingot x1180 (1170 req/10 extra)
          - Gather Sapwood x3150
        - External craft (skill_building) via Basic Charcoal Kiln Charcoal x63 -> Charcoal x1575 (1555 req/20 extra)
      - External craft (skill_blacksmithing) via Basic Furnace Wrought Iron Ingot x39 -> Wrought Iron Ingot x780 (765 req/15 extra)
    - External craft (skill_blacksmithing) via Basic Forge Wrought Iron Bar x153 -> Wrought Iron Bar x306 (305 req/1 extra)
  - External craft (skill_blacksmithing) via Forge Wrought Iron Sword Blade x61 -> Wrought Iron Sword Blade x61 (61 req/0 extra)
        - Gather Impure Iron Ore x320
          - Gather Sapwood x1250
        - External craft (skill_building) via Basic Charcoal Kiln Charcoal x25 -> Charcoal x625 (620 req/5 extra)
      - External craft (skill_blacksmithing) via Basic Furnace Iron Ingot x8 -> Iron Ingot x160 (145 req/15 extra)
    - External craft (skill_blacksmithing) via Basic Forge Iron Bar x31 -> Iron Bar x62 (61 req/1 extra)
          - Gather Tin Ore x620
          - Gather Copper Ore x620
          - Gather Sapwood x3100
        - External craft (skill_blacksmithing) via Basic Furnace Bronze Ingot x31 -> Bronze Ingot x620 (610 req/10 extra)
      - External craft (skill_blacksmithing) via Basic Forge Bronze Bar x122 -> Bronze Bar x122 (122 req/0 extra)
    - External craft (skill_blacksmithing) via Basic Forge Bronze Spike x61 -> Bronze Spike x61 (61 req/0 extra)
          - Gather Rough Animal Hide x20
        - External craft (skill_leatherworking) via Simple Tanning Rack Rawhide x2 -> Rawhide x20 (16 req/4 extra)
      - External craft (skill_leatherworking) via Simple Leatherworking Table Nubuck Leather x16 -> Nubuck Leather x16 (16 req/0 extra)
    - External craft (skill_leatherworking) via Simple Leatherworking Table Coarse Leather Band x16 -> Coarse Leather Band x320 (305 req/15 extra)
  - External craft (skill_blacksmithing) via Basic Forge Sword Hilt x61 -> Sword Hilt x61 (61 req/0 extra)
        - Gather Impure Iron Ore x400
          - Gather Sapwood x1600
        - External craft (skill_building) via Basic Charcoal Kiln Charcoal x32 -> Charcoal x800 (795 req/5 extra)
      - External craft (skill_blacksmithing) via Basic Furnace Iron Ingot x10 -> Iron Ingot x200 (195 req/5 extra)
        - Gather Sapwood x550
      - External craft (skill_building) via Basic Charcoal Kiln Charcoal x11 -> Charcoal x275 (275 req/0 extra)
    - External craft (skill_blacksmithing) via Basic Furnace Wrought Iron Ingot x7 -> Wrought Iron Ingot x140 (135 req/5 extra)
  - External craft (skill_blacksmithing) via Basic Forge Wrought Iron Bar x30 -> Wrought Iron Bar x60 (60 req/0 extra)
        - Gather Rough Animal Hide x20
      - External craft (skill_leatherworking) via Simple Tanning Rack Rawhide x2 -> Rawhide x20 (11 req/9 extra)
    - External craft (skill_leatherworking) via Simple Leatherworking Table Nubuck Leather x15 -> Nubuck Leather x15 (15 req/0 extra)
  - External craft (skill_leatherworking) via Simple Leatherworking Table Coarse Leather Band x15 -> Coarse Leather Band x300 (290 req/10 extra)
- Craft Honed Iron Pickaxe x61 (final)"
skill_fletching,19,20,,1,recipe_crafter_fletching_workbench_2,Fletching Table,,101,563.5,56910.0,506.26,Suet-2020; Heartwood-1420; Rough Animal Hide-210; Impure Iron Ore-1120; Flax Seeds-5050; Limestone-55; Sapwood-4555,"Fletching Table x101 (final)
        - Gather Rough Animal Hide x210
          - Gather Limestone x55
          - Gather Sapwood x55
        - External craft (skill_blacksmithing) via Basic Charcoal Kiln Lime x11 -> Lime x110 (105 req/5 extra)
        - External craft (skill_building) via Water Well Water x6 -> Water x120 (105 req/15 extra)
      - External craft (skill_leatherworking) via Simple Tanning Rack Inferior Leather x21 -> Inferior Leather x210 (202 req/8 extra)
    - External craft (skill_leatherworking) via Leatherworking Table Heavy Top Grain Leather x202 -> Heavy Top Grain Leather x202 (202 req/0 extra)
          - Gather Impure Iron Ore x1040
            - Gather Sapwood x4200
          - External craft (skill_building) via Basic Charcoal Kiln Charcoal x84 -> Charcoal x2100 (2080 req/20 extra)
        - External craft (skill_blacksmithing) via Basic Furnace Iron Ingot x26 -> Iron Ingot x520 (505 req/15 extra)
      - External craft (skill_blacksmithing) via Basic Forge Iron Bar x101 -> Iron Bar x202 (202 req/0 extra)
    - External craft (skill_blacksmithing) via Basic Forge Iron Knife Blade x101 -> Iron Knife Blade x101 (101 req/0 extra)
          - Gather Impure Iron Ore x80
            - Gather Sapwood x300
          - External craft (skill_building) via Basic Charcoal Kiln Charcoal x6 -> Charcoal x150 (140 req/10 extra)
        - External craft (skill_blacksmithing) via Basic Furnace Iron Ingot x2 -> Iron Ingot x40 (40 req/0 extra)
      - External craft (skill_blacksmithing) via Basic Forge Iron Bar x11 -> Iron Bar x22 (21 req/1 extra)
    - External craft (skill_blacksmithing) via Basic Forge Iron Nails x21 -> Iron Nails x1050 (1010 req/40 extra)
      - Gather Flax Seeds x5050
        - Gather Suet x2020
      - External craft (skill_cooking) via Basic Cooking Hearth Tallow x1010 -> Tallow x5050 (5050 req/0 extra)
    - External craft (skill_leatherworking) via Leatherworking Table Linseed Oil x505 -> Linseed Oil x505 (505 req/0 extra)
  - Craft via Basic Fletching Table Fletching Tools x101 -> Fletching Tools x101 (101 req/0 extra)
    - Gather Heartwood x810
  - External craft (skill_building) via Wood Chopping Block Fine Wood Beam x81 -> Fine Wood Beam x405 (404 req/1 extra)
    - Gather Heartwood x610
  - External craft (skill_building) via Wood Chopping Block Fine Wooden Plank x61 -> Fine Wooden Plank x610 (606 req/4 extra)
- Craft Fletching Table x101 (final)"
skill_fletching,19,20,,2,recipe_item_unlock_crafter_fletching_workbench_2,Fletching Tools,,197,287.3,56599.8,1222.06,Suet-3940; Rough Animal Hide-400; Impure Iron Ore-2200; Flax Seeds-9850; Limestone-100; Sapwood-8900,"Fletching Tools x197 (final)
      - Gather Rough Animal Hide x400
        - Gather Limestone x100
        - Gather Sapwood x100
      - External craft (skill_blacksmithing) via Basic Charcoal Kiln Lime x20 -> Lime x200 (200 req/0 extra)
      - External craft (skill_building) via Water Well Water x10 -> Water x200 (200 req/0 extra)
    - External craft (skill_leatherworking) via Simple Tanning Rack Inferior Leather x40 -> Inferior Leather x400 (394 req/6 extra)
  - External craft (skill_leatherworking) via Leatherworking Table Heavy Top Grain Leather x394 -> Heavy Top Grain Leather x394 (394 req/0 extra)
        - Gather Impure Iron Ore x2000
          - Gather Sapwood x8000
        - External craft (skill_building) via Basic Charcoal Kiln Charcoal x160 -> Charcoal x4000 (4000 req/0 extra)
      - External craft (skill_blacksmithing) via Basic Furnace Iron Ingot x50 -> Iron Ingot x1000 (985 req/15 extra)
    - External craft (skill_blacksmithing) via Basic Forge Iron Bar x197 -> Iron Bar x394 (394 req/0 extra)
  - External craft (skill_blacksmithing) via Basic Forge Iron Knife Blade x197 -> Iron Knife Blade x197 (197 req/0 extra)
        - Gather Impure Iron Ore x200
          - Gather Sapwood x800
        - External craft (skill_building) via Basic Charcoal Kiln Charcoal x16 -> Charcoal x400 (400 req/0 extra)
      - External craft (skill_blacksmithing) via Basic Furnace Iron Ingot x5 -> Iron Ingot x100 (85 req/15 extra)
    - External craft (skill_blacksmithing) via Basic Forge Iron Bar x20 -> Iron Bar x40 (40 req/0 extra)
  - External craft (skill_blacksmithing) via Basic Forge Iron Nails x40 -> Iron Nails x2000 (1970 req/30 extra)
    - Gather Flax Seeds x9850
      - Gather Suet x3940
    - External craft (skill_cooking) via Basic Cooking Hearth Tallow x1970 -> Tallow x9850 (9850 req/0 extra)
  - External craft (skill_leatherworking) via Leatherworking Table Linseed Oil x985 -> Linseed Oil x985 (985 req/0 extra)
- Craft Fletching Tools x197 (final)"
skill_fletching,19,20,,3,recipe_wieldable_bow_2h_0_t2_rare,Warded Longbow,,1410,40.0,56400.0,9432.31,Boar Sinew-7050; Rough Animal Hide-710; Sapwood-4230; Resin-9870; Token of the Whisper-1410; Furry Collarstone-16920,"Warded Longbow x1410 (final)
  - Gather Furry Collarstone x16920
  - Gather Token of the Whisper x1410
      - Gather Sapwood x4230
    - External craft (skill_building) via Wood Chopping Block Long Wood Stock x846 -> Long Wood Stock x4230 (4230 req/0 extra)
    - Gather Resin x9870
    - External craft (skill_cooking) via Basic Beehive Beeswax x2820 -> Beeswax x14100 (14100 req/0 extra)
  - Craft via Basic Fletching Table Rough Bow Stave x1410 -> Rough Bow Stave x1410 (1410 req/0 extra)
  - Gather Boar Sinew x7050
        - Gather Rough Animal Hide x710
      - External craft (skill_leatherworking) via Simple Tanning Rack Rawhide x71 -> Rawhide x710 (705 req/5 extra)
    - External craft (skill_leatherworking) via Simple Leatherworking Table Nubuck Leather x705 -> Nubuck Leather x705 (705 req/0 extra)
  - External craft (skill_leatherworking) via Simple Leatherworking Table Coarse Leather Band x705 -> Coarse Leather Band x14100 (14100 req/0 extra)
- Craft Warded Longbow x1410 (final)"
skill_charcuterie,20,21,,1,recipe_rough-cut_bear,Poorly Parted Bear,,248,270.9,67182.8,31.62,Bear Carcass-248,"Poorly Parted Bear x248 (final)
  - Gather Bear Carcass x248
- Craft Poorly Parted Bear x248 (final)"
skill_charcuterie,20,21,,2,recipe_crafter_charcuterie_workbench_2,Butcher's Workbench,,126,533.9,67275.4,631.58,Heartwood-1900; Impure Iron Ore-3800; Flax Fiber-6120; Sapwood-15580,"Butcher's Workbench x126 (final)
        - Gather Flax Fiber x6120
      - External craft (skill_tailoring) via Spinning Wheel Linen String x204 -> Linen String x2040 (2040 req/0 extra)
    - External craft (skill_tailoring) via Simple Loom Linen Cloth x51 -> Linen Cloth x255 (252 req/3 extra)
          - Gather Impure Iron Ore x3800
            - Gather Sapwood x15200
          - External craft (skill_building) via Basic Charcoal Kiln Charcoal x304 -> Charcoal x7600 (7600 req/0 extra)
        - External craft (skill_blacksmithing) via Basic Furnace Iron Ingot x95 -> Iron Ingot x1900 (1890 req/10 extra)
      - External craft (skill_blacksmithing) via Basic Forge Iron Bar x378 -> Iron Bar x756 (756 req/0 extra)
    - External craft (skill_blacksmithing) via Basic Forge Iron Knife Blade x378 -> Iron Knife Blade x378 (378 req/0 extra)
      - Gather Sapwood x380
    - External craft (skill_building) via Wood Chopping Block Long Wood Stock x76 -> Long Wood Stock x380 (378 req/2 extra)
      - Gather Heartwood x130
    - External craft (skill_building) via Wood Chopping Block Fine Wooden Plank x13 -> Fine Wooden Plank x130 (126 req/4 extra)
  - Craft via Basic Butcher's Workbench Butcher's Tools x126 -> Butcher's Tools x126 (126 req/0 extra)
    - Gather Heartwood x1010
  - External craft (skill_building) via Wood Chopping Block Fine Wood Beam x101 -> Fine Wood Beam x505 (504 req/1 extra)
    - Gather Heartwood x760
  - External craft (skill_building) via Wood Chopping Block Fine Wooden Plank x76 -> Fine Wooden Plank x760 (752 req/8 extra)
- Craft Butcher's Workbench x126 (final)"
skill_charcuterie,20,21,,3,recipe_item_unlock_crafter_charcuterie_workbench_2,Butcher's Tools,,246,272.6,67055.2,635.91,Heartwood-250; Impure Iron Ore-7400; Flax Fiber-11880; Sapwood-30340,"Butcher's Tools x246 (final)
      - Gather Flax Fiber x11880
    - External craft (skill_tailoring) via Spinning Wheel Linen String x396 -> Linen String x3960 (3960 req/0 extra)
  - External craft (skill_tailoring) via Simple Loom Linen Cloth x99 -> Linen Cloth x495 (492 req/3 extra)
        - Gather Impure Iron Ore x7400
          - Gather Sapwood x29600
        - External craft (skill_building) via Basic Charcoal Kiln Charcoal x592 -> Charcoal x14800 (14800 req/0 extra)
      - External craft (skill_blacksmithing) via Basic Furnace Iron Ingot x185 -> Iron Ingot x3700 (3690 req/10 extra)
    - External craft (skill_blacksmithing) via Basic Forge Iron Bar x738 -> Iron Bar x1476 (1476 req/0 extra)
  - External craft (skill_blacksmithing) via Basic Forge Iron Knife Blade x738 -> Iron Knife Blade x738 (738 req/0 extra)
    - Gather Sapwood x740
  - External craft (skill_building) via Wood Chopping Block Long Wood Stock x148 -> Long Wood Stock x740 (738 req/2 extra)
    - Gather Heartwood x250
  - External craft (skill_building) via Wood Chopping Block Fine Wooden Plank x25 -> Fine Wooden Plank x250 (246 req/4 extra)
- Craft Butcher's Tools x246 (final)"
skill_tailoring,21,22,,1,recipe_wearable_cloth_chest_rp_dress_01_somber,Shadow Court Gown,,190,416.5,68640.8,508.88,Wool Fiber-760; Bone Fragments-38; Silver Ore-80; Cotton Fiber-6080; Flax Fiber-9120; Sapwood-1600,"Shadow Court Gown x190 (final)
      - Gather Flax Fiber x9120
    - Craft via Spinning Wheel Linen String x304 -> Linen String x3040 (3040 req/0 extra)
  - Craft via Simple Loom Linen Cloth x76 -> Linen Cloth x380 (380 req/0 extra)
    - Gather Wool Fiber x760
  - Craft via Spinning Wheel Wool Yarn x38 -> Wool Yarn x380 (380 req/0 extra)
    - Gather Bone Fragments x38
  - Craft via Simple Tailoring Table Sewing Needles x19 -> Sewing Needles x190 (190 req/0 extra)
      - Gather Silver Ore x80
        - Gather Sapwood x1600
      - External craft (skill_building) via Basic Charcoal Kiln Charcoal x32 -> Charcoal x800 (800 req/0 extra)
    - External craft (skill_blacksmithing) via Furnace Silver Ingot x16 -> Silver Ingot x80 (76 req/4 extra)
      - Gather Cotton Fiber x6080
    - Craft via Spinning Wheel Cotton Cord x152 -> Cotton Cord x1520 (1520 req/0 extra)
  - Craft via Simple Tailoring Table Silver Thread x76 -> Silver Thread x760 (760 req/0 extra)
- Craft Shadow Court Gown x190 (final)"
skill_tailoring,21,22,,2,recipe_wearable_cloth_chest_rp_tunic_02_somber,Duskleaf Tunic,,190,416.5,68640.8,508.88,Wool Fiber-760; Bone Fragments-38; Silver Ore-80; Cotton Fiber-6080; Flax Fiber-9120; Sapwood-1600,"Duskleaf Tunic x190 (final)
      - Gather Flax Fiber x9120
    - Craft via Spinning Wheel Linen String x304 -> Linen String x3040 (3040 req/0 extra)
  - Craft via Simple Loom Linen Cloth x76 -> Linen Cloth x380 (380 req/0 extra)
    - Gather Wool Fiber x760
  - Craft via Spinning Wheel Wool Yarn x38 -> Wool Yarn x380 (380 req/0 extra)
    - Gather Bone Fragments x38
  - Craft via Simple Tailoring Table Sewing Needles x19 -> Sewing Needles x190 (190 req/0 extra)
      - Gather Silver Ore x80
        - Gather Sapwood x1600
      - External craft (skill_building) via Basic Charcoal Kiln Charcoal x32 -> Charcoal x800 (800 req/0 extra)
    - External craft (skill_blacksmithing) via Furnace Silver Ingot x16 -> Silver Ingot x80 (76 req/4 extra)
      - Gather Cotton Fiber x6080
    - Craft via Spinning Wheel Cotton Cord x152 -> Cotton Cord x1520 (1520 req/0 extra)
  - Craft via Simple Tailoring Table Silver Thread x76 -> Silver Thread x760 (760 req/0 extra)
- Craft Duskleaf Tunic x190 (final)"
skill_tailoring,21,22,,3,recipe_wearable_cloth_head_rp_hat_06_somber,Silverleaf Bourrelet,,243,324.5,78845.5,465.83,Wool Fiber-980; Bone Fragments-50; Opal-972; Flax Fiber-11760,"Silverleaf Bourrelet x243 (final)
      - Gather Flax Fiber x11760
    - Craft via Spinning Wheel Linen String x392 -> Linen String x3920 (3920 req/0 extra)
  - Craft via Simple Loom Linen Cloth x98 -> Linen Cloth x490 (486 req/4 extra)
    - Gather Wool Fiber x980
  - Craft via Spinning Wheel Wool Yarn x49 -> Wool Yarn x490 (486 req/4 extra)
    - Gather Bone Fragments x50
  - Craft via Simple Tailoring Table Sewing Needles x25 -> Sewing Needles x250 (243 req/7 extra)
  - Gather Opal x972
- Craft Silverleaf Bourrelet x243 (final)"
skill_leatherworking,23,24,,1,recipe_wearable_leather_arms_pilgrim_0_t4_common,Pilgrim's Bracers IV,,77,1420.6,107256.9,277.84,Antler-77; Animal Hoof-1010; Suet-616; Rough Animal Hide-920; Copper Ore-80; Tin Ore-80; Cotton Fiber-6200; Flax Seeds-1540; Limestone-390; Sapwood-790,"Pilgrim's Bracers IV x77 (final)
          - Gather Rough Animal Hide x720
            - Gather Limestone x180
            - Gather Sapwood x180
          - External craft (skill_blacksmithing) via Basic Charcoal Kiln Lime x36 -> Lime x360 (360 req/0 extra)
          - External craft (skill_building) via Water Well Water x18 -> Water x360 (360 req/0 extra)
        - Craft via Simple Tanning Rack Inferior Leather x72 -> Inferior Leather x720 (720 req/0 extra)
          - Gather Limestone x120
          - Gather Sapwood x120
        - External craft (skill_blacksmithing) via Basic Charcoal Kiln Lime x24 -> Lime x240 (240 req/0 extra)
        - External craft (skill_building) via Water Well Water x12 -> Water x240 (240 req/0 extra)
      - Craft via Tanning Rack Boiled Leather x48 -> Boiled Leather x240 (240 req/0 extra)
        - Gather Limestone x40
        - Gather Sapwood x40
      - External craft (skill_blacksmithing) via Basic Charcoal Kiln Lime x8 -> Lime x80 (80 req/0 extra)
      - External craft (skill_building) via Water Well Water x4 -> Water x80 (80 req/0 extra)
    - Craft via Tanning Rack Fine Leather x16 -> Fine Leather x160 (154 req/6 extra)
  - Craft via Leatherworking Table Medium Top Grain Leather x154 -> Medium Top Grain Leather x154 (154 req/0 extra)
        - Gather Rough Animal Hide x40
          - Gather Limestone x10
          - Gather Sapwood x10
        - External craft (skill_blacksmithing) via Basic Charcoal Kiln Lime x2 -> Lime x20 (20 req/0 extra)
        - External craft (skill_building) via Water Well Water x1 -> Water x20 (20 req/0 extra)
      - Craft via Simple Tanning Rack Inferior Leather x4 -> Inferior Leather x40 (39 req/1 extra)
    - Craft via Leatherworking Table Heavy Top Grain Leather x39 -> Heavy Top Grain Leather x39 (39 req/0 extra)
      - Gather Animal Hoof x390
      - External craft (skill_building) via Water Well Water x4 -> Water x80 (78 req/2 extra)
    - Craft via Simple Leatherworking Table Glue x39 -> Glue x195 (195 req/0 extra)
  - Craft via Leatherworking Table Leather Pads x39 -> Leather Pads x78 (77 req/1 extra)
        - Gather Rough Animal Hide x160
          - Gather Limestone x40
          - Gather Sapwood x40
        - External craft (skill_blacksmithing) via Basic Charcoal Kiln Lime x8 -> Lime x80 (80 req/0 extra)
        - External craft (skill_building) via Water Well Water x4 -> Water x80 (78 req/2 extra)
      - Craft via Simple Tanning Rack Inferior Leather x16 -> Inferior Leather x160 (153 req/7 extra)
    - Craft via Leatherworking Table Heavy Top Grain Leather x154 -> Heavy Top Grain Leather x154 (154 req/0 extra)
          - Gather Tin Ore x80
          - Gather Copper Ore x80
          - Gather Sapwood x400
        - External craft (skill_blacksmithing) via Basic Furnace Bronze Ingot x4 -> Bronze Ingot x80 (70 req/10 extra)
      - External craft (skill_blacksmithing) via Basic Forge Bronze Sheet x35 -> Bronze Sheet x35 (35 req/0 extra)
    - External craft (skill_blacksmithing) via Basic Forge Bronze Buckle x7 -> Bronze Buckle x175 (154 req/21 extra)
      - Gather Animal Hoof x620
      - External craft (skill_building) via Water Well Water x7 -> Water x140 (122 req/18 extra)
    - Craft via Simple Leatherworking Table Glue x62 -> Glue x310 (308 req/2 extra)
  - Craft via Leatherworking Table Leather Straps x154 -> Leather Straps x154 (154 req/0 extra)
        - Gather Cotton Fiber x3120
      - External craft (skill_tailoring) via Spinning Wheel Cotton Cord x78 -> Cotton Cord x780 (775 req/5 extra)
    - External craft (skill_tailoring) via Simple Loom Coarse Cotton Cloth x31 -> Coarse Cotton Cloth x155 (154 req/1 extra)
      - Gather Cotton Fiber x3080
    - External craft (skill_tailoring) via Spinning Wheel Cotton Cord x77 -> Cotton Cord x770 (765 req/5 extra)
      - Gather Antler x77
    - External craft (skill_tailoring) via Tailoring Table Horn Needles x77 -> Horn Needles x385 (385 req/0 extra)
  - External craft (skill_tailoring) via Tailoring Table Cotton Wadding x77 -> Cotton Wadding x77 (77 req/0 extra)
    - Gather Flax Seeds x1540
      - Gather Suet x616
    - External craft (skill_cooking) via Basic Cooking Hearth Tallow x308 -> Tallow x1540 (1540 req/0 extra)
  - Craft via Leatherworking Table Linseed Oil x154 -> Linseed Oil x154 (154 req/0 extra)
- Craft Pilgrim's Bracers IV x77 (final)"
skill_leatherworking,23,24,,2,recipe_wearable_leather_arms_pilgrim_0_t3_common,Pilgrim's Bracers III,,101,1084.3,106716.9,285.07,Animal Hoof-1320; Suet-404; Bone Fragments-102; Rough Animal Hide-870; Copper Ore-100; Tin Ore-100; Flax Fiber-11250; Flax Seeds-1010; Limestone-320; Sapwood-820,"Pilgrim's Bracers III x101 (final)
      - Gather Rough Animal Hide x620
        - Gather Limestone x155
        - Gather Sapwood x155
      - External craft (skill_blacksmithing) via Basic Charcoal Kiln Lime x31 -> Lime x310 (310 req/0 extra)
      - External craft (skill_building) via Water Well Water x16 -> Water x320 (310 req/10 extra)
    - Craft via Simple Tanning Rack Inferior Leather x62 -> Inferior Leather x620 (615 req/5 extra)
      - Gather Limestone x105
      - Gather Sapwood x105
    - External craft (skill_blacksmithing) via Basic Charcoal Kiln Lime x21 -> Lime x210 (205 req/5 extra)
    - External craft (skill_building) via Water Well Water x10 -> Water x200 (195 req/5 extra)
  - Craft via Tanning Rack Boiled Leather x41 -> Boiled Leather x205 (202 req/3 extra)
        - Gather Rough Animal Hide x200
          - Gather Limestone x50
          - Gather Sapwood x50
        - External craft (skill_blacksmithing) via Basic Charcoal Kiln Lime x10 -> Lime x100 (95 req/5 extra)
        - External craft (skill_building) via Water Well Water x5 -> Water x100 (95 req/5 extra)
      - Craft via Simple Tanning Rack Inferior Leather x20 -> Inferior Leather x200 (197 req/3 extra)
    - Craft via Leatherworking Table Heavy Top Grain Leather x202 -> Heavy Top Grain Leather x202 (202 req/0 extra)
          - Gather Tin Ore x100
          - Gather Copper Ore x100
          - Gather Sapwood x500
        - External craft (skill_blacksmithing) via Basic Furnace Bronze Ingot x5 -> Bronze Ingot x100 (90 req/10 extra)
      - External craft (skill_blacksmithing) via Basic Forge Bronze Sheet x45 -> Bronze Sheet x45 (45 req/0 extra)
    - External craft (skill_blacksmithing) via Basic Forge Bronze Buckle x9 -> Bronze Buckle x225 (202 req/23 extra)
      - Gather Animal Hoof x810
      - External craft (skill_building) via Water Well Water x8 -> Water x160 (157 req/3 extra)
    - Craft via Simple Leatherworking Table Glue x81 -> Glue x405 (404 req/1 extra)
  - Craft via Leatherworking Table Leather Straps x202 -> Leather Straps x202 (202 req/0 extra)
        - Gather Rough Animal Hide x50
          - Gather Limestone x10
          - Gather Sapwood x10
        - External craft (skill_blacksmithing) via Basic Charcoal Kiln Lime x2 -> Lime x20 (20 req/0 extra)
        - External craft (skill_building) via Water Well Water x2 -> Water x40 (22 req/18 extra)
      - Craft via Simple Tanning Rack Inferior Leather x5 -> Inferior Leather x50 (48 req/2 extra)
    - Craft via Leatherworking Table Heavy Top Grain Leather x51 -> Heavy Top Grain Leather x51 (51 req/0 extra)
      - Gather Animal Hoof x510
      - External craft (skill_building) via Water Well Water x5 -> Water x100 (84 req/16 extra)
    - Craft via Simple Leatherworking Table Glue x51 -> Glue x255 (254 req/1 extra)
  - Craft via Leatherworking Table Leather Pads x51 -> Leather Pads x102 (101 req/1 extra)
        - Gather Flax Fiber x9720
      - External craft (skill_tailoring) via Spinning Wheel Linen String x324 -> Linen String x3240 (3240 req/0 extra)
    - External craft (skill_tailoring) via Simple Loom Linen Cloth x81 -> Linen Cloth x405 (404 req/1 extra)
      - Gather Flax Fiber x1530
    - External craft (skill_tailoring) via Spinning Wheel Linen String x51 -> Linen String x510 (505 req/5 extra)
      - Gather Bone Fragments x102
    - External craft (skill_tailoring) via Simple Tailoring Table Sewing Needles x51 -> Sewing Needles x510 (505 req/5 extra)
  - External craft (skill_tailoring) via Simple Tailoring Table Stuffed Linen Padding x101 -> Stuffed Linen Padding x101 (101 req/0 extra)
    - Gather Flax Seeds x1010
      - Gather Suet x404
    - External craft (skill_cooking) via Basic Cooking Hearth Tallow x202 -> Tallow x1010 (1010 req/0 extra)
  - Craft via Leatherworking Table Linseed Oil x101 -> Linseed Oil x101 (101 req/0 extra)
- Craft Pilgrim's Bracers III x101 (final)"
skill_leatherworking,23,24,,3,recipe_item_material_leather_string,Leather String,,242,451.8,109325.6,144.64,Boar Sinew-242; Rough Animal Hide-1130; Limestone-535; Sapwood-535,"Leather String x242 (final)
          - Gather Rough Animal Hide x1130
            - Gather Limestone x285
            - Gather Sapwood x285
          - External craft (skill_blacksmithing) via Basic Charcoal Kiln Lime x57 -> Lime x570 (565 req/5 extra)
          - External craft (skill_building) via Water Well Water x29 -> Water x580 (565 req/15 extra)
        - Craft via Simple Tanning Rack Inferior Leather x113 -> Inferior Leather x1130 (1125 req/5 extra)
          - Gather Limestone x185
          - Gather Sapwood x185
        - External craft (skill_blacksmithing) via Basic Charcoal Kiln Lime x37 -> Lime x370 (370 req/0 extra)
        - External craft (skill_building) via Water Well Water x18 -> Water x360 (360 req/0 extra)
      - Craft via Tanning Rack Boiled Leather x75 -> Boiled Leather x375 (375 req/0 extra)
        - Gather Limestone x65
        - Gather Sapwood x65
      - External craft (skill_blacksmithing) via Basic Charcoal Kiln Lime x13 -> Lime x130 (125 req/5 extra)
      - External craft (skill_building) via Water Well Water x7 -> Water x140 (125 req/15 extra)
    - Craft via Tanning Rack Fine Leather x25 -> Fine Leather x250 (242 req/8 extra)
  - Craft via Leatherworking Table Medium Top Grain Leather x242 -> Medium Top Grain Leather x242 (242 req/0 extra)
  - Gather Boar Sinew x242
- Craft Leather String x242 (final)"
skill_building,25,26,,1,recipe_building_prop_door_double_painted,Elegant Wooden Double Door,,22,768.7,16639.5,11.55,Heartwood-710; Impure Iron Ore-800; Sapwood-4000,"Elegant Wooden Double Door x22 (final)
      - Gather Heartwood x710
    - Craft via Wood Chopping Block Fine Wooden Plank x71 -> Fine Wooden Plank x710 (704 req/6 extra)
            - Gather Impure Iron Ore x200
              - Gather Sapwood x800
            - Craft via Basic Charcoal Kiln Charcoal x16 -> Charcoal x400 (400 req/0 extra)
          - External craft (skill_blacksmithing) via Basic Furnace Iron Ingot x5 -> Iron Ingot x100 (90 req/10 extra)
            - Gather Sapwood x250
          - Craft via Basic Charcoal Kiln Charcoal x5 -> Charcoal x125 (120 req/5 extra)
        - External craft (skill_blacksmithing) via Basic Furnace Wrought Iron Ingot x3 -> Wrought Iron Ingot x60 (55 req/5 extra)
      - External craft (skill_blacksmithing) via Basic Forge Wrought Iron Bar x11 -> Wrought Iron Bar x22 (22 req/0 extra)
    - External craft (skill_blacksmithing) via Forge Wrought Iron Nails x22 -> Wrought Iron Nails x1100 (1056 req/44 extra)
            - Gather Impure Iron Ore x400
              - Gather Sapwood x1600
            - Craft via Basic Charcoal Kiln Charcoal x32 -> Charcoal x800 (795 req/5 extra)
          - External craft (skill_blacksmithing) via Basic Furnace Iron Ingot x10 -> Iron Ingot x200 (200 req/0 extra)
            - Gather Sapwood x550
          - Craft via Basic Charcoal Kiln Charcoal x11 -> Charcoal x275 (275 req/0 extra)
        - External craft (skill_blacksmithing) via Basic Furnace Wrought Iron Ingot x7 -> Wrought Iron Ingot x140 (139 req/1 extra)
      - External craft (skill_blacksmithing) via Forge Wrought Iron Sheet x72 -> Wrought Iron Sheet x72 (72 req/0 extra)
            - Gather Impure Iron Ore x200
              - Gather Sapwood x800
            - Craft via Basic Charcoal Kiln Charcoal x16 -> Charcoal x400 (400 req/0 extra)
          - External craft (skill_blacksmithing) via Basic Furnace Iron Ingot x5 -> Iron Ingot x100 (90 req/10 extra)
        - External craft (skill_blacksmithing) via Basic Forge Iron Bar x18 -> Iron Bar x36 (36 req/0 extra)
      - External craft (skill_blacksmithing) via Basic Forge Iron Nails x36 -> Iron Nails x1800 (1800 req/0 extra)
    - External craft (skill_blacksmithing) via Forge Wrought Iron Hinges x36 -> Wrought Iron Hinges x180 (176 req/4 extra)
  - Craft via Carpenter Workbench Elegant Wooden Door x44 -> item_prop_door_wooden_painted x44 (44 req/0 extra)
- Craft Elegant Wooden Double Door x22 (final)"
skill_building,25,26,,2,recipe_building_prop_door_wooden_painted,Elegant Wooden Door,,43,384.4,16255.2,11.29,Heartwood-690; Impure Iron Ore-800; Sapwood-4000,"Elegant Wooden Door x43 (final)
      - Gather Heartwood x690
    - Craft via Wood Chopping Block Fine Wooden Plank x69 -> Fine Wooden Plank x690 (688 req/2 extra)
            - Gather Impure Iron Ore x200
              - Gather Sapwood x800
            - Craft via Basic Charcoal Kiln Charcoal x16 -> Charcoal x400 (400 req/0 extra)
          - External craft (skill_blacksmithing) via Basic Furnace Iron Ingot x5 -> Iron Ingot x100 (90 req/10 extra)
            - Gather Sapwood x250
          - Craft via Basic Charcoal Kiln Charcoal x5 -> Charcoal x125 (120 req/5 extra)
        - External craft (skill_blacksmithing) via Basic Furnace Wrought Iron Ingot x3 -> Wrought Iron Ingot x60 (55 req/5 extra)
      - External craft (skill_blacksmithing) via Basic Forge Wrought Iron Bar x11 -> Wrought Iron Bar x22 (21 req/1 extra)
    - External craft (skill_blacksmithing) via Forge Wrought Iron Nails x21 -> Wrought Iron Nails x1050 (1032 req/18 extra)
            - Gather Impure Iron Ore x400
              - Gather Sapwood x1600
            - Craft via Basic Charcoal Kiln Charcoal x32 -> Charcoal x800 (795 req/5 extra)
          - External craft (skill_blacksmithing) via Basic Furnace Iron Ingot x10 -> Iron Ingot x200 (200 req/0 extra)
            - Gather Sapwood x550
          - Craft via Basic Charcoal Kiln Charcoal x11 -> Charcoal x275 (275 req/0 extra)
        - External craft (skill_blacksmithing) via Basic Furnace Wrought Iron Ingot x7 -> Wrought Iron Ingot x140 (135 req/5 extra)
      - External craft (skill_blacksmithing) via Forge Wrought Iron Sheet x70 -> Wrought Iron Sheet x70 (70 req/0 extra)
            - Gather Impure Iron Ore x200
              - Gather Sapwood x800
            - Craft via Basic Charcoal Kiln Charcoal x16 -> Charcoal x400 (400 req/0 extra)
          - External craft (skill_blacksmithing) via Basic Furnace Iron Ingot x5 -> Iron Ingot x100 (90 req/10 extra)
        - External craft (skill_blacksmithing) via Basic Forge Iron Bar x18 -> Iron Bar x36 (35 req/1 extra)
      - External craft (skill_blacksmithing) via Basic Forge Iron Nails x35 -> Iron Nails x1750 (1750 req/0 extra)
    - External craft (skill_blacksmithing) via Forge Wrought Iron Hinges x35 -> Wrought Iron Hinges x175 (172 req/3 extra)
  - Craft via Carpenter Workbench Elegant Wooden Door x43 -> item_prop_door_wooden_painted x43 (43 req/0 extra)
- Craft Elegant Wooden Door x43 (final)"
skill_building,25,26,,3,recipe_building_prop_door_wooden_painted_left,Elegant Wooden Door,,43,384.4,16255.2,11.29,Heartwood-690; Impure Iron Ore-800; Sapwood-4000,"Elegant Wooden Door x43 (final)
      - Gather Heartwood x690
    - Craft via Wood Chopping Block Fine Wooden Plank x69 -> Fine Wooden Plank x690 (688 req/2 extra)
            - Gather Impure Iron Ore x200
              - Gather Sapwood x800
            - Craft via Basic Charcoal Kiln Charcoal x16 -> Charcoal x400 (400 req/0 extra)
          - External craft (skill_blacksmithing) via Basic Furnace Iron Ingot x5 -> Iron Ingot x100 (90 req/10 extra)
            - Gather Sapwood x250
          - Craft via Basic Charcoal Kiln Charcoal x5 -> Charcoal x125 (120 req/5 extra)
        - External craft (skill_blacksmithing) via Basic Furnace Wrought Iron Ingot x3 -> Wrought Iron Ingot x60 (55 req/5 extra)
      - External craft (skill_blacksmithing) via Basic Forge Wrought Iron Bar x11 -> Wrought Iron Bar x22 (21 req/1 extra)
    - External craft (skill_blacksmithing) via Forge Wrought Iron Nails x21 -> Wrought Iron Nails x1050 (1032 req/18 extra)
            - Gather Impure Iron Ore x400
              - Gather Sapwood x1600
            - Craft via Basic Charcoal Kiln Charcoal x32 -> Charcoal x800 (795 req/5 extra)
          - External craft (skill_blacksmithing) via Basic Furnace Iron Ingot x10 -> Iron Ingot x200 (200 req/0 extra)
            - Gather Sapwood x550
          - Craft via Basic Charcoal Kiln Charcoal x11 -> Charcoal x275 (275 req/0 extra)
        - External craft (skill_blacksmithing) via Basic Furnace Wrought Iron Ingot x7 -> Wrought Iron Ingot x140 (135 req/5 extra)
      - External craft (skill_blacksmithing) via Forge Wrought Iron Sheet x70 -> Wrought Iron Sheet x70 (70 req/0 extra)
            - Gather Impure Iron Ore x200
              - Gather Sapwood x800
            - Craft via Basic Charcoal Kiln Charcoal x16 -> Charcoal x400 (400 req/0 extra)
          - External craft (skill_blacksmithing) via Basic Furnace Iron Ingot x5 -> Iron Ingot x100 (90 req/10 extra)
        - External craft (skill_blacksmithing) via Basic Forge Iron Bar x18 -> Iron Bar x36 (35 req/1 extra)
      - External craft (skill_blacksmithing) via Basic Forge Iron Nails x35 -> Iron Nails x1750 (1750 req/0 extra)
    - External craft (skill_blacksmithing) via Forge Wrought Iron Hinges x35 -> Wrought Iron Hinges x175 (172 req/3 extra)
  - Craft via Carpenter Workbench Elegant Wooden Door x43 -> item_prop_door_wooden_painted x43 (43 req/0 extra)
- Craft Elegant Wooden Door x43 (final)"
skill_armor_smithing,15,16,,1,recipe_crafter_blacksmith_armor_workbench_2,Armorer Workbench,,62,447.4,27737.3,310.78,Heartwood-880; Rough Animal Hide-130; Copper Ore-620; Impure Iron Ore-2480; Tin Ore-620; Limestone-35; Sapwood-15535,"Armorer Workbench x62 (final)
          - Gather Impure Iron Ore x1880
            - Gather Sapwood x7550
          - External craft (skill_building) via Basic Charcoal Kiln Charcoal x151 -> Charcoal x3775 (3760 req/15 extra)
        - External craft (skill_blacksmithing) via Basic Furnace Iron Ingot x47 -> Iron Ingot x940 (930 req/10 extra)
          - Gather Sapwood x2450
        - External craft (skill_building) via Basic Charcoal Kiln Charcoal x49 -> Charcoal x1225 (1225 req/0 extra)
      - External craft (skill_blacksmithing) via Basic Furnace Wrought Iron Ingot x31 -> Wrought Iron Ingot x620 (620 req/0 extra)
    - External craft (skill_blacksmithing) via Forge Wrought Iron Sheet x310 -> Wrought Iron Sheet x310 (310 req/0 extra)
        - Gather Rough Animal Hide x130
          - Gather Limestone x35
          - Gather Sapwood x35
        - External craft (skill_blacksmithing) via Basic Charcoal Kiln Lime x7 -> Lime x70 (65 req/5 extra)
        - External craft (skill_building) via Water Well Water x4 -> Water x80 (65 req/15 extra)
      - External craft (skill_leatherworking) via Simple Tanning Rack Inferior Leather x13 -> Inferior Leather x130 (124 req/6 extra)
    - External craft (skill_leatherworking) via Leatherworking Table Heavy Top Grain Leather x124 -> Heavy Top Grain Leather x124 (124 req/0 extra)
          - Gather Impure Iron Ore x600
            - Gather Sapwood x2400
          - External craft (skill_building) via Basic Charcoal Kiln Charcoal x48 -> Charcoal x1200 (1200 req/0 extra)
        - External craft (skill_blacksmithing) via Basic Furnace Iron Ingot x15 -> Iron Ingot x300 (300 req/0 extra)
      - External craft (skill_blacksmithing) via Basic Forge Iron Bar x62 -> Iron Bar x124 (124 req/0 extra)
    - External craft (skill_blacksmithing) via Basic Forge Iron Nails x124 -> Iron Nails x6200 (6200 req/0 extra)
        - Gather Tin Ore x620
        - Gather Copper Ore x620
        - Gather Sapwood x3100
      - External craft (skill_blacksmithing) via Basic Furnace Bronze Ingot x31 -> Bronze Ingot x620 (620 req/0 extra)
    - External craft (skill_blacksmithing) via Basic Forge Bronze Sheet x310 -> Bronze Sheet x310 (310 req/0 extra)
  - Craft via Basic Armorer Workbench Armorer Tools x62 -> Armorer Tools x62 (62 req/0 extra)
    - Gather Heartwood x500
  - External craft (skill_building) via Wood Chopping Block Fine Wood Beam x50 -> Fine Wood Beam x250 (248 req/2 extra)
    - Gather Heartwood x380
  - External craft (skill_building) via Wood Chopping Block Fine Wooden Plank x38 -> Fine Wooden Plank x380 (372 req/8 extra)
- Craft Armorer Workbench x62 (final)"
skill_armor_smithing,15,16,,2,recipe_wearable_metal_feet_pilgrim_boj2_t2_rare,Pilgrim's Sabatons II,,39,706.4,27547.8,573.26,Rough Animal Hide-10; Copper Ore-40; Impure Iron Ore-1600; Tin Ore-40; Cobra Lily-390; Sapwood-6600; Worn Out Sigil-468; Seal of the Lost Abbot-39,"Pilgrim's Sabatons II x39 (final)
  - Gather Worn Out Sigil x468
  - Gather Seal of the Lost Abbot x39
  - Gather Cobra Lily x390
      - Gather Impure Iron Ore x1560
        - Gather Sapwood x6250
      - External craft (skill_building) via Basic Charcoal Kiln Charcoal x125 -> Charcoal x3125 (3120 req/5 extra)
    - External craft (skill_blacksmithing) via Basic Furnace Iron Ingot x39 -> Iron Ingot x780 (780 req/0 extra)
  - External craft (skill_blacksmithing) via Basic Forge Iron Sheet x390 -> Iron Sheet x390 (390 req/0 extra)
        - Gather Rough Animal Hide x10
      - External craft (skill_leatherworking) via Simple Tanning Rack Rawhide x1 -> Rawhide x10 (4 req/6 extra)
    - External craft (skill_leatherworking) via Simple Leatherworking Table Nubuck Leather x4 -> Nubuck Leather x4 (4 req/0 extra)
  - External craft (skill_leatherworking) via Simple Leatherworking Table Coarse Leather Band x4 -> Coarse Leather Band x80 (78 req/2 extra)
        - Gather Tin Ore x40
        - Gather Copper Ore x40
        - Gather Sapwood x200
      - External craft (skill_blacksmithing) via Basic Furnace Bronze Ingot x2 -> Bronze Ingot x40 (40 req/0 extra)
    - External craft (skill_blacksmithing) via Basic Forge Bronze Sheet x20 -> Bronze Sheet x20 (20 req/0 extra)
  - External craft (skill_blacksmithing) via Basic Forge Bronze Buckle x4 -> Bronze Buckle x100 (78 req/22 extra)
        - Gather Impure Iron Ore x40
          - Gather Sapwood x150
        - External craft (skill_building) via Basic Charcoal Kiln Charcoal x3 -> Charcoal x75 (75 req/0 extra)
      - External craft (skill_blacksmithing) via Basic Furnace Iron Ingot x1 -> Iron Ingot x20 (10 req/10 extra)
    - External craft (skill_blacksmithing) via Basic Forge Iron Bar x2 -> Iron Bar x4 (4 req/0 extra)
  - External craft (skill_blacksmithing) via Basic Forge Iron Studs x4 -> Iron Studs x800 (780 req/20 extra)
- Craft Pilgrim's Sabatons II x39 (final)"
skill_armor_smithing,15,16,,3,recipe_wearable_metal_feet_warrior_ss_t2_rare,Warrior's Sabatons of Swift March II,,43,644.0,27692.5,632.06,Rough Animal Hide-10; Copper Ore-40; Impure Iron Ore-1760; Tin Ore-40; Cobra Lily-430; Sapwood-7250; Furry Collarstone-516; Icon of the Choir-43,"Warrior's Sabatons of Swift March II x43 (final)
  - Gather Furry Collarstone x516
  - Gather Icon of the Choir x43
  - Gather Cobra Lily x430
      - Gather Impure Iron Ore x1720
        - Gather Sapwood x6900
      - External craft (skill_building) via Basic Charcoal Kiln Charcoal x138 -> Charcoal x3450 (3440 req/10 extra)
    - External craft (skill_blacksmithing) via Basic Furnace Iron Ingot x43 -> Iron Ingot x860 (860 req/0 extra)
  - External craft (skill_blacksmithing) via Basic Forge Iron Sheet x430 -> Iron Sheet x430 (430 req/0 extra)
        - Gather Rough Animal Hide x10
      - External craft (skill_leatherworking) via Simple Tanning Rack Rawhide x1 -> Rawhide x10 (5 req/5 extra)
    - External craft (skill_leatherworking) via Simple Leatherworking Table Nubuck Leather x5 -> Nubuck Leather x5 (5 req/0 extra)
  - External craft (skill_leatherworking) via Simple Leatherworking Table Coarse Leather Band x5 -> Coarse Leather Band x100 (86 req/14 extra)
        - Gather Tin Ore x40
        - Gather Copper Ore x40
        - Gather Sapwood x200
      - External craft (skill_blacksmithing) via Basic Furnace Bronze Ingot x2 -> Bronze Ingot x40 (40 req/0 extra)
    - External craft (skill_blacksmithing) via Basic Forge Bronze Sheet x20 -> Bronze Sheet x20 (20 req/0 extra)
  - External craft (skill_blacksmithing) via Basic Forge Bronze Buckle x4 -> Bronze Buckle x100 (86 req/14 extra)
        - Gather Impure Iron Ore x40
          - Gather Sapwood x150
        - External craft (skill_building) via Basic Charcoal Kiln Charcoal x3 -> Charcoal x75 (70 req/5 extra)
      - External craft (skill_blacksmithing) via Basic Furnace Iron Ingot x1 -> Iron Ingot x20 (15 req/5 extra)
    - External craft (skill_blacksmithing) via Basic Forge Iron Bar x3 -> Iron Bar x6 (5 req/1 extra)
  - External craft (skill_blacksmithing) via Basic Forge Iron Studs x5 -> Iron Studs x1000 (860 req/140 extra)
- Craft Warrior's Sabatons of Swift March II x43 (final)"
skill_cooking,17,18,,1,recipe_activatable_foodcooked_vegetable_stew_staminaregen_11,Vegetable Stew,,146,274.5,40084.2,249.54,Enoki-730; Animal Fat-60; Garlic-146; Mustard-146; Red Onion-292,"Vegetable Stew x146 (final)
  - Gather Red Onion x292
  - Gather Mustard x146
  - Gather Garlic x146
  - Gather Enoki x730
    - Gather Animal Fat x60
  - Craft via Basic Cooking Hearth Lard x30 -> Lard x150 (146 req/4 extra)
- Craft Vegetable Stew x146 (final)"
skill_cooking,17,18,,2,recipe_activatable_drink_herbal_tea_hpregen_1,Dandelion Herb Infusion,,155,258.9,40131.5,242.52,Dandelion-775; Rosemary-310,"Dandelion Herb Infusion x155 (final)
  - External craft (skill_building) via Water Well Water x39 -> Water x780 (775 req/5 extra)
  - Gather Dandelion x775
  - Gather Rosemary x310
- Craft Dandelion Herb Infusion x155 (final)"
skill_cooking,17,18,,3,recipe_activatable_drink_sirup_hpregen_20,Strawberry Syrup,,180,223.9,40299.5,284.25,Strawberry-900,"Strawberry Syrup x180 (final)
  - External craft (skill_building) via Water Well Water x45 -> Water x900 (900 req/0 extra)
  - Gather Strawberry x900
- Craft Strawberry Syrup x180 (final)"
skill_jewelerycrafting,16,17,,1,recipe_wearable_jewellery_bracelet_common_7,Shiny Silver Bracelet,,108,308.8,33349.7,43.20,Impure Iron Ore-360; Sapwood-1950,"Shiny Silver Bracelet x108 (final)
      - Gather Impure Iron Ore x360
        - Gather Sapwood x1450
      - External craft (skill_building) via Basic Charcoal Kiln Charcoal x29 -> Charcoal x725 (720 req/5 extra)
    - External craft (skill_blacksmithing) via Basic Furnace Iron Ingot x9 -> Iron Ingot x180 (180 req/0 extra)
      - Gather Sapwood x500
    - External craft (skill_building) via Basic Charcoal Kiln Charcoal x10 -> Charcoal x250 (235 req/15 extra)
  - External craft (skill_blacksmithing) via Basic Furnace Wrought Iron Ingot x6 -> Wrought Iron Ingot x120 (108 req/12 extra)
- Craft Shiny Silver Bracelet x108 (final)"
skill_jewelerycrafting,16,17,,2,recipe_crafter_jewelcrafting_workbench_2,Jeweler Table,,66,512.6,33831.8,330.83,Amber-66; Heartwood-930; Rough Animal Hide-70; Copper Ore-1980; Tin Ore-1980; Limestone-20; Sapwood-9920,"Jeweler Table x66 (final)
    - Gather Amber x66
        - Gather Rough Animal Hide x70
          - Gather Limestone x20
          - Gather Sapwood x20
        - External craft (skill_blacksmithing) via Basic Charcoal Kiln Lime x4 -> Lime x40 (35 req/5 extra)
        - External craft (skill_building) via Water Well Water x2 -> Water x40 (35 req/5 extra)
      - External craft (skill_leatherworking) via Simple Tanning Rack Inferior Leather x7 -> Inferior Leather x70 (66 req/4 extra)
    - External craft (skill_leatherworking) via Leatherworking Table Heavy Top Grain Leather x66 -> Heavy Top Grain Leather x66 (66 req/0 extra)
        - Gather Tin Ore x1660
        - Gather Copper Ore x1660
        - Gather Sapwood x8300
      - External craft (skill_blacksmithing) via Basic Furnace Bronze Ingot x83 -> Bronze Ingot x1660 (1650 req/10 extra)
    - External craft (skill_blacksmithing) via Basic Forge Bronze Bar x330 -> Bronze Bar x330 (330 req/0 extra)
      - Gather Tin Ore x320
      - Gather Copper Ore x320
      - Gather Sapwood x1600
    - External craft (skill_blacksmithing) via Basic Furnace Bronze Ingot x16 -> Bronze Ingot x320 (320 req/0 extra)
  - Craft via Basic Jeweler Table Jewelcrafting Tools x66 -> Jewelcrafting Tools x66 (66 req/0 extra)
    - Gather Heartwood x530
  - External craft (skill_building) via Wood Chopping Block Fine Wood Beam x53 -> Fine Wood Beam x265 (264 req/1 extra)
    - Gather Heartwood x400
  - External craft (skill_building) via Wood Chopping Block Fine Wooden Plank x40 -> Fine Wooden Plank x400 (396 req/4 extra)
- Craft Jeweler Table x66 (final)"
skill_jewelerycrafting,16,17,,3,recipe_item_unlock_crafter_jewelcrafting_workbench_2,Jewelcrafting Tools,,130,257.9,33520.9,336.81,Amber-130; Rough Animal Hide-130; Copper Ore-3900; Tin Ore-3900; Limestone-35; Sapwood-19535,"Jewelcrafting Tools x130 (final)
  - Gather Amber x130
      - Gather Rough Animal Hide x130
        - Gather Limestone x35
        - Gather Sapwood x35
      - External craft (skill_blacksmithing) via Basic Charcoal Kiln Lime x7 -> Lime x70 (65 req/5 extra)
      - External craft (skill_building) via Water Well Water x4 -> Water x80 (65 req/15 extra)
    - External craft (skill_leatherworking) via Simple Tanning Rack Inferior Leather x13 -> Inferior Leather x130 (130 req/0 extra)
  - External craft (skill_leatherworking) via Leatherworking Table Heavy Top Grain Leather x130 -> Heavy Top Grain Leather x130 (130 req/0 extra)
      - Gather Tin Ore x3260
      - Gather Copper Ore x3260
      - Gather Sapwood x16300
    - External craft (skill_blacksmithing) via Basic Furnace Bronze Ingot x163 -> Bronze Ingot x3260 (3250 req/10 extra)
  - External craft (skill_blacksmithing) via Basic Forge Bronze Bar x650 -> Bronze Bar x650 (650 req/0 extra)
    - Gather Tin Ore x640
    - Gather Copper Ore x640
    - Gather Sapwood x3200
  - External craft (skill_blacksmithing) via Basic Furnace Bronze Ingot x32 -> Bronze Ingot x640 (640 req/0 extra)
- Craft Jewelcrafting Tools x130 (final)"
skill_winery_and_brewing,16,17,,1,recipe_activatable_drink_mead_staminaregen_16,Blueberry Mead,,143,234.2,33486.9,286.48,Blueberry-715; Barley Grain-160; Rye Grain-160,"Blueberry Mead x143 (final)
  - External craft (skill_cooking) via Basic Beehive Honey x143 -> Honey x715 (715 req/0 extra)
      - Gather Barley Grain x160
    - Craft via Basic Fermenter Malt x8 -> Malt x160 (150 req/10 extra)
      - External craft (skill_building) via Water Well Water x8 -> Water x160 (160 req/0 extra)
        - Gather Rye Grain x160
      - External craft (skill_baking) via Millstone Rye Flour x8 -> Rye Flour x160 (160 req/0 extra)
    - External craft (skill_baking) via Basic Fermenter Yeast x8 -> Yeast x160 (150 req/10 extra)
    - External craft (skill_building) via Water Well Water x8 -> Water x160 (150 req/10 extra)
  - Craft via Basic Fermenter Weak Mead Base x15 -> Weak Mead Base x150 (143 req/7 extra)
  - Gather Blueberry x715
- Craft Blueberry Mead x143 (final)"
skill_winery_and_brewing,16,17,,2,recipe_activatable_drink_mead_staminaregen_8,Weak Mead,,162,207.2,33563.1,272.70,Barley Grain-180; Rye Grain-180,"Weak Mead x162 (final)
  - External craft (skill_cooking) via Basic Beehive Honey x162 -> Honey x810 (810 req/0 extra)
      - Gather Barley Grain x180
    - Craft via Basic Fermenter Malt x9 -> Malt x180 (170 req/10 extra)
      - External craft (skill_building) via Water Well Water x9 -> Water x180 (180 req/0 extra)
        - Gather Rye Grain x180
      - External craft (skill_baking) via Millstone Rye Flour x9 -> Rye Flour x180 (180 req/0 extra)
    - External craft (skill_baking) via Basic Fermenter Yeast x9 -> Yeast x180 (170 req/10 extra)
    - External craft (skill_building) via Water Well Water x9 -> Water x180 (170 req/10 extra)
  - Craft via Basic Fermenter Weak Mead Base x17 -> Weak Mead Base x170 (162 req/8 extra)
- Craft Weak Mead x162 (final)"
skill_winery_and_brewing,16,17,,3,recipe_crafter_wine_barrel_1,Wine Barrel,,109,307.1,33476.1,574.98,Copper Ore-1540; Impure Iron Ore-120; Tin Ore-1100; Sand-43600; Sapwood-60530,"Wine Barrel x109 (final)
      - Gather Copper Ore x440
        - Gather Sapwood x1350
      - External craft (skill_building) via Basic Charcoal Kiln Charcoal x27 -> Charcoal x675 (660 req/15 extra)
    - External craft (skill_blacksmithing) via Basic Furnace Copper Ingot x22 -> Copper Ingot x220 (218 req/2 extra)
        - Gather Sand x43600
          - Gather Sapwood x52300
        - External craft (skill_building) via Basic Charcoal Kiln Charcoal x1046 -> Charcoal x26150 (26145 req/5 extra)
      - External craft (skill_building) via Furnace Glass x872 -> Glass x8720 (8720 req/0 extra)
    - External craft (skill_blacksmithing) via Forge Vial x436 -> Vial x2180 (2180 req/0 extra)
        - Gather Tin Ore x1100
        - Gather Copper Ore x1100
        - Gather Sapwood x5500
      - External craft (skill_blacksmithing) via Basic Furnace Bronze Ingot x55 -> Bronze Ingot x1100 (1090 req/10 extra)
    - External craft (skill_blacksmithing) via Basic Forge Bronze Sheet x545 -> Bronze Sheet x545 (545 req/0 extra)
  - Craft via Basic Cooking Workbench Barrel Pieces x109 -> Barrel Pieces x109 (109 req/0 extra)
    - Gather Sapwood x880
  - External craft (skill_building) via Wood Chopping Block Plank x88 -> Plank x880 (872 req/8 extra)
        - Gather Impure Iron Ore x120
          - Gather Sapwood x500
        - External craft (skill_building) via Basic Charcoal Kiln Charcoal x10 -> Charcoal x250 (235 req/15 extra)
      - External craft (skill_blacksmithing) via Basic Furnace Iron Ingot x3 -> Iron Ingot x60 (55 req/5 extra)
    - External craft (skill_blacksmithing) via Basic Forge Iron Bar x11 -> Iron Bar x22 (22 req/0 extra)
  - External craft (skill_blacksmithing) via Basic Forge Iron Nails x22 -> Iron Nails x1100 (1090 req/10 extra)
- Craft Wine Barrel x109 (final)"
skill_alchemy,17,18,,1,recipe_crafter_alchemy_workbench_2,Alchemy Table,,72,557.5,40142.5,360.90,Nightshade Fruit-360; Heartwood-1020; Rough Animal Hide-440; Copper Ore-1800; Tin Ore-1800; Limestone-185; Sand-7200; Sapwood-17835,"Alchemy Table x72 (final)
      - Gather Sand x7200
        - Gather Sapwood x8650
      - External craft (skill_building) via Basic Charcoal Kiln Charcoal x173 -> Charcoal x4325 (4320 req/5 extra)
    - External craft (skill_building) via Furnace Glass x144 -> Glass x1440 (1440 req/0 extra)
        - Gather Rough Animal Hide x440
          - Gather Limestone x110
          - Gather Sapwood x110
        - External craft (skill_blacksmithing) via Basic Charcoal Kiln Lime x22 -> Lime x220 (220 req/0 extra)
        - External craft (skill_building) via Water Well Water x11 -> Water x220 (220 req/0 extra)
      - External craft (skill_leatherworking) via Simple Tanning Rack Inferior Leather x44 -> Inferior Leather x440 (435 req/5 extra)
        - Gather Limestone x75
        - Gather Sapwood x75
      - External craft (skill_blacksmithing) via Basic Charcoal Kiln Lime x15 -> Lime x150 (145 req/5 extra)
      - External craft (skill_building) via Water Well Water x8 -> Water x160 (145 req/15 extra)
    - External craft (skill_leatherworking) via Tanning Rack Boiled Leather x29 -> Boiled Leather x145 (144 req/1 extra)
        - Gather Tin Ore x1800
        - Gather Copper Ore x1800
        - Gather Sapwood x9000
      - External craft (skill_blacksmithing) via Basic Furnace Bronze Ingot x90 -> Bronze Ingot x1800 (1800 req/0 extra)
    - External craft (skill_blacksmithing) via Basic Forge Bronze Bar x360 -> Bronze Bar x360 (360 req/0 extra)
    - Gather Nightshade Fruit x360
  - Craft via Basic Alchemy Table Alchemy Instruments x72 -> Alchemy Instruments x72 (72 req/0 extra)
    - Gather Heartwood x580
  - External craft (skill_building) via Wood Chopping Block Fine Wood Beam x58 -> Fine Wood Beam x290 (288 req/2 extra)
    - Gather Heartwood x440
  - External craft (skill_building) via Wood Chopping Block Fine Wooden Plank x44 -> Fine Wooden Plank x440 (432 req/8 extra)
- Craft Alchemy Table x72 (final)"
skill_alchemy,17,18,,2,recipe_activatable_potion_potion_of_protection_very_small_32,Aegis Potion V,,151,263.6,39804.2,586.95,Castor Plant-155; Sand-9080; Sapwood-9250,"Aegis Potion V x151 (final)
    - Gather Castor Plant x155
      - Gather Sapwood x150
    - External craft (skill_building) via Basic Charcoal Kiln Charcoal x3 -> Charcoal x75 (62 req/13 extra)
    - External craft (skill_building) via Water Well Water x8 -> Water x160 (155 req/5 extra)
  - Craft via Basic Reagent Distiller Castor Extract x31 -> Castor Extract x310 (302 req/8 extra)
  - External craft (skill_building) via Water Well Water x61 -> Water x1220 (1203 req/17 extra)
      - Gather Sand x9080
        - Gather Sapwood x9100
      - External craft (skill_building) via Basic Charcoal Kiln Charcoal x182 -> Charcoal x4550 (4527 req/23 extra)
    - External craft (skill_building) via Basic Furnace Rough Glass x227 -> Rough Glass x2270 (2265 req/5 extra)
  - External craft (skill_blacksmithing) via Basic Forge Small Vial x151 -> Small Vial x755 (755 req/0 extra)
- Craft Aegis Potion V x151 (final)"
skill_alchemy,17,18,,3,recipe_activatable_potion_arcance_resistance_very_small_30,Cold Resistance I,,151,263.6,39804.2,670.31,Crane Flower-155; Sand-9080; Sapwood-9250,"Cold Resistance I x151 (final)
    - Gather Crane Flower x155
      - Gather Sapwood x150
    - External craft (skill_building) via Basic Charcoal Kiln Charcoal x3 -> Charcoal x75 (62 req/13 extra)
    - External craft (skill_building) via Water Well Water x8 -> Water x160 (155 req/5 extra)
  - Craft via Basic Reagent Distiller Crane Flower Extract x31 -> Crane Flower Extract x310 (302 req/8 extra)
  - External craft (skill_building) via Water Well Water x61 -> Water x1220 (1203 req/17 extra)
      - Gather Sand x9080
        - Gather Sapwood x9100
      - External craft (skill_building) via Basic Charcoal Kiln Charcoal x182 -> Charcoal x4550 (4527 req/23 extra)
    - External craft (skill_building) via Basic Furnace Rough Glass x227 -> Rough Glass x2270 (2265 req/5 extra)
  - External craft (skill_blacksmithing) via Basic Forge Small Vial x151 -> Small Vial x755 (755 req/0 extra)
- Craft Cold Resistance I x151 (final)"
skill_baking,19,20,,1,recipe_activatable_foodcooked_bread_hpregen_20,Barley and Rye Bread,,2180,26.0,56680.0,2192.72,Suet-1744; Barley Grain-880; Rye Grain-4800,"Barley and Rye Bread x2180 (final)
      - Gather Barley Grain x880
    - Craft via Millstone Barley Flour x44 -> Barley Flour x880 (872 req/8 extra)
      - External craft (skill_building) via Water Well Water x22 -> Water x440 (440 req/0 extra)
        - Gather Rye Grain x440
      - Craft via Millstone Rye Flour x22 -> Rye Flour x440 (440 req/0 extra)
    - Craft via Basic Fermenter Yeast x22 -> Yeast x440 (436 req/4 extra)
    - External craft (skill_building) via Water Well Water x109 -> Water x2180 (2180 req/0 extra)
  - Craft via Basic Cooking Workbench Barley Dough x436 -> Barley Dough x2180 (2180 req/0 extra)
  - Gather Rye Grain x4360
    - Gather Suet x1744
  - External craft (skill_cooking) via Basic Cooking Hearth Tallow x872 -> Tallow x4360 (4360 req/0 extra)
- Craft Barley and Rye Bread x2180 (final)"
skill_baking,19,20,,2,recipe_activatable_foodcooked_pastry_staminaregen_22,Trail Pie,,1890,30.0,56700.0,9292.50,Animal Fat-7560; Barley Grain-7560; Rye Grain-3780,"Trail Pie x1890 (final)
      - Gather Barley Grain x7560
    - Craft via Millstone Barley Flour x378 -> Barley Flour x7560 (7560 req/0 extra)
      - External craft (skill_building) via Water Well Water x189 -> Water x3780 (3780 req/0 extra)
        - Gather Rye Grain x3780
      - Craft via Millstone Rye Flour x189 -> Rye Flour x3780 (3780 req/0 extra)
    - Craft via Basic Fermenter Yeast x189 -> Yeast x3780 (3780 req/0 extra)
    - External craft (skill_building) via Water Well Water x945 -> Water x18900 (18900 req/0 extra)
  - Craft via Basic Cooking Workbench Barley Dough x3780 -> Barley Dough x18900 (18900 req/0 extra)
    - Gather Animal Fat x7560
  - External craft (skill_cooking) via Basic Cooking Hearth Lard x3780 -> Lard x18900 (18900 req/0 extra)
- Craft Trail Pie x1890 (final)"
skill_baking,19,20,,3,recipe_activatable_foodcooked_bread_hpregen_10,Fruity Rye Bread,,28337,2.0,56674.0,101777.06,Elderberry-566740; Animal Fat-11336; Rye Grain-17020,"Fruity Rye Bread x28337 (final)
      - Gather Rye Grain x11340
    - Craft via Millstone Rye Flour x567 -> Rye Flour x11340 (11336 req/4 extra)
      - External craft (skill_building) via Water Well Water x284 -> Water x5680 (5680 req/0 extra)
        - Gather Rye Grain x5680
      - Craft via Millstone Rye Flour x284 -> Rye Flour x5680 (5676 req/4 extra)
    - Craft via Basic Fermenter Yeast x284 -> Yeast x5680 (5668 req/12 extra)
    - External craft (skill_building) via Water Well Water x1417 -> Water x28340 (28340 req/0 extra)
  - Craft via Basic Cooking Workbench Rye Dough x5668 -> Rye Dough x28340 (28337 req/3 extra)
  - Gather Elderberry x566740
    - Gather Animal Fat x11336
  - External craft (skill_cooking) via Basic Cooking Hearth Lard x5668 -> Lard x28340 (28337 req/3 extra)
- Craft Fruity Rye Bread x28337 (final)"
skill_weapon_smithing,19,20,,1,recipe_wieldable_tool_skinning_knife_t2_rare,Honed Iron Skinning Knife,,69,825.2,56940.4,352.98,Rough Animal Hide-10; Impure Iron Ore-1000; Sapwood-4070; Furry Collarstone-828; Whisper of the Star-69,"Honed Iron Skinning Knife x69 (final)
  - Gather Furry Collarstone x828
  - Gather Whisper of the Star x69
        - Gather Impure Iron Ore x720
          - Gather Sapwood x2900
        - External craft (skill_building) via Basic Charcoal Kiln Charcoal x58 -> Charcoal x1450 (1440 req/10 extra)
      - External craft (skill_blacksmithing) via Basic Furnace Iron Ingot x18 -> Iron Ingot x360 (345 req/15 extra)
    - External craft (skill_blacksmithing) via Basic Forge Iron Bar x69 -> Iron Bar x138 (138 req/0 extra)
  - External craft (skill_blacksmithing) via Basic Forge Iron Knife Blade x69 -> Iron Knife Blade x69 (69 req/0 extra)
    - Gather Sapwood x70
  - External craft (skill_building) via Wood Chopping Block Long Wood Stock x14 -> Long Wood Stock x70 (69 req/1 extra)
      - Gather Impure Iron Ore x280
        - Gather Sapwood x1100
      - External craft (skill_building) via Basic Charcoal Kiln Charcoal x22 -> Charcoal x550 (550 req/0 extra)
    - External craft (skill_blacksmithing) via Basic Furnace Iron Ingot x7 -> Iron Ingot x140 (123 req/17 extra)
  - External craft (skill_blacksmithing) via Basic Forge Iron Sheet x69 -> Iron Sheet x69 (69 req/0 extra)
        - Gather Rough Animal Hide x10
      - External craft (skill_leatherworking) via Simple Tanning Rack Rawhide x1 -> Rawhide x10 (7 req/3 extra)
    - External craft (skill_leatherworking) via Simple Leatherworking Table Nubuck Leather x7 -> Nubuck Leather x7 (7 req/0 extra)
  - External craft (skill_leatherworking) via Simple Leatherworking Table Coarse Leather Band x7 -> Coarse Leather Band x140 (138 req/2 extra)
- Craft Honed Iron Skinning Knife x69 (final)"
skill_weapon_smithing,19,20,,2,recipe_wieldable_tool_woodcutting_axe_t2_rare,Honed Iron Chopping Axe,,78,728.0,56787.9,375.81,Rough Animal Hide-10; Impure Iron Ore-1880; Sapwood-7710; Worn Out Locket-936; Token of the Murmur-78,"Honed Iron Chopping Axe x78 (final)
  - Gather Worn Out Locket x936
  - Gather Token of the Murmur x78
    - Gather Sapwood x160
  - External craft (skill_building) via Wood Chopping Block Long Wood Stock x32 -> Long Wood Stock x160 (156 req/4 extra)
        - Gather Impure Iron Ore x1560
          - Gather Sapwood x6250
        - External craft (skill_building) via Basic Charcoal Kiln Charcoal x125 -> Charcoal x3125 (3120 req/5 extra)
      - External craft (skill_blacksmithing) via Basic Furnace Iron Ingot x39 -> Iron Ingot x780 (780 req/0 extra)
    - External craft (skill_blacksmithing) via Basic Forge Iron Sheet x390 -> Iron Sheet x390 (390 req/0 extra)
      - Gather Impure Iron Ore x320
        - Gather Sapwood x1300
      - External craft (skill_building) via Basic Charcoal Kiln Charcoal x26 -> Charcoal x650 (635 req/15 extra)
    - External craft (skill_blacksmithing) via Basic Furnace Iron Ingot x8 -> Iron Ingot x160 (156 req/4 extra)
  - External craft (skill_blacksmithing) via Basic Forge Iron Axe Head x78 -> Iron Axe Head x78 (78 req/0 extra)
        - Gather Rough Animal Hide x10
      - External craft (skill_leatherworking) via Simple Tanning Rack Rawhide x1 -> Rawhide x10 (4 req/6 extra)
    - External craft (skill_leatherworking) via Simple Leatherworking Table Nubuck Leather x4 -> Nubuck Leather x4 (4 req/0 extra)
  - External craft (skill_leatherworking) via Simple Leatherworking Table Coarse Leather Band x4 -> Coarse Leather Band x80 (78 req/2 extra)
- Craft Honed Iron Chopping Axe x78 (final)"
skill_weapon_smithing,19,20,,3,recipe_wieldable_tool_mining_pickaxe_t2_rare,Honed Iron Pickaxe,,71,807.3,57315.4,429.95,Rough Animal Hide-40; Copper Ore-720; Impure Iron Ore-3600; Tin Ore-720; Sapwood-22350; Worn Out Locket-852; Locket of the Earthvein-71,"Honed Iron Pickaxe x71 (final)
  - Gather Worn Out Locket x852
  - Gather Locket of the Earthvein x71
          - Gather Impure Iron Ore x2720
            - Gather Sapwood x10900
          - External craft (skill_building) via Basic Charcoal Kiln Charcoal x218 -> Charcoal x5450 (5440 req/10 extra)
        - External craft (skill_blacksmithing) via Basic Furnace Iron Ingot x68 -> Iron Ingot x1360 (1350 req/10 extra)
          - Gather Sapwood x3600
        - External craft (skill_building) via Basic Charcoal Kiln Charcoal x72 -> Charcoal x1800 (1790 req/10 extra)
      - External craft (skill_blacksmithing) via Basic Furnace Wrought Iron Ingot x45 -> Wrought Iron Ingot x900 (890 req/10 extra)
    - External craft (skill_blacksmithing) via Basic Forge Wrought Iron Bar x178 -> Wrought Iron Bar x356 (355 req/1 extra)
  - External craft (skill_blacksmithing) via Forge Wrought Iron Sword Blade x71 -> Wrought Iron Sword Blade x71 (71 req/0 extra)
        - Gather Impure Iron Ore x360
          - Gather Sapwood x1450
        - External craft (skill_building) via Basic Charcoal Kiln Charcoal x29 -> Charcoal x725 (710 req/15 extra)
      - External craft (skill_blacksmithing) via Basic Furnace Iron Ingot x9 -> Iron Ingot x180 (170 req/10 extra)
    - External craft (skill_blacksmithing) via Basic Forge Iron Bar x36 -> Iron Bar x72 (71 req/1 extra)
          - Gather Tin Ore x720
          - Gather Copper Ore x720
          - Gather Sapwood x3600
        - External craft (skill_blacksmithing) via Basic Furnace Bronze Ingot x36 -> Bronze Ingot x720 (710 req/10 extra)
      - External craft (skill_blacksmithing) via Basic Forge Bronze Bar x142 -> Bronze Bar x142 (142 req/0 extra)
    - External craft (skill_blacksmithing) via Basic Forge Bronze Spike x71 -> Bronze Spike x71 (71 req/0 extra)
          - Gather Rough Animal Hide x20
        - External craft (skill_leatherworking) via Simple Tanning Rack Rawhide x2 -> Rawhide x20 (18 req/2 extra)
      - External craft (skill_leatherworking) via Simple Leatherworking Table Nubuck Leather x18 -> Nubuck Leather x18 (18 req/0 extra)
    - External craft (skill_leatherworking) via Simple Leatherworking Table Coarse Leather Band x18 -> Coarse Leather Band x360 (355 req/5 extra)
  - External craft (skill_blacksmithing) via Basic Forge Sword Hilt x71 -> Sword Hilt x71 (71 req/0 extra)
        - Gather Impure Iron Ore x520
          - Gather Sapwood x2050
        - External craft (skill_building) via Basic Charcoal Kiln Charcoal x41 -> Charcoal x1025 (1025 req/0 extra)
      - External craft (skill_blacksmithing) via Basic Furnace Iron Ingot x13 -> Iron Ingot x260 (260 req/0 extra)
        - Gather Sapwood x750
      - External craft (skill_building) via Basic Charcoal Kiln Charcoal x15 -> Charcoal x375 (360 req/15 extra)
    - External craft (skill_blacksmithing) via Basic Furnace Wrought Iron Ingot x9 -> Wrought Iron Ingot x180 (165 req/15 extra)
  - External craft (skill_blacksmithing) via Basic Forge Wrought Iron Bar x35 -> Wrought Iron Bar x70 (70 req/0 extra)
        - Gather Rough Animal Hide x20
      - External craft (skill_leatherworking) via Simple Tanning Rack Rawhide x2 -> Rawhide x20 (16 req/4 extra)
    - External craft (skill_leatherworking) via Simple Leatherworking Table Nubuck Leather x18 -> Nubuck Leather x18 (18 req/0 extra)
  - External craft (skill_leatherworking) via Simple Leatherworking Table Coarse Leather Band x18 -> Coarse Leather Band x360 (350 req/10 extra)
- Craft Honed Iron Pickaxe x71 (final)"
skill_fletching,20,21,,1,recipe_crafter_fletching_workbench_2,Fletching Table,,125,533.9,66741.4,626.56,Suet-2500; Heartwood-1750; Rough Animal Hide-250; Impure Iron Ore-1400; Flax Seeds-6250; Limestone-65; Sapwood-5665,"Fletching Table x125 (final)
        - Gather Rough Animal Hide x250
          - Gather Limestone x65
          - Gather Sapwood x65
        - External craft (skill_blacksmithing) via Basic Charcoal Kiln Lime x13 -> Lime x130 (125 req/5 extra)
        - External craft (skill_building) via Water Well Water x7 -> Water x140 (125 req/15 extra)
      - External craft (skill_leatherworking) via Simple Tanning Rack Inferior Leather x25 -> Inferior Leather x250 (250 req/0 extra)
    - External craft (skill_leatherworking) via Leatherworking Table Heavy Top Grain Leather x250 -> Heavy Top Grain Leather x250 (250 req/0 extra)
          - Gather Impure Iron Ore x1280
            - Gather Sapwood x5150
          - External craft (skill_building) via Basic Charcoal Kiln Charcoal x103 -> Charcoal x2575 (2560 req/15 extra)
        - External craft (skill_blacksmithing) via Basic Furnace Iron Ingot x32 -> Iron Ingot x640 (625 req/15 extra)
      - External craft (skill_blacksmithing) via Basic Forge Iron Bar x125 -> Iron Bar x250 (250 req/0 extra)
    - External craft (skill_blacksmithing) via Basic Forge Iron Knife Blade x125 -> Iron Knife Blade x125 (125 req/0 extra)
          - Gather Impure Iron Ore x120
            - Gather Sapwood x450
          - External craft (skill_building) via Basic Charcoal Kiln Charcoal x9 -> Charcoal x225 (225 req/0 extra)
        - External craft (skill_blacksmithing) via Basic Furnace Iron Ingot x3 -> Iron Ingot x60 (50 req/10 extra)
      - External craft (skill_blacksmithing) via Basic Forge Iron Bar x13 -> Iron Bar x26 (25 req/1 extra)
    - External craft (skill_blacksmithing) via Basic Forge Iron Nails x25 -> Iron Nails x1250 (1250 req/0 extra)
      - Gather Flax Seeds x6250
        - Gather Suet x2500
      - External craft (skill_cooking) via Basic Cooking Hearth Tallow x1250 -> Tallow x6250 (6250 req/0 extra)
    - External craft (skill_leatherworking) via Leatherworking Table Linseed Oil x625 -> Linseed Oil x625 (625 req/0 extra)
  - Craft via Basic Fletching Table Fletching Tools x125 -> Fletching Tools x125 (125 req/0 extra)
    - Gather Heartwood x1000
  - External craft (skill_building) via Wood Chopping Block Fine Wood Beam x100 -> Fine Wood Beam x500 (500 req/0 extra)
    - Gather Heartwood x750
  - External craft (skill_building) via Wood Chopping Block Fine Wooden Plank x75 -> Fine Wooden Plank x750 (750 req/0 extra)
- Craft Fletching Table x125 (final)"
skill_fletching,20,21,,2,recipe_item_unlock_crafter_fletching_workbench_2,Fletching Tools,,244,272.6,66510.0,1513.61,Suet-4880; Rough Animal Hide-490; Impure Iron Ore-2720; Flax Seeds-12200; Limestone-125; Sapwood-11025,"Fletching Tools x244 (final)
      - Gather Rough Animal Hide x490
        - Gather Limestone x125
        - Gather Sapwood x125
      - External craft (skill_blacksmithing) via Basic Charcoal Kiln Lime x25 -> Lime x250 (245 req/5 extra)
      - External craft (skill_building) via Water Well Water x13 -> Water x260 (245 req/15 extra)
    - External craft (skill_leatherworking) via Simple Tanning Rack Inferior Leather x49 -> Inferior Leather x490 (488 req/2 extra)
  - External craft (skill_leatherworking) via Leatherworking Table Heavy Top Grain Leather x488 -> Heavy Top Grain Leather x488 (488 req/0 extra)
        - Gather Impure Iron Ore x2440
          - Gather Sapwood x9800
        - External craft (skill_building) via Basic Charcoal Kiln Charcoal x196 -> Charcoal x4900 (4880 req/20 extra)
      - External craft (skill_blacksmithing) via Basic Furnace Iron Ingot x61 -> Iron Ingot x1220 (1220 req/0 extra)
    - External craft (skill_blacksmithing) via Basic Forge Iron Bar x244 -> Iron Bar x488 (488 req/0 extra)
  - External craft (skill_blacksmithing) via Basic Forge Iron Knife Blade x244 -> Iron Knife Blade x244 (244 req/0 extra)
        - Gather Impure Iron Ore x280
          - Gather Sapwood x1100
        - External craft (skill_building) via Basic Charcoal Kiln Charcoal x22 -> Charcoal x550 (540 req/10 extra)
      - External craft (skill_blacksmithing) via Basic Furnace Iron Ingot x7 -> Iron Ingot x140 (125 req/15 extra)
    - External craft (skill_blacksmithing) via Basic Forge Iron Bar x25 -> Iron Bar x50 (49 req/1 extra)
  - External craft (skill_blacksmithing) via Basic Forge Iron Nails x49 -> Iron Nails x2450 (2440 req/10 extra)
    - Gather Flax Seeds x12200
      - Gather Suet x4880
    - External craft (skill_cooking) via Basic Cooking Hearth Tallow x2440 -> Tallow x12200 (12200 req/0 extra)
  - External craft (skill_leatherworking) via Leatherworking Table Linseed Oil x1220 -> Linseed Oil x1220 (1220 req/0 extra)
- Craft Fletching Tools x244 (final)"
skill_fletching,20,21,,3,recipe_wieldable_bow_2h_0_t2_rare,Warded Longbow,,1955,34.0,66470.0,13078.14,Boar Sinew-9775; Rough Animal Hide-980; Sapwood-5865; Resin-13685; Token of the Whisper-1955; Furry Collarstone-23460,"Warded Longbow x1955 (final)
  - Gather Furry Collarstone x23460
  - Gather Token of the Whisper x1955
      - Gather Sapwood x5865
    - External craft (skill_building) via Wood Chopping Block Long Wood Stock x1173 -> Long Wood Stock x5865 (5865 req/0 extra)
    - Gather Resin x13685
    - External craft (skill_cooking) via Basic Beehive Beeswax x3910 -> Beeswax x19550 (19550 req/0 extra)
  - Craft via Basic Fletching Table Rough Bow Stave x1955 -> Rough Bow Stave x1955 (1955 req/0 extra)
  - Gather Boar Sinew x9775
        - Gather Rough Animal Hide x980
      - External craft (skill_leatherworking) via Simple Tanning Rack Rawhide x98 -> Rawhide x980 (978 req/2 extra)
    - External craft (skill_leatherworking) via Simple Leatherworking Table Nubuck Leather x978 -> Nubuck Leather x978 (978 req/0 extra)
  - External craft (skill_leatherworking) via Simple Leatherworking Table Coarse Leather Band x978 -> Coarse Leather Band x19560 (19550 req/10 extra)
- Craft Warded Longbow x1955 (final)"
skill_charcuterie,21,22,,1,recipe_rough-cut_bear,Poorly Parted Bear,,267,294.5,78636.4,34.04,Bear Carcass-267,"Poorly Parted Bear x267 (final)
  - Gather Bear Carcass x267
- Craft Poorly Parted Bear x267 (final)"
skill_charcuterie,21,22,,2,recipe_rough-cut_wolf,Poorly Parted Chamois,,2457,32.0,78624.0,298.53,Chamois Carcass-2457,"Poorly Parted Chamois x2457 (final)
  - Gather Chamois Carcass x2457
- Craft Poorly Parted Chamois x2457 (final)"
skill_charcuterie,21,22,,3,recipe_basic_butchered_bear,Parted Bear,,2457,32.0,78624.0,313.27,Bear Carcass-2457,"Parted Bear x2457 (final)
  - Gather Bear Carcass x2457
- Craft Parted Bear x2457 (final)"
skill_tailoring,22,23,,1,recipe_wearable_cloth_head_rp_hat_06_somber,Silverleaf Bourrelet,,274,336.2,92116.0,525.26,Wool Fiber-1100; Bone Fragments-56; Opal-1096; Flax Fiber-13200,"Silverleaf Bourrelet x274 (final)
      - Gather Flax Fiber x13200
    - Craft via Spinning Wheel Linen String x440 -> Linen String x4400 (4400 req/0 extra)
  - Craft via Simple Loom Linen Cloth x110 -> Linen Cloth x550 (548 req/2 extra)
    - Gather Wool Fiber x1100
  - Craft via Spinning Wheel Wool Yarn x55 -> Wool Yarn x550 (548 req/2 extra)
    - Gather Bone Fragments x56
  - Craft via Simple Tailoring Table Sewing Needles x28 -> Sewing Needles x280 (274 req/6 extra)
  - Gather Opal x1096
- Craft Silverleaf Bourrelet x274 (final)"
skill_tailoring,22,23,,2,recipe_wearable_cloth_chest_rp_dress_01_somber,Shadow Court Gown,,220,419.2,81265.8,589.23,Wool Fiber-880; Bone Fragments-44; Silver Ore-90; Cotton Fiber-7040; Flax Fiber-10560; Sapwood-1800,"Shadow Court Gown x220 (final)
      - Gather Flax Fiber x10560
    - Craft via Spinning Wheel Linen String x352 -> Linen String x3520 (3520 req/0 extra)
  - Craft via Simple Loom Linen Cloth x88 -> Linen Cloth x440 (440 req/0 extra)
    - Gather Wool Fiber x880
  - Craft via Spinning Wheel Wool Yarn x44 -> Wool Yarn x440 (440 req/0 extra)
    - Gather Bone Fragments x44
  - Craft via Simple Tailoring Table Sewing Needles x22 -> Sewing Needles x220 (220 req/0 extra)
      - Gather Silver Ore x90
        - Gather Sapwood x1800
      - External craft (skill_building) via Basic Charcoal Kiln Charcoal x36 -> Charcoal x900 (900 req/0 extra)
    - External craft (skill_blacksmithing) via Furnace Silver Ingot x18 -> Silver Ingot x90 (88 req/2 extra)
      - Gather Cotton Fiber x7040
    - Craft via Spinning Wheel Cotton Cord x176 -> Cotton Cord x1760 (1760 req/0 extra)
  - Craft via Simple Tailoring Table Silver Thread x88 -> Silver Thread x880 (880 req/0 extra)
- Craft Shadow Court Gown x220 (final)"
skill_tailoring,22,23,,3,recipe_wearable_cloth_chest_rp_tunic_02_somber,Duskleaf Tunic,,220,419.2,81265.8,589.23,Wool Fiber-880; Bone Fragments-44; Silver Ore-90; Cotton Fiber-7040; Flax Fiber-10560; Sapwood-1800,"Duskleaf Tunic x220 (final)
      - Gather Flax Fiber x10560
    - Craft via Spinning Wheel Linen String x352 -> Linen String x3520 (3520 req/0 extra)
  - Craft via Simple Loom Linen Cloth x88 -> Linen Cloth x440 (440 req/0 extra)
    - Gather Wool Fiber x880
  - Craft via Spinning Wheel Wool Yarn x44 -> Wool Yarn x440 (440 req/0 extra)
    - Gather Bone Fragments x44
  - Craft via Simple Tailoring Table Sewing Needles x22 -> Sewing Needles x220 (220 req/0 extra)
      - Gather Silver Ore x90
        - Gather Sapwood x1800
      - External craft (skill_building) via Basic Charcoal Kiln Charcoal x36 -> Charcoal x900 (900 req/0 extra)
    - External craft (skill_blacksmithing) via Furnace Silver Ingot x18 -> Silver Ingot x90 (88 req/2 extra)
      - Gather Cotton Fiber x7040
    - Craft via Spinning Wheel Cotton Cord x176 -> Cotton Cord x1760 (1760 req/0 extra)
  - Craft via Simple Tailoring Table Silver Thread x88 -> Silver Thread x880 (880 req/0 extra)
- Craft Duskleaf Tunic x220 (final)"
skill_leatherworking,24,25,,1,recipe_item_material_leather_string,Leather String,,240,537.6,129024.7,143.44,Boar Sinew-240; Rough Animal Hide-1080; Limestone-510; Sapwood-510,"Leather String x240 (final)
          - Gather Rough Animal Hide x1080
            - Gather Limestone x270
            - Gather Sapwood x270
          - External craft (skill_blacksmithing) via Basic Charcoal Kiln Lime x54 -> Lime x540 (540 req/0 extra)
          - External craft (skill_building) via Water Well Water x27 -> Water x540 (540 req/0 extra)
        - Craft via Simple Tanning Rack Inferior Leather x108 -> Inferior Leather x1080 (1080 req/0 extra)
          - Gather Limestone x180
          - Gather Sapwood x180
        - External craft (skill_blacksmithing) via Basic Charcoal Kiln Lime x36 -> Lime x360 (360 req/0 extra)
        - External craft (skill_building) via Water Well Water x18 -> Water x360 (360 req/0 extra)
      - Craft via Tanning Rack Boiled Leather x72 -> Boiled Leather x360 (360 req/0 extra)
        - Gather Limestone x60
        - Gather Sapwood x60
      - External craft (skill_blacksmithing) via Basic Charcoal Kiln Lime x12 -> Lime x120 (120 req/0 extra)
      - External craft (skill_building) via Water Well Water x6 -> Water x120 (120 req/0 extra)
    - Craft via Tanning Rack Fine Leather x24 -> Fine Leather x240 (240 req/0 extra)
  - Craft via Leatherworking Table Medium Top Grain Leather x240 -> Medium Top Grain Leather x240 (240 req/0 extra)
  - Gather Boar Sinew x240
- Craft Leather String x240 (final)"
skill_leatherworking,24,25,,2,recipe_item_material_leather_bands,Leather Band,,270,477.3,128875.6,144.90,Rough Animal Hide-1220; Limestone-575; Sapwood-575,"Leather Band x270 (final)
          - Gather Rough Animal Hide x1220
            - Gather Limestone x305
            - Gather Sapwood x305
          - External craft (skill_blacksmithing) via Basic Charcoal Kiln Lime x61 -> Lime x610 (610 req/0 extra)
          - External craft (skill_building) via Water Well Water x31 -> Water x620 (610 req/10 extra)
        - Craft via Simple Tanning Rack Inferior Leather x122 -> Inferior Leather x1220 (1215 req/5 extra)
          - Gather Limestone x205
          - Gather Sapwood x205
        - External craft (skill_blacksmithing) via Basic Charcoal Kiln Lime x41 -> Lime x410 (405 req/5 extra)
        - External craft (skill_building) via Water Well Water x20 -> Water x400 (395 req/5 extra)
      - Craft via Tanning Rack Boiled Leather x81 -> Boiled Leather x405 (405 req/0 extra)
        - Gather Limestone x65
        - Gather Sapwood x65
      - External craft (skill_blacksmithing) via Basic Charcoal Kiln Lime x13 -> Lime x130 (130 req/0 extra)
      - External craft (skill_building) via Water Well Water x7 -> Water x140 (130 req/10 extra)
    - Craft via Tanning Rack Fine Leather x27 -> Fine Leather x270 (270 req/0 extra)
  - Craft via Leatherworking Table Medium Top Grain Leather x270 -> Medium Top Grain Leather x270 (270 req/0 extra)
- Craft Leather Band x270 (final)"
skill_leatherworking,24,25,,3,recipe_wearable_leather_hands_pilgrim_0_t4_common,Pilgrim's Gloves IV,,78,1651.4,128806.0,399.62,Suet-312; Rough Animal Hide-1760; Cotton Fiber-1560; Flax Seeds-780; Limestone-830; Sapwood-830,"Pilgrim's Gloves IV x78 (final)
          - Gather Rough Animal Hide x1760
            - Gather Limestone x440
            - Gather Sapwood x440
          - External craft (skill_blacksmithing) via Basic Charcoal Kiln Lime x88 -> Lime x880 (880 req/0 extra)
          - External craft (skill_building) via Water Well Water x44 -> Water x880 (880 req/0 extra)
        - Craft via Simple Tanning Rack Inferior Leather x176 -> Inferior Leather x1760 (1755 req/5 extra)
          - Gather Limestone x295
          - Gather Sapwood x295
        - External craft (skill_blacksmithing) via Basic Charcoal Kiln Lime x59 -> Lime x590 (585 req/5 extra)
        - External craft (skill_building) via Water Well Water x30 -> Water x600 (585 req/15 extra)
      - Craft via Tanning Rack Boiled Leather x117 -> Boiled Leather x585 (585 req/0 extra)
        - Gather Limestone x95
        - Gather Sapwood x95
      - External craft (skill_blacksmithing) via Basic Charcoal Kiln Lime x19 -> Lime x190 (190 req/0 extra)
      - External craft (skill_building) via Water Well Water x9 -> Water x180 (180 req/0 extra)
    - Craft via Tanning Rack Fine Leather x39 -> Fine Leather x390 (390 req/0 extra)
  - Craft via Leatherworking Table Medium Top Grain Leather x390 -> Medium Top Grain Leather x390 (390 req/0 extra)
    - Gather Cotton Fiber x1560
  - External craft (skill_tailoring) via Spinning Wheel Cotton Cord x39 -> Cotton Cord x390 (390 req/0 extra)
    - Gather Flax Seeds x780
      - Gather Suet x312
    - External craft (skill_cooking) via Basic Cooking Hearth Tallow x156 -> Tallow x780 (780 req/0 extra)
  - Craft via Leatherworking Table Linseed Oil x78 -> Linseed Oil x78 (78 req/0 extra)
- Craft Pilgrim's Gloves IV x78 (final)"
skill_building,26,27,,1,recipe_building_prop_door_double_painted,Elegant Wooden Double Door,,21,825.2,17120.7,11.03,Heartwood-680; Impure Iron Ore-800; Sapwood-4000,"Elegant Wooden Double Door x21 (final)
      - Gather Heartwood x680
    - Craft via Wood Chopping Block Fine Wooden Plank x68 -> Fine Wooden Plank x680 (672 req/8 extra)
            - Gather Impure Iron Ore x200
              - Gather Sapwood x800
            - Craft via Basic Charcoal Kiln Charcoal x16 -> Charcoal x400 (400 req/0 extra)
          - External craft (skill_blacksmithing) via Basic Furnace Iron Ingot x5 -> Iron Ingot x100 (90 req/10 extra)
            - Gather Sapwood x250
          - Craft via Basic Charcoal Kiln Charcoal x5 -> Charcoal x125 (120 req/5 extra)
        - External craft (skill_blacksmithing) via Basic Furnace Wrought Iron Ingot x3 -> Wrought Iron Ingot x60 (55 req/5 extra)
      - External craft (skill_blacksmithing) via Basic Forge Wrought Iron Bar x11 -> Wrought Iron Bar x22 (21 req/1 extra)
    - External craft (skill_blacksmithing) via Forge Wrought Iron Nails x21 -> Wrought Iron Nails x1050 (1008 req/42 extra)
            - Gather Impure Iron Ore x400
              - Gather Sapwood x1600
            - Craft via Basic Charcoal Kiln Charcoal x32 -> Charcoal x800 (795 req/5 extra)
          - External craft (skill_blacksmithing) via Basic Furnace Iron Ingot x10 -> Iron Ingot x200 (200 req/0 extra)
            - Gather Sapwood x550
          - Craft via Basic Charcoal Kiln Charcoal x11 -> Charcoal x275 (275 req/0 extra)
        - External craft (skill_blacksmithing) via Basic Furnace Wrought Iron Ingot x7 -> Wrought Iron Ingot x140 (131 req/9 extra)
      - External craft (skill_blacksmithing) via Forge Wrought Iron Sheet x68 -> Wrought Iron Sheet x68 (68 req/0 extra)
            - Gather Impure Iron Ore x200
              - Gather Sapwood x800
            - Craft via Basic Charcoal Kiln Charcoal x16 -> Charcoal x400 (400 req/0 extra)
          - External craft (skill_blacksmithing) via Basic Furnace Iron Ingot x5 -> Iron Ingot x100 (85 req/15 extra)
        - External craft (skill_blacksmithing) via Basic Forge Iron Bar x17 -> Iron Bar x34 (34 req/0 extra)
      - External craft (skill_blacksmithing) via Basic Forge Iron Nails x34 -> Iron Nails x1700 (1700 req/0 extra)
    - External craft (skill_blacksmithing) via Forge Wrought Iron Hinges x34 -> Wrought Iron Hinges x170 (168 req/2 extra)
  - Craft via Carpenter Workbench Elegant Wooden Door x42 -> item_prop_door_wooden_painted x42 (42 req/0 extra)
- Craft Elegant Wooden Double Door x21 (final)"
skill_building,26,27,,2,recipe_building_prop_door_wooden_painted,Elegant Wooden Door,,42,412.6,17120.7,11.03,Heartwood-680; Impure Iron Ore-800; Sapwood-4000,"Elegant Wooden Door x42 (final)
      - Gather Heartwood x680
    - Craft via Wood Chopping Block Fine Wooden Plank x68 -> Fine Wooden Plank x680 (672 req/8 extra)
            - Gather Impure Iron Ore x200
              - Gather Sapwood x800
            - Craft via Basic Charcoal Kiln Charcoal x16 -> Charcoal x400 (400 req/0 extra)
          - External craft (skill_blacksmithing) via Basic Furnace Iron Ingot x5 -> Iron Ingot x100 (90 req/10 extra)
            - Gather Sapwood x250
          - Craft via Basic Charcoal Kiln Charcoal x5 -> Charcoal x125 (120 req/5 extra)
        - External craft (skill_blacksmithing) via Basic Furnace Wrought Iron Ingot x3 -> Wrought Iron Ingot x60 (55 req/5 extra)
      - External craft (skill_blacksmithing) via Basic Forge Wrought Iron Bar x11 -> Wrought Iron Bar x22 (21 req/1 extra)
    - External craft (skill_blacksmithing) via Forge Wrought Iron Nails x21 -> Wrought Iron Nails x1050 (1008 req/42 extra)
            - Gather Impure Iron Ore x400
              - Gather Sapwood x1600
            - Craft via Basic Charcoal Kiln Charcoal x32 -> Charcoal x800 (795 req/5 extra)
          - External craft (skill_blacksmithing) via Basic Furnace Iron Ingot x10 -> Iron Ingot x200 (200 req/0 extra)
            - Gather Sapwood x550
          - Craft via Basic Charcoal Kiln Charcoal x11 -> Charcoal x275 (275 req/0 extra)
        - External craft (skill_blacksmithing) via Basic Furnace Wrought Iron Ingot x7 -> Wrought Iron Ingot x140 (131 req/9 extra)
      - External craft (skill_blacksmithing) via Forge Wrought Iron Sheet x68 -> Wrought Iron Sheet x68 (68 req/0 extra)
            - Gather Impure Iron Ore x200
              - Gather Sapwood x800
            - Craft via Basic Charcoal Kiln Charcoal x16 -> Charcoal x400 (400 req/0 extra)
          - External craft (skill_blacksmithing) via Basic Furnace Iron Ingot x5 -> Iron Ingot x100 (85 req/15 extra)
        - External craft (skill_blacksmithing) via Basic Forge Iron Bar x17 -> Iron Bar x34 (34 req/0 extra)
      - External craft (skill_blacksmithing) via Basic Forge Iron Nails x34 -> Iron Nails x1700 (1700 req/0 extra)
    - External craft (skill_blacksmithing) via Forge Wrought Iron Hinges x34 -> Wrought Iron Hinges x170 (168 req/2 extra)
  - Craft via Carpenter Workbench Elegant Wooden Door x42 -> item_prop_door_wooden_painted x42 (42 req/0 extra)
- Craft Elegant Wooden Door x42 (final)"
skill_building,26,27,,3,recipe_building_prop_door_wooden_painted_left,Elegant Wooden Door,,42,412.6,17120.7,11.03,Heartwood-680; Impure Iron Ore-800; Sapwood-4000,"Elegant Wooden Door x42 (final)
      - Gather Heartwood x680
    - Craft via Wood Chopping Block Fine Wooden Plank x68 -> Fine Wooden Plank x680 (672 req/8 extra)
            - Gather Impure Iron Ore x200
              - Gather Sapwood x800
            - Craft via Basic Charcoal Kiln Charcoal x16 -> Charcoal x400 (400 req/0 extra)
          - External craft (skill_blacksmithing) via Basic Furnace Iron Ingot x5 -> Iron Ingot x100 (90 req/10 extra)
            - Gather Sapwood x250
          - Craft via Basic Charcoal Kiln Charcoal x5 -> Charcoal x125 (120 req/5 extra)
        - External craft (skill_blacksmithing) via Basic Furnace Wrought Iron Ingot x3 -> Wrought Iron Ingot x60 (55 req/5 extra)
      - External craft (skill_blacksmithing) via Basic Forge Wrought Iron Bar x11 -> Wrought Iron Bar x22 (21 req/1 extra)
    - External craft (skill_blacksmithing) via Forge Wrought Iron Nails x21 -> Wrought Iron Nails x1050 (1008 req/42 extra)
            - Gather Impure Iron Ore x400
              - Gather Sapwood x1600
            - Craft via Basic Charcoal Kiln Charcoal x32 -> Charcoal x800 (795 req/5 extra)
          - External craft (skill_blacksmithing) via Basic Furnace Iron Ingot x10 -> Iron Ingot x200 (200 req/0 extra)
            - Gather Sapwood x550
          - Craft via Basic Charcoal Kiln Charcoal x11 -> Charcoal x275 (275 req/0 extra)
        - External craft (skill_blacksmithing) via Basic Furnace Wrought Iron Ingot x7 -> Wrought Iron Ingot x140 (131 req/9 extra)
      - External craft (skill_blacksmithing) via Forge Wrought Iron Sheet x68 -> Wrought Iron Sheet x68 (68 req/0 extra)
            - Gather Impure Iron Ore x200
              - Gather Sapwood x800
            - Craft via Basic Charcoal Kiln Charcoal x16 -> Charcoal x400 (400 req/0 extra)
          - External craft (skill_blacksmithing) via Basic Furnace Iron Ingot x5 -> Iron Ingot x100 (85 req/15 extra)
        - External craft (skill_blacksmithing) via Basic Forge Iron Bar x17 -> Iron Bar x34 (34 req/0 extra)
      - External craft (skill_blacksmithing) via Basic Forge Iron Nails x34 -> Iron Nails x1700 (1700 req/0 extra)
    - External craft (skill_blacksmithing) via Forge Wrought Iron Hinges x34 -> Wrought Iron Hinges x170 (168 req/2 extra)
  - Craft via Carpenter Workbench Elegant Wooden Door x42 -> item_prop_door_wooden_painted x42 (42 req/0 extra)
- Craft Elegant Wooden Door x42 (final)"
skill_armor_smithing,16,17,,1,recipe_crafter_blacksmith_armor_workbench_2,Armorer Workbench,,65,512.6,33319.2,325.81,Heartwood-910; Rough Animal Hide-130; Copper Ore-660; Impure Iron Ore-2640; Tin Ore-660; Limestone-35; Sapwood-16535,"Armorer Workbench x65 (final)
          - Gather Impure Iron Ore x2000
            - Gather Sapwood x8000
          - External craft (skill_building) via Basic Charcoal Kiln Charcoal x160 -> Charcoal x4000 (4000 req/0 extra)
        - External craft (skill_blacksmithing) via Basic Furnace Iron Ingot x50 -> Iron Ingot x1000 (990 req/10 extra)
          - Gather Sapwood x2650
        - External craft (skill_building) via Basic Charcoal Kiln Charcoal x53 -> Charcoal x1325 (1320 req/5 extra)
      - External craft (skill_blacksmithing) via Basic Furnace Wrought Iron Ingot x33 -> Wrought Iron Ingot x660 (650 req/10 extra)
    - External craft (skill_blacksmithing) via Forge Wrought Iron Sheet x325 -> Wrought Iron Sheet x325 (325 req/0 extra)
        - Gather Rough Animal Hide x130
          - Gather Limestone x35
          - Gather Sapwood x35
        - External craft (skill_blacksmithing) via Basic Charcoal Kiln Lime x7 -> Lime x70 (65 req/5 extra)
        - External craft (skill_building) via Water Well Water x4 -> Water x80 (65 req/15 extra)
      - External craft (skill_leatherworking) via Simple Tanning Rack Inferior Leather x13 -> Inferior Leather x130 (130 req/0 extra)
    - External craft (skill_leatherworking) via Leatherworking Table Heavy Top Grain Leather x130 -> Heavy Top Grain Leather x130 (130 req/0 extra)
          - Gather Impure Iron Ore x640
            - Gather Sapwood x2550
          - External craft (skill_building) via Basic Charcoal Kiln Charcoal x51 -> Charcoal x1275 (1275 req/0 extra)
        - External craft (skill_blacksmithing) via Basic Furnace Iron Ingot x16 -> Iron Ingot x320 (315 req/5 extra)
      - External craft (skill_blacksmithing) via Basic Forge Iron Bar x65 -> Iron Bar x130 (130 req/0 extra)
    - External craft (skill_blacksmithing) via Basic Forge Iron Nails x130 -> Iron Nails x6500 (6500 req/0 extra)
        - Gather Tin Ore x660
        - Gather Copper Ore x660
        - Gather Sapwood x3300
      - External craft (skill_blacksmithing) via Basic Furnace Bronze Ingot x33 -> Bronze Ingot x660 (650 req/10 extra)
    - External craft (skill_blacksmithing) via Basic Forge Bronze Sheet x325 -> Bronze Sheet x325 (325 req/0 extra)
  - Craft via Basic Armorer Workbench Armorer Tools x65 -> Armorer Tools x65 (65 req/0 extra)
    - Gather Heartwood x520
  - External craft (skill_building) via Wood Chopping Block Fine Wood Beam x52 -> Fine Wood Beam x260 (260 req/0 extra)
    - Gather Heartwood x390
  - External craft (skill_building) via Wood Chopping Block Fine Wooden Plank x39 -> Fine Wooden Plank x390 (390 req/0 extra)
- Craft Armorer Workbench x65 (final)"
skill_armor_smithing,16,17,,2,recipe_wearable_metal_feet_pilgrim_boj2_t2_rare,Pilgrim's Sabatons II,,44,762.7,33559.1,646.75,Rough Animal Hide-10; Copper Ore-40; Impure Iron Ore-1800; Tin Ore-40; Cobra Lily-440; Sapwood-7400; Worn Out Sigil-528; Seal of the Lost Abbot-44,"Pilgrim's Sabatons II x44 (final)
  - Gather Worn Out Sigil x528
  - Gather Seal of the Lost Abbot x44
  - Gather Cobra Lily x440
      - Gather Impure Iron Ore x1760
        - Gather Sapwood x7050
      - External craft (skill_building) via Basic Charcoal Kiln Charcoal x141 -> Charcoal x3525 (3520 req/5 extra)
    - External craft (skill_blacksmithing) via Basic Furnace Iron Ingot x44 -> Iron Ingot x880 (880 req/0 extra)
  - External craft (skill_blacksmithing) via Basic Forge Iron Sheet x440 -> Iron Sheet x440 (440 req/0 extra)
        - Gather Rough Animal Hide x10
      - External craft (skill_leatherworking) via Simple Tanning Rack Rawhide x1 -> Rawhide x10 (5 req/5 extra)
    - External craft (skill_leatherworking) via Simple Leatherworking Table Nubuck Leather x5 -> Nubuck Leather x5 (5 req/0 extra)
  - External craft (skill_leatherworking) via Simple Leatherworking Table Coarse Leather Band x5 -> Coarse Leather Band x100 (88 req/12 extra)
        - Gather Tin Ore x40
        - Gather Copper Ore x40
        - Gather Sapwood x200
      - External craft (skill_blacksmithing) via Basic Furnace Bronze Ingot x2 -> Bronze Ingot x40 (40 req/0 extra)
    - External craft (skill_blacksmithing) via Basic Forge Bronze Sheet x20 -> Bronze Sheet x20 (20 req/0 extra)
  - External craft (skill_blacksmithing) via Basic Forge Bronze Buckle x4 -> Bronze Buckle x100 (88 req/12 extra)
        - Gather Impure Iron Ore x40
          - Gather Sapwood x150
        - External craft (skill_building) via Basic Charcoal Kiln Charcoal x3 -> Charcoal x75 (75 req/0 extra)
      - External craft (skill_blacksmithing) via Basic Furnace Iron Ingot x1 -> Iron Ingot x20 (15 req/5 extra)
    - External craft (skill_blacksmithing) via Basic Forge Iron Bar x3 -> Iron Bar x6 (5 req/1 extra)
  - External craft (skill_blacksmithing) via Basic Forge Iron Studs x5 -> Iron Studs x1000 (880 req/120 extra)
- Craft Pilgrim's Sabatons II x44 (final)"
skill_armor_smithing,16,17,,3,recipe_wearable_metal_feet_warrior_ss_t2_rare,Warrior's Sabatons of Swift March II,,46,729.5,33557.6,676.15,Rough Animal Hide-10; Copper Ore-40; Impure Iron Ore-1880; Tin Ore-40; Cobra Lily-460; Sapwood-7750; Furry Collarstone-552; Icon of the Choir-46,"Warrior's Sabatons of Swift March II x46 (final)
  - Gather Furry Collarstone x552
  - Gather Icon of the Choir x46
  - Gather Cobra Lily x460
      - Gather Impure Iron Ore x1840
        - Gather Sapwood x7400
      - External craft (skill_building) via Basic Charcoal Kiln Charcoal x148 -> Charcoal x3700 (3680 req/20 extra)
    - External craft (skill_blacksmithing) via Basic Furnace Iron Ingot x46 -> Iron Ingot x920 (920 req/0 extra)
  - External craft (skill_blacksmithing) via Basic Forge Iron Sheet x460 -> Iron Sheet x460 (460 req/0 extra)
        - Gather Rough Animal Hide x10
      - External craft (skill_leatherworking) via Simple Tanning Rack Rawhide x1 -> Rawhide x10 (5 req/5 extra)
    - External craft (skill_leatherworking) via Simple Leatherworking Table Nubuck Leather x5 -> Nubuck Leather x5 (5 req/0 extra)
  - External craft (skill_leatherworking) via Simple Leatherworking Table Coarse Leather Band x5 -> Coarse Leather Band x100 (92 req/8 extra)
        - Gather Tin Ore x40
        - Gather Copper Ore x40
        - Gather Sapwood x200
      - External craft (skill_blacksmithing) via Basic Furnace Bronze Ingot x2 -> Bronze Ingot x40 (40 req/0 extra)
    - External craft (skill_blacksmithing) via Basic Forge Bronze Sheet x20 -> Bronze Sheet x20 (20 req/0 extra)
  - External craft (skill_blacksmithing) via Basic Forge Bronze Buckle x4 -> Bronze Buckle x100 (92 req/8 extra)
        - Gather Impure Iron Ore x40
          - Gather Sapwood x150
        - External craft (skill_building) via Basic Charcoal Kiln Charcoal x3 -> Charcoal x75 (60 req/15 extra)
      - External craft (skill_blacksmithing) via Basic Furnace Iron Ingot x1 -> Iron Ingot x20 (15 req/5 extra)
    - External craft (skill_blacksmithing) via Basic Forge Iron Bar x3 -> Iron Bar x6 (5 req/1 extra)
  - External craft (skill_blacksmithing) via Basic Forge Iron Studs x5 -> Iron Studs x1000 (920 req/80 extra)
- Craft Warrior's Sabatons of Swift March II x46 (final)"
skill_cooking,18,19,,1,recipe_activatable_drink_herbal_tea_hpregen_1,Dandelion Herb Infusion,,168,283.2,47576.1,262.86,Dandelion-840; Rosemary-336,"Dandelion Herb Infusion x168 (final)
  - External craft (skill_building) via Water Well Water x42 -> Water x840 (840 req/0 extra)
  - Gather Dandelion x840
  - Gather Rosemary x336
- Craft Dandelion Herb Infusion x168 (final)"
skill_cooking,18,19,,2,recipe_activatable_drink_sirup_hpregen_20,Strawberry Syrup,,184,258.9,47640.0,290.57,Strawberry-920,"Strawberry Syrup x184 (final)
  - External craft (skill_building) via Water Well Water x46 -> Water x920 (920 req/0 extra)
  - Gather Strawberry x920
- Craft Strawberry Syrup x184 (final)"
skill_cooking,18,19,,3,recipe_activatable_foodcooked_vegetable_stew_staminaregen_11,Vegetable Stew,,182,260.6,47424.8,311.07,Enoki-910; Animal Fat-74; Garlic-182; Mustard-182; Red Onion-364,"Vegetable Stew x182 (final)
  - Gather Red Onion x364
  - Gather Mustard x182
  - Gather Garlic x182
  - Gather Enoki x910
    - Gather Animal Fat x74
  - Craft via Basic Cooking Hearth Lard x37 -> Lard x185 (182 req/3 extra)
- Craft Vegetable Stew x182 (final)"
skill_jewelerycrafting,17,18,,1,recipe_wearable_jewellery_bracelet_common_7,Shiny Silver Bracelet,,138,292.2,40328.6,55.20,Impure Iron Ore-440; Sapwood-2350,"Shiny Silver Bracelet x138 (final)
      - Gather Impure Iron Ore x440
        - Gather Sapwood x1800
      - External craft (skill_building) via Basic Charcoal Kiln Charcoal x36 -> Charcoal x900 (880 req/20 extra)
    - External craft (skill_blacksmithing) via Basic Furnace Iron Ingot x11 -> Iron Ingot x220 (210 req/10 extra)
      - Gather Sapwood x550
    - External craft (skill_building) via Basic Charcoal Kiln Charcoal x11 -> Charcoal x275 (260 req/15 extra)
  - External craft (skill_blacksmithing) via Basic Furnace Wrought Iron Ingot x7 -> Wrought Iron Ingot x140 (138 req/2 extra)
- Craft Shiny Silver Bracelet x138 (final)"
skill_jewelerycrafting,17,18,,2,recipe_crafter_jewelcrafting_workbench_2,Jeweler Table,,72,557.5,40142.5,360.90,Amber-72; Heartwood-1020; Rough Animal Hide-80; Copper Ore-2160; Tin Ore-2160; Limestone-20; Sapwood-10820,"Jeweler Table x72 (final)
    - Gather Amber x72
        - Gather Rough Animal Hide x80
          - Gather Limestone x20
          - Gather Sapwood x20
        - External craft (skill_blacksmithing) via Basic Charcoal Kiln Lime x4 -> Lime x40 (40 req/0 extra)
        - External craft (skill_building) via Water Well Water x2 -> Water x40 (40 req/0 extra)
      - External craft (skill_leatherworking) via Simple Tanning Rack Inferior Leather x8 -> Inferior Leather x80 (72 req/8 extra)
    - External craft (skill_leatherworking) via Leatherworking Table Heavy Top Grain Leather x72 -> Heavy Top Grain Leather x72 (72 req/0 extra)
        - Gather Tin Ore x1800
        - Gather Copper Ore x1800
        - Gather Sapwood x9000
      - External craft (skill_blacksmithing) via Basic Furnace Bronze Ingot x90 -> Bronze Ingot x1800 (1800 req/0 extra)
    - External craft (skill_blacksmithing) via Basic Forge Bronze Bar x360 -> Bronze Bar x360 (360 req/0 extra)
      - Gather Tin Ore x360
      - Gather Copper Ore x360
      - Gather Sapwood x1800
    - External craft (skill_blacksmithing) via Basic Furnace Bronze Ingot x18 -> Bronze Ingot x360 (360 req/0 extra)
  - Craft via Basic Jeweler Table Jewelcrafting Tools x72 -> Jewelcrafting Tools x72 (72 req/0 extra)
    - Gather Heartwood x580
  - External craft (skill_building) via Wood Chopping Block Fine Wood Beam x58 -> Fine Wood Beam x290 (288 req/2 extra)
    - Gather Heartwood x440
  - External craft (skill_building) via Wood Chopping Block Fine Wooden Plank x44 -> Fine Wooden Plank x440 (432 req/8 extra)
- Craft Jeweler Table x72 (final)"
skill_jewelerycrafting,17,18,,3,recipe_item_unlock_crafter_jewelcrafting_workbench_2,Jewelcrafting Tools,,142,282.5,40109.3,367.90,Amber-142; Rough Animal Hide-150; Copper Ore-4260; Tin Ore-4260; Limestone-40; Sapwood-21340,"Jewelcrafting Tools x142 (final)
  - Gather Amber x142
      - Gather Rough Animal Hide x150
        - Gather Limestone x40
        - Gather Sapwood x40
      - External craft (skill_blacksmithing) via Basic Charcoal Kiln Lime x8 -> Lime x80 (75 req/5 extra)
      - External craft (skill_building) via Water Well Water x4 -> Water x80 (75 req/5 extra)
    - External craft (skill_leatherworking) via Simple Tanning Rack Inferior Leather x15 -> Inferior Leather x150 (142 req/8 extra)
  - External craft (skill_leatherworking) via Leatherworking Table Heavy Top Grain Leather x142 -> Heavy Top Grain Leather x142 (142 req/0 extra)
      - Gather Tin Ore x3560
      - Gather Copper Ore x3560
      - Gather Sapwood x17800
    - External craft (skill_blacksmithing) via Basic Furnace Bronze Ingot x178 -> Bronze Ingot x3560 (3550 req/10 extra)
  - External craft (skill_blacksmithing) via Basic Forge Bronze Bar x710 -> Bronze Bar x710 (710 req/0 extra)
    - Gather Tin Ore x700
    - Gather Copper Ore x700
    - Gather Sapwood x3500
  - External craft (skill_blacksmithing) via Basic Furnace Bronze Ingot x35 -> Bronze Ingot x700 (700 req/0 extra)
- Craft Jewelcrafting Tools x142 (final)"
skill_winery_and_brewing,17,18,,1,recipe_activatable_drink_mead_staminaregen_8,Weak Mead,,177,227.0,40170.3,297.95,Barley Grain-180; Rye Grain-180,"Weak Mead x177 (final)
  - External craft (skill_cooking) via Basic Beehive Honey x177 -> Honey x885 (885 req/0 extra)
      - Gather Barley Grain x180
    - Craft via Basic Fermenter Malt x9 -> Malt x180 (180 req/0 extra)
      - External craft (skill_building) via Water Well Water x9 -> Water x180 (180 req/0 extra)
        - Gather Rye Grain x180
      - External craft (skill_baking) via Millstone Rye Flour x9 -> Rye Flour x180 (180 req/0 extra)
    - External craft (skill_baking) via Basic Fermenter Yeast x9 -> Yeast x180 (180 req/0 extra)
    - External craft (skill_building) via Water Well Water x9 -> Water x180 (180 req/0 extra)
  - Craft via Basic Fermenter Weak Mead Base x18 -> Weak Mead Base x180 (177 req/3 extra)
- Craft Weak Mead x177 (final)"
skill_winery_and_brewing,17,18,,2,recipe_activatable_drink_mead_staminaregen_16,Blueberry Mead,,174,230.6,40128.1,348.58,Blueberry-870; Barley Grain-180; Rye Grain-180,"Blueberry Mead x174 (final)
  - External craft (skill_cooking) via Basic Beehive Honey x174 -> Honey x870 (870 req/0 extra)
      - Gather Barley Grain x180
    - Craft via Basic Fermenter Malt x9 -> Malt x180 (180 req/0 extra)
      - External craft (skill_building) via Water Well Water x9 -> Water x180 (180 req/0 extra)
        - Gather Rye Grain x180
      - External craft (skill_baking) via Millstone Rye Flour x9 -> Rye Flour x180 (180 req/0 extra)
    - External craft (skill_baking) via Basic Fermenter Yeast x9 -> Yeast x180 (180 req/0 extra)
    - External craft (skill_building) via Water Well Water x9 -> Water x180 (180 req/0 extra)
  - Craft via Basic Fermenter Weak Mead Base x18 -> Weak Mead Base x180 (174 req/6 extra)
  - Gather Blueberry x870
- Craft Blueberry Mead x174 (final)"
skill_winery_and_brewing,17,18,,3,recipe_activatable_drink_mead_staminaregen_24,Raspberry Mead,,225,178.3,40118.7,516.21,Raspberry-1125; Barley Grain-240; Rye Grain-240,"Raspberry Mead x225 (final)
  - External craft (skill_cooking) via Basic Beehive Honey x225 -> Honey x1125 (1125 req/0 extra)
      - Gather Barley Grain x240
    - Craft via Basic Fermenter Malt x12 -> Malt x240 (230 req/10 extra)
      - External craft (skill_building) via Water Well Water x12 -> Water x240 (240 req/0 extra)
        - Gather Rye Grain x240
      - External craft (skill_baking) via Millstone Rye Flour x12 -> Rye Flour x240 (240 req/0 extra)
    - External craft (skill_baking) via Basic Fermenter Yeast x12 -> Yeast x240 (230 req/10 extra)
    - External craft (skill_building) via Water Well Water x12 -> Water x240 (230 req/10 extra)
  - Craft via Basic Fermenter Cloudy Mead Base x23 -> Cloudy Mead Base x230 (225 req/5 extra)
  - Gather Raspberry x1125
- Craft Raspberry Mead x225 (final)"
skill_alchemy,18,19,,1,recipe_crafter_alchemy_workbench_2,Alchemy Table,,82,573.8,47052.9,411.03,Nightshade Fruit-410; Heartwood-1160; Rough Animal Hide-500; Copper Ore-2060; Tin Ore-2060; Limestone-210; Sand-8200; Sapwood-20360,"Alchemy Table x82 (final)
      - Gather Sand x8200
        - Gather Sapwood x9850
      - External craft (skill_building) via Basic Charcoal Kiln Charcoal x197 -> Charcoal x4925 (4920 req/5 extra)
    - External craft (skill_building) via Furnace Glass x164 -> Glass x1640 (1640 req/0 extra)
        - Gather Rough Animal Hide x500
          - Gather Limestone x125
          - Gather Sapwood x125
        - External craft (skill_blacksmithing) via Basic Charcoal Kiln Lime x25 -> Lime x250 (250 req/0 extra)
        - External craft (skill_building) via Water Well Water x13 -> Water x260 (250 req/10 extra)
      - External craft (skill_leatherworking) via Simple Tanning Rack Inferior Leather x50 -> Inferior Leather x500 (495 req/5 extra)
        - Gather Limestone x85
        - Gather Sapwood x85
      - External craft (skill_blacksmithing) via Basic Charcoal Kiln Lime x17 -> Lime x170 (165 req/5 extra)
      - External craft (skill_building) via Water Well Water x8 -> Water x160 (155 req/5 extra)
    - External craft (skill_leatherworking) via Tanning Rack Boiled Leather x33 -> Boiled Leather x165 (164 req/1 extra)
        - Gather Tin Ore x2060
        - Gather Copper Ore x2060
        - Gather Sapwood x10300
      - External craft (skill_blacksmithing) via Basic Furnace Bronze Ingot x103 -> Bronze Ingot x2060 (2050 req/10 extra)
    - External craft (skill_blacksmithing) via Basic Forge Bronze Bar x410 -> Bronze Bar x410 (410 req/0 extra)
    - Gather Nightshade Fruit x410
  - Craft via Basic Alchemy Table Alchemy Instruments x82 -> Alchemy Instruments x82 (82 req/0 extra)
    - Gather Heartwood x660
  - External craft (skill_building) via Wood Chopping Block Fine Wood Beam x66 -> Fine Wood Beam x330 (328 req/2 extra)
    - Gather Heartwood x500
  - External craft (skill_building) via Wood Chopping Block Fine Wooden Plank x50 -> Fine Wooden Plank x500 (492 req/8 extra)
- Craft Alchemy Table x82 (final)"
skill_alchemy,18,19,,2,recipe_activatable_potion_potion_of_protection_very_small_32,Aegis Potion V,,189,249.5,47149.8,734.66,Castor Plant-190; Sand-11360; Sapwood-11550,"Aegis Potion V x189 (final)
    - Gather Castor Plant x190
      - Gather Sapwood x200
    - External craft (skill_building) via Basic Charcoal Kiln Charcoal x4 -> Charcoal x100 (76 req/24 extra)
    - External craft (skill_building) via Water Well Water x10 -> Water x200 (190 req/10 extra)
  - Craft via Basic Reagent Distiller Castor Extract x38 -> Castor Extract x380 (378 req/2 extra)
  - External craft (skill_building) via Water Well Water x76 -> Water x1520 (1502 req/18 extra)
      - Gather Sand x11360
        - Gather Sapwood x11350
      - External craft (skill_building) via Basic Charcoal Kiln Charcoal x227 -> Charcoal x5675 (5656 req/19 extra)
    - External craft (skill_building) via Basic Furnace Rough Glass x284 -> Rough Glass x2840 (2835 req/5 extra)
  - External craft (skill_blacksmithing) via Basic Forge Small Vial x189 -> Small Vial x945 (945 req/0 extra)
- Craft Aegis Potion V x189 (final)"
skill_alchemy,18,19,,3,recipe_activatable_potion_arcance_resistance_very_small_30,Cold Resistance I,,189,249.5,47149.8,839.00,Crane Flower-190; Sand-11360; Sapwood-11550,"Cold Resistance I x189 (final)
    - Gather Crane Flower x190
      - Gather Sapwood x200
    - External craft (skill_building) via Basic Charcoal Kiln Charcoal x4 -> Charcoal x100 (76 req/24 extra)
    - External craft (skill_building) via Water Well Water x10 -> Water x200 (190 req/10 extra)
  - Craft via Basic Reagent Distiller Crane Flower Extract x38 -> Crane Flower Extract x380 (378 req/2 extra)
  - External craft (skill_building) via Water Well Water x76 -> Water x1520 (1502 req/18 extra)
      - Gather Sand x11360
        - Gather Sapwood x11350
      - External craft (skill_building) via Basic Charcoal Kiln Charcoal x227 -> Charcoal x5675 (5656 req/19 extra)
    - External craft (skill_building) via Basic Furnace Rough Glass x284 -> Rough Glass x2840 (2835 req/5 extra)
  - External craft (skill_blacksmithing) via Basic Forge Small Vial x189 -> Small Vial x945 (945 req/0 extra)
- Craft Cold Resistance I x189 (final)"
skill_baking,20,21,,1,recipe_activatable_foodcooked_bread_hpregen_20,Barley and Rye Bread,,2913,23.0,66999.0,2929.99,Suet-2332; Barley Grain-1180; Rye Grain-6426,"Barley and Rye Bread x2913 (final)
      - Gather Barley Grain x1180
    - Craft via Millstone Barley Flour x59 -> Barley Flour x1180 (1166 req/14 extra)
      - External craft (skill_building) via Water Well Water x30 -> Water x600 (600 req/0 extra)
        - Gather Rye Grain x600
      - Craft via Millstone Rye Flour x30 -> Rye Flour x600 (600 req/0 extra)
    - Craft via Basic Fermenter Yeast x30 -> Yeast x600 (583 req/17 extra)
    - External craft (skill_building) via Water Well Water x146 -> Water x2920 (2915 req/5 extra)
  - Craft via Basic Cooking Workbench Barley Dough x583 -> Barley Dough x2915 (2913 req/2 extra)
  - Gather Rye Grain x5826
    - Gather Suet x2332
  - External craft (skill_cooking) via Basic Cooking Hearth Tallow x1166 -> Tallow x5830 (5826 req/4 extra)
- Craft Barley and Rye Bread x2913 (final)"
skill_baking,20,21,,2,recipe_activatable_foodcooked_pastry_staminaregen_22,Trail Pie,,2482,27.0,67014.0,12203.17,Animal Fat-9928; Barley Grain-9940; Rye Grain-4980,"Trail Pie x2482 (final)
      - Gather Barley Grain x9940
    - Craft via Millstone Barley Flour x497 -> Barley Flour x9940 (9928 req/12 extra)
      - External craft (skill_building) via Water Well Water x249 -> Water x4980 (4980 req/0 extra)
        - Gather Rye Grain x4980
      - Craft via Millstone Rye Flour x249 -> Rye Flour x4980 (4980 req/0 extra)
    - Craft via Basic Fermenter Yeast x249 -> Yeast x4980 (4964 req/16 extra)
    - External craft (skill_building) via Water Well Water x1241 -> Water x24820 (24820 req/0 extra)
  - Craft via Basic Cooking Workbench Barley Dough x4964 -> Barley Dough x24820 (24820 req/0 extra)
    - Gather Animal Fat x9928
  - External craft (skill_cooking) via Basic Cooking Hearth Lard x4964 -> Lard x24820 (24820 req/0 extra)
- Craft Trail Pie x2482 (final)"
skill_weapon_smithing,20,21,,1,recipe_wieldable_tool_skinning_knife_t2_rare,Honed Iron Skinning Knife,,79,845.7,66810.3,404.13,Rough Animal Hide-10; Impure Iron Ore-1120; Sapwood-4580; Furry Collarstone-948; Whisper of the Star-79,"Honed Iron Skinning Knife x79 (final)
  - Gather Furry Collarstone x948
  - Gather Whisper of the Star x79
        - Gather Impure Iron Ore x800
          - Gather Sapwood x3200
        - External craft (skill_building) via Basic Charcoal Kiln Charcoal x64 -> Charcoal x1600 (1600 req/0 extra)
      - External craft (skill_blacksmithing) via Basic Furnace Iron Ingot x20 -> Iron Ingot x400 (395 req/5 extra)
    - External craft (skill_blacksmithing) via Basic Forge Iron Bar x79 -> Iron Bar x158 (158 req/0 extra)
  - External craft (skill_blacksmithing) via Basic Forge Iron Knife Blade x79 -> Iron Knife Blade x79 (79 req/0 extra)
    - Gather Sapwood x80
  - External craft (skill_building) via Wood Chopping Block Long Wood Stock x16 -> Long Wood Stock x80 (79 req/1 extra)
      - Gather Impure Iron Ore x320
        - Gather Sapwood x1300
      - External craft (skill_building) via Basic Charcoal Kiln Charcoal x26 -> Charcoal x650 (640 req/10 extra)
    - External craft (skill_blacksmithing) via Basic Furnace Iron Ingot x8 -> Iron Ingot x160 (153 req/7 extra)
  - External craft (skill_blacksmithing) via Basic Forge Iron Sheet x79 -> Iron Sheet x79 (79 req/0 extra)
        - Gather Rough Animal Hide x10
      - External craft (skill_leatherworking) via Simple Tanning Rack Rawhide x1 -> Rawhide x10 (8 req/2 extra)
    - External craft (skill_leatherworking) via Simple Leatherworking Table Nubuck Leather x8 -> Nubuck Leather x8 (8 req/0 extra)
  - External craft (skill_leatherworking) via Simple Leatherworking Table Coarse Leather Band x8 -> Coarse Leather Band x160 (158 req/2 extra)
- Craft Honed Iron Skinning Knife x79 (final)"
skill_weapon_smithing,20,21,,2,recipe_wieldable_tool_woodcutting_axe_t2_rare,Honed Iron Chopping Axe,,97,689.0,66834.2,467.36,Rough Animal Hide-10; Impure Iron Ore-2360; Sapwood-9645; Worn Out Locket-1164; Token of the Murmur-97,"Honed Iron Chopping Axe x97 (final)
  - Gather Worn Out Locket x1164
  - Gather Token of the Murmur x97
    - Gather Sapwood x195
  - External craft (skill_building) via Wood Chopping Block Long Wood Stock x39 -> Long Wood Stock x195 (194 req/1 extra)
        - Gather Impure Iron Ore x1960
          - Gather Sapwood x7850
        - External craft (skill_building) via Basic Charcoal Kiln Charcoal x157 -> Charcoal x3925 (3920 req/5 extra)
      - External craft (skill_blacksmithing) via Basic Furnace Iron Ingot x49 -> Iron Ingot x980 (970 req/10 extra)
    - External craft (skill_blacksmithing) via Basic Forge Iron Sheet x485 -> Iron Sheet x485 (485 req/0 extra)
      - Gather Impure Iron Ore x400
        - Gather Sapwood x1600
      - External craft (skill_building) via Basic Charcoal Kiln Charcoal x32 -> Charcoal x800 (795 req/5 extra)
    - External craft (skill_blacksmithing) via Basic Furnace Iron Ingot x10 -> Iron Ingot x200 (184 req/16 extra)
  - External craft (skill_blacksmithing) via Basic Forge Iron Axe Head x97 -> Iron Axe Head x97 (97 req/0 extra)
        - Gather Rough Animal Hide x10
      - External craft (skill_leatherworking) via Simple Tanning Rack Rawhide x1 -> Rawhide x10 (5 req/5 extra)
    - External craft (skill_leatherworking) via Simple Leatherworking Table Nubuck Leather x5 -> Nubuck Leather x5 (5 req/0 extra)
  - External craft (skill_leatherworking) via Simple Leatherworking Table Coarse Leather Band x5 -> Coarse Leather Band x100 (97 req/3 extra)
- Craft Honed Iron Chopping Axe x97 (final)"
skill_weapon_smithing,20,21,,3,recipe_wieldable_tool_mining_pickaxe_t2_rare,Honed Iron Pickaxe,,85,790.8,67219.1,514.73,Rough Animal Hide-50; Copper Ore-860; Impure Iron Ore-4280; Tin Ore-860; Sapwood-26550; Worn Out Locket-1020; Locket of the Earthvein-85,"Honed Iron Pickaxe x85 (final)
  - Gather Worn Out Locket x1020
  - Gather Locket of the Earthvein x85
          - Gather Impure Iron Ore x3240
            - Gather Sapwood x13000
          - External craft (skill_building) via Basic Charcoal Kiln Charcoal x260 -> Charcoal x6500 (6480 req/20 extra)
        - External craft (skill_blacksmithing) via Basic Furnace Iron Ingot x81 -> Iron Ingot x1620 (1620 req/0 extra)
          - Gather Sapwood x4300
        - External craft (skill_building) via Basic Charcoal Kiln Charcoal x86 -> Charcoal x2150 (2140 req/10 extra)
      - External craft (skill_blacksmithing) via Basic Furnace Wrought Iron Ingot x54 -> Wrought Iron Ingot x1080 (1065 req/15 extra)
    - External craft (skill_blacksmithing) via Basic Forge Wrought Iron Bar x213 -> Wrought Iron Bar x426 (425 req/1 extra)
  - External craft (skill_blacksmithing) via Forge Wrought Iron Sword Blade x85 -> Wrought Iron Sword Blade x85 (85 req/0 extra)
        - Gather Impure Iron Ore x440
          - Gather Sapwood x1750
        - External craft (skill_building) via Basic Charcoal Kiln Charcoal x35 -> Charcoal x875 (870 req/5 extra)
      - External craft (skill_blacksmithing) via Basic Furnace Iron Ingot x11 -> Iron Ingot x220 (215 req/5 extra)
    - External craft (skill_blacksmithing) via Basic Forge Iron Bar x43 -> Iron Bar x86 (85 req/1 extra)
          - Gather Tin Ore x860
          - Gather Copper Ore x860
          - Gather Sapwood x4300
        - External craft (skill_blacksmithing) via Basic Furnace Bronze Ingot x43 -> Bronze Ingot x860 (850 req/10 extra)
      - External craft (skill_blacksmithing) via Basic Forge Bronze Bar x170 -> Bronze Bar x170 (170 req/0 extra)
    - External craft (skill_blacksmithing) via Basic Forge Bronze Spike x85 -> Bronze Spike x85 (85 req/0 extra)
          - Gather Rough Animal Hide x30
        - External craft (skill_leatherworking) via Simple Tanning Rack Rawhide x3 -> Rawhide x30 (22 req/8 extra)
      - External craft (skill_leatherworking) via Simple Leatherworking Table Nubuck Leather x22 -> Nubuck Leather x22 (22 req/0 extra)
    - External craft (skill_leatherworking) via Simple Leatherworking Table Coarse Leather Band x22 -> Coarse Leather Band x440 (425 req/15 extra)
  - External craft (skill_blacksmithing) via Basic Forge Sword Hilt x85 -> Sword Hilt x85 (85 req/0 extra)
        - Gather Impure Iron Ore x600
          - Gather Sapwood x2400
        - External craft (skill_building) via Basic Charcoal Kiln Charcoal x48 -> Charcoal x1200 (1195 req/5 extra)
      - External craft (skill_blacksmithing) via Basic Furnace Iron Ingot x15 -> Iron Ingot x300 (295 req/5 extra)
        - Gather Sapwood x800
      - External craft (skill_building) via Basic Charcoal Kiln Charcoal x16 -> Charcoal x400 (395 req/5 extra)
    - External craft (skill_blacksmithing) via Basic Furnace Wrought Iron Ingot x10 -> Wrought Iron Ingot x200 (195 req/5 extra)
  - External craft (skill_blacksmithing) via Basic Forge Wrought Iron Bar x42 -> Wrought Iron Bar x84 (84 req/0 extra)
        - Gather Rough Animal Hide x20
      - External craft (skill_leatherworking) via Simple Tanning Rack Rawhide x2 -> Rawhide x20 (13 req/7 extra)
    - External craft (skill_leatherworking) via Simple Leatherworking Table Nubuck Leather x21 -> Nubuck Leather x21 (21 req/0 extra)
  - External craft (skill_leatherworking) via Simple Leatherworking Table Coarse Leather Band x21 -> Coarse Leather Band x420 (410 req/10 extra)
- Craft Honed Iron Pickaxe x85 (final)"
skill_fletching,21,22,,1,recipe_crafter_fletching_workbench_2,Fletching Table,,1091,72.0,78552.0,5468.64,Suet-21820; Heartwood-15280; Rough Animal Hide-2190; Impure Iron Ore-12040; Flax Seeds-54550; Limestone-550; Sapwood-48750,"Fletching Table x1091 (final)
        - Gather Rough Animal Hide x2190
          - Gather Limestone x550
          - Gather Sapwood x550
        - External craft (skill_blacksmithing) via Basic Charcoal Kiln Lime x110 -> Lime x1100 (1095 req/5 extra)
        - External craft (skill_building) via Water Well Water x55 -> Water x1100 (1095 req/5 extra)
      - External craft (skill_leatherworking) via Simple Tanning Rack Inferior Leather x219 -> Inferior Leather x2190 (2182 req/8 extra)
    - External craft (skill_leatherworking) via Leatherworking Table Heavy Top Grain Leather x2182 -> Heavy Top Grain Leather x2182 (2182 req/0 extra)
          - Gather Impure Iron Ore x10920
            - Gather Sapwood x43700
          - External craft (skill_building) via Basic Charcoal Kiln Charcoal x874 -> Charcoal x21850 (21840 req/10 extra)
        - External craft (skill_blacksmithing) via Basic Furnace Iron Ingot x273 -> Iron Ingot x5460 (5455 req/5 extra)
      - External craft (skill_blacksmithing) via Basic Forge Iron Bar x1091 -> Iron Bar x2182 (2182 req/0 extra)
    - External craft (skill_blacksmithing) via Basic Forge Iron Knife Blade x1091 -> Iron Knife Blade x1091 (1091 req/0 extra)
          - Gather Impure Iron Ore x1120
            - Gather Sapwood x4500
          - External craft (skill_building) via Basic Charcoal Kiln Charcoal x90 -> Charcoal x2250 (2230 req/20 extra)
        - External craft (skill_blacksmithing) via Basic Furnace Iron Ingot x28 -> Iron Ingot x560 (545 req/15 extra)
      - External craft (skill_blacksmithing) via Basic Forge Iron Bar x110 -> Iron Bar x220 (219 req/1 extra)
    - External craft (skill_blacksmithing) via Basic Forge Iron Nails x219 -> Iron Nails x10950 (10910 req/40 extra)
      - Gather Flax Seeds x54550
        - Gather Suet x21820
      - External craft (skill_cooking) via Basic Cooking Hearth Tallow x10910 -> Tallow x54550 (54550 req/0 extra)
    - External craft (skill_leatherworking) via Leatherworking Table Linseed Oil x5455 -> Linseed Oil x5455 (5455 req/0 extra)
  - Craft via Basic Fletching Table Fletching Tools x1091 -> Fletching Tools x1091 (1091 req/0 extra)
    - Gather Heartwood x8730
  - External craft (skill_building) via Wood Chopping Block Fine Wood Beam x873 -> Fine Wood Beam x4365 (4364 req/1 extra)
    - Gather Heartwood x6550
  - External craft (skill_building) via Wood Chopping Block Fine Wooden Plank x655 -> Fine Wooden Plank x6550 (6546 req/4 extra)
- Craft Fletching Table x1091 (final)"
skill_fletching,21,22,,2,recipe_item_unlock_crafter_fletching_workbench_2,Fletching Tools,,2182,36.0,78552.0,13535.67,Suet-43640; Rough Animal Hide-4370; Impure Iron Ore-24040; Flax Seeds-109100; Limestone-1095; Sapwood-97295,"Fletching Tools x2182 (final)
      - Gather Rough Animal Hide x4370
        - Gather Limestone x1095
        - Gather Sapwood x1095
      - External craft (skill_blacksmithing) via Basic Charcoal Kiln Lime x219 -> Lime x2190 (2185 req/5 extra)
      - External craft (skill_building) via Water Well Water x110 -> Water x2200 (2185 req/15 extra)
    - External craft (skill_leatherworking) via Simple Tanning Rack Inferior Leather x437 -> Inferior Leather x4370 (4364 req/6 extra)
  - External craft (skill_leatherworking) via Leatherworking Table Heavy Top Grain Leather x4364 -> Heavy Top Grain Leather x4364 (4364 req/0 extra)
        - Gather Impure Iron Ore x21840
          - Gather Sapwood x87400
        - External craft (skill_building) via Basic Charcoal Kiln Charcoal x1748 -> Charcoal x43700 (43680 req/20 extra)
      - External craft (skill_blacksmithing) via Basic Furnace Iron Ingot x546 -> Iron Ingot x10920 (10910 req/10 extra)
    - External craft (skill_blacksmithing) via Basic Forge Iron Bar x2182 -> Iron Bar x4364 (4364 req/0 extra)
  - External craft (skill_blacksmithing) via Basic Forge Iron Knife Blade x2182 -> Iron Knife Blade x2182 (2182 req/0 extra)
        - Gather Impure Iron Ore x2200
          - Gather Sapwood x8800
        - External craft (skill_building) via Basic Charcoal Kiln Charcoal x176 -> Charcoal x4400 (4380 req/20 extra)
      - External craft (skill_blacksmithing) via Basic Furnace Iron Ingot x55 -> Iron Ingot x1100 (1085 req/15 extra)
    - External craft (skill_blacksmithing) via Basic Forge Iron Bar x219 -> Iron Bar x438 (437 req/1 extra)
  - External craft (skill_blacksmithing) via Basic Forge Iron Nails x437 -> Iron Nails x21850 (21820 req/30 extra)
    - Gather Flax Seeds x109100
      - Gather Suet x43640
    - External craft (skill_cooking) via Basic Cooking Hearth Tallow x21820 -> Tallow x109100 (109100 req/0 extra)
  - External craft (skill_leatherworking) via Leatherworking Table Linseed Oil x10910 -> Linseed Oil x10910 (10910 req/0 extra)
- Craft Fletching Tools x2182 (final)"
skill_fletching,21,22,,3,recipe_wieldable_bow_2h_0_t2_rare,Warded Longbow,,2805,28.0,78540.0,18764.28,Boar Sinew-14025; Rough Animal Hide-1410; Sapwood-8415; Resin-19635; Token of the Whisper-2805; Furry Collarstone-33660,"Warded Longbow x2805 (final)
  - Gather Furry Collarstone x33660
  - Gather Token of the Whisper x2805
      - Gather Sapwood x8415
    - External craft (skill_building) via Wood Chopping Block Long Wood Stock x1683 -> Long Wood Stock x8415 (8415 req/0 extra)
    - Gather Resin x19635
    - External craft (skill_cooking) via Basic Beehive Beeswax x5610 -> Beeswax x28050 (28050 req/0 extra)
  - Craft via Basic Fletching Table Rough Bow Stave x2805 -> Rough Bow Stave x2805 (2805 req/0 extra)
  - Gather Boar Sinew x14025
        - Gather Rough Animal Hide x1410
      - External craft (skill_leatherworking) via Simple Tanning Rack Rawhide x141 -> Rawhide x1410 (1403 req/7 extra)
    - External craft (skill_leatherworking) via Simple Leatherworking Table Nubuck Leather x1403 -> Nubuck Leather x1403 (1403 req/0 extra)
  - External craft (skill_leatherworking) via Simple Leatherworking Table Coarse Leather Band x1403 -> Coarse Leather Band x28060 (28050 req/10 extra)
- Craft Warded Longbow x2805 (final)"
skill_charcuterie,22,23,,1,recipe_rough-cut_bear,Poorly Parted Bear,,304,302.7,92029.0,38.76,Bear Carcass-304,"Poorly Parted Bear x304 (final)
  - Gather Bear Carcass x304
- Craft Poorly Parted Bear x304 (final)"
skill_charcuterie,22,23,,2,recipe_rough-cut_wolf,Poorly Parted Chamois,,3172,29.0,91988.0,385.40,Chamois Carcass-3172,"Poorly Parted Chamois x3172 (final)
  - Gather Chamois Carcass x3172
- Craft Poorly Parted Chamois x3172 (final)"
skill_charcuterie,22,23,,3,recipe_basic_butchered_bear,Parted Bear,,3172,29.0,91988.0,404.43,Bear Carcass-3172,"Parted Bear x3172 (final)
  - Gather Bear Carcass x3172
- Craft Parted Bear x3172 (final)"
skill_tailoring,23,24,,1,recipe_wearable_cloth_head_rp_hat_06_somber,Silverleaf Bourrelet,,330,331.2,109301.9,632.61,Wool Fiber-1320; Bone Fragments-66; Opal-1320; Flax Fiber-15840,"Silverleaf Bourrelet x330 (final)
      - Gather Flax Fiber x15840
    - Craft via Spinning Wheel Linen String x528 -> Linen String x5280 (5280 req/0 extra)
  - Craft via Simple Loom Linen Cloth x132 -> Linen Cloth x660 (660 req/0 extra)
    - Gather Wool Fiber x1320
  - Craft via Spinning Wheel Wool Yarn x66 -> Wool Yarn x660 (660 req/0 extra)
    - Gather Bone Fragments x66
  - Craft via Simple Tailoring Table Sewing Needles x33 -> Sewing Needles x330 (330 req/0 extra)
  - Gather Opal x1320
- Craft Silverleaf Bourrelet x330 (final)"
skill_tailoring,23,24,,2,recipe_wearable_cloth_chest_rp_dress_01_somber,Shadow Court Gown,,270,405.2,97420.8,723.15,Wool Fiber-1080; Bone Fragments-54; Silver Ore-110; Cotton Fiber-8640; Flax Fiber-12960; Sapwood-2200,"Shadow Court Gown x270 (final)
      - Gather Flax Fiber x12960
    - Craft via Spinning Wheel Linen String x432 -> Linen String x4320 (4320 req/0 extra)
  - Craft via Simple Loom Linen Cloth x108 -> Linen Cloth x540 (540 req/0 extra)
    - Gather Wool Fiber x1080
  - Craft via Spinning Wheel Wool Yarn x54 -> Wool Yarn x540 (540 req/0 extra)
    - Gather Bone Fragments x54
  - Craft via Simple Tailoring Table Sewing Needles x27 -> Sewing Needles x270 (270 req/0 extra)
      - Gather Silver Ore x110
        - Gather Sapwood x2200
      - External craft (skill_building) via Basic Charcoal Kiln Charcoal x44 -> Charcoal x1100 (1100 req/0 extra)
    - External craft (skill_blacksmithing) via Furnace Silver Ingot x22 -> Silver Ingot x110 (108 req/2 extra)
      - Gather Cotton Fiber x8640
    - Craft via Spinning Wheel Cotton Cord x216 -> Cotton Cord x2160 (2160 req/0 extra)
  - Craft via Simple Tailoring Table Silver Thread x108 -> Silver Thread x1080 (1080 req/0 extra)
- Craft Shadow Court Gown x270 (final)"
skill_tailoring,23,24,,3,recipe_wearable_cloth_chest_rp_tunic_02_somber,Duskleaf Tunic,,270,405.2,97420.8,723.15,Wool Fiber-1080; Bone Fragments-54; Silver Ore-110; Cotton Fiber-8640; Flax Fiber-12960; Sapwood-2200,"Duskleaf Tunic x270 (final)
      - Gather Flax Fiber x12960
    - Craft via Spinning Wheel Linen String x432 -> Linen String x4320 (4320 req/0 extra)
  - Craft via Simple Loom Linen Cloth x108 -> Linen Cloth x540 (540 req/0 extra)
    - Gather Wool Fiber x1080
  - Craft via Spinning Wheel Wool Yarn x54 -> Wool Yarn x540 (540 req/0 extra)
    - Gather Bone Fragments x54
  - Craft via Simple Tailoring Table Sewing Needles x27 -> Sewing Needles x270 (270 req/0 extra)
      - Gather Silver Ore x110
        - Gather Sapwood x2200
      - External craft (skill_building) via Basic Charcoal Kiln Charcoal x44 -> Charcoal x1100 (1100 req/0 extra)
    - External craft (skill_blacksmithing) via Furnace Silver Ingot x22 -> Silver Ingot x110 (108 req/2 extra)
      - Gather Cotton Fiber x8640
    - Craft via Spinning Wheel Cotton Cord x216 -> Cotton Cord x2160 (2160 req/0 extra)
  - Craft via Simple Tailoring Table Silver Thread x108 -> Silver Thread x1080 (1080 req/0 extra)
- Craft Duskleaf Tunic x270 (final)"
skill_leatherworking,25,26,,1,recipe_item_material_leather_string,Leather String,,241,625.7,150789.4,144.04,Boar Sinew-241; Rough Animal Hide-1130; Limestone-535; Sapwood-535,"Leather String x241 (final)
          - Gather Rough Animal Hide x1130
            - Gather Limestone x285
            - Gather Sapwood x285
          - External craft (skill_blacksmithing) via Basic Charcoal Kiln Lime x57 -> Lime x570 (565 req/5 extra)
          - External craft (skill_building) via Water Well Water x29 -> Water x580 (565 req/15 extra)
        - Craft via Simple Tanning Rack Inferior Leather x113 -> Inferior Leather x1130 (1125 req/5 extra)
          - Gather Limestone x185
          - Gather Sapwood x185
        - External craft (skill_blacksmithing) via Basic Charcoal Kiln Lime x37 -> Lime x370 (370 req/0 extra)
        - External craft (skill_building) via Water Well Water x18 -> Water x360 (360 req/0 extra)
      - Craft via Tanning Rack Boiled Leather x75 -> Boiled Leather x375 (375 req/0 extra)
        - Gather Limestone x65
        - Gather Sapwood x65
      - External craft (skill_blacksmithing) via Basic Charcoal Kiln Lime x13 -> Lime x130 (125 req/5 extra)
      - External craft (skill_building) via Water Well Water x7 -> Water x140 (125 req/15 extra)
    - Craft via Tanning Rack Fine Leather x25 -> Fine Leather x250 (241 req/9 extra)
  - Craft via Leatherworking Table Medium Top Grain Leather x241 -> Medium Top Grain Leather x241 (241 req/0 extra)
  - Gather Boar Sinew x241
- Craft Leather String x241 (final)"
skill_leatherworking,25,26,,2,recipe_item_material_leather_bands,Leather Band,,273,552.3,150767.4,146.51,Rough Animal Hide-1260; Limestone-595; Sapwood-595,"Leather Band x273 (final)
          - Gather Rough Animal Hide x1260
            - Gather Limestone x315
            - Gather Sapwood x315
          - External craft (skill_blacksmithing) via Basic Charcoal Kiln Lime x63 -> Lime x630 (630 req/0 extra)
          - External craft (skill_building) via Water Well Water x32 -> Water x640 (630 req/10 extra)
        - Craft via Simple Tanning Rack Inferior Leather x126 -> Inferior Leather x1260 (1260 req/0 extra)
          - Gather Limestone x210
          - Gather Sapwood x210
        - External craft (skill_blacksmithing) via Basic Charcoal Kiln Lime x42 -> Lime x420 (420 req/0 extra)
        - External craft (skill_building) via Water Well Water x21 -> Water x420 (410 req/10 extra)
      - Craft via Tanning Rack Boiled Leather x84 -> Boiled Leather x420 (420 req/0 extra)
        - Gather Limestone x70
        - Gather Sapwood x70
      - External craft (skill_blacksmithing) via Basic Charcoal Kiln Lime x14 -> Lime x140 (140 req/0 extra)
      - External craft (skill_building) via Water Well Water x7 -> Water x140 (130 req/10 extra)
    - Craft via Tanning Rack Fine Leather x28 -> Fine Leather x280 (273 req/7 extra)
  - Craft via Leatherworking Table Medium Top Grain Leather x273 -> Medium Top Grain Leather x273 (273 req/0 extra)
- Craft Leather Band x273 (final)"
skill_leatherworking,25,26,,3,recipe_wearable_leather_hands_pilgrim_0_t4_common,Pilgrim's Gloves IV,,81,1858.2,150516.6,414.99,Suet-324; Rough Animal Hide-1850; Cotton Fiber-1640; Flax Seeds-810; Limestone-875; Sapwood-875,"Pilgrim's Gloves IV x81 (final)
          - Gather Rough Animal Hide x1850
            - Gather Limestone x465
            - Gather Sapwood x465
          - External craft (skill_blacksmithing) via Basic Charcoal Kiln Lime x93 -> Lime x930 (925 req/5 extra)
          - External craft (skill_building) via Water Well Water x47 -> Water x940 (925 req/15 extra)
        - Craft via Simple Tanning Rack Inferior Leather x185 -> Inferior Leather x1850 (1845 req/5 extra)
          - Gather Limestone x305
          - Gather Sapwood x305
        - External craft (skill_blacksmithing) via Basic Charcoal Kiln Lime x61 -> Lime x610 (610 req/0 extra)
        - External craft (skill_building) via Water Well Water x30 -> Water x600 (600 req/0 extra)
      - Craft via Tanning Rack Boiled Leather x123 -> Boiled Leather x615 (615 req/0 extra)
        - Gather Limestone x105
        - Gather Sapwood x105
      - External craft (skill_blacksmithing) via Basic Charcoal Kiln Lime x21 -> Lime x210 (205 req/5 extra)
      - External craft (skill_building) via Water Well Water x11 -> Water x220 (205 req/15 extra)
    - Craft via Tanning Rack Fine Leather x41 -> Fine Leather x410 (405 req/5 extra)
  - Craft via Leatherworking Table Medium Top Grain Leather x405 -> Medium Top Grain Leather x405 (405 req/0 extra)
    - Gather Cotton Fiber x1640
  - External craft (skill_tailoring) via Spinning Wheel Cotton Cord x41 -> Cotton Cord x410 (405 req/5 extra)
    - Gather Flax Seeds x810
      - Gather Suet x324
    - External craft (skill_cooking) via Basic Cooking Hearth Tallow x162 -> Tallow x810 (810 req/0 extra)
  - Craft via Leatherworking Table Linseed Oil x81 -> Linseed Oil x81 (81 req/0 extra)
- Craft Pilgrim's Gloves IV x81 (final)"
skill_building,27,28,,1,recipe_building_prop_door_double_painted,Elegant Wooden Double Door,,22,839.5,18298.8,11.55,Heartwood-710; Impure Iron Ore-800; Sapwood-4000,"Elegant Wooden Double Door x22 (final)
      - Gather Heartwood x710
    - Craft via Wood Chopping Block Fine Wooden Plank x71 -> Fine Wooden Plank x710 (704 req/6 extra)
            - Gather Impure Iron Ore x200
              - Gather Sapwood x800
            - Craft via Basic Charcoal Kiln Charcoal x16 -> Charcoal x400 (400 req/0 extra)
          - External craft (skill_blacksmithing) via Basic Furnace Iron Ingot x5 -> Iron Ingot x100 (90 req/10 extra)
            - Gather Sapwood x250
          - Craft via Basic Charcoal Kiln Charcoal x5 -> Charcoal x125 (120 req/5 extra)
        - External craft (skill_blacksmithing) via Basic Furnace Wrought Iron Ingot x3 -> Wrought Iron Ingot x60 (55 req/5 extra)
      - External craft (skill_blacksmithing) via Basic Forge Wrought Iron Bar x11 -> Wrought Iron Bar x22 (22 req/0 extra)
    - External craft (skill_blacksmithing) via Forge Wrought Iron Nails x22 -> Wrought Iron Nails x1100 (1056 req/44 extra)
            - Gather Impure Iron Ore x400
              - Gather Sapwood x1600
            - Craft via Basic Charcoal Kiln Charcoal x32 -> Charcoal x800 (795 req/5 extra)
          - External craft (skill_blacksmithing) via Basic Furnace Iron Ingot x10 -> Iron Ingot x200 (200 req/0 extra)
            - Gather Sapwood x550
          - Craft via Basic Charcoal Kiln Charcoal x11 -> Charcoal x275 (275 req/0 extra)
        - External craft (skill_blacksmithing) via Basic Furnace Wrought Iron Ingot x7 -> Wrought Iron Ingot x140 (139 req/1 extra)
      - External craft (skill_blacksmithing) via Forge Wrought Iron Sheet x72 -> Wrought Iron Sheet x72 (72 req/0 extra)
            - Gather Impure Iron Ore x200
              - Gather Sapwood x800
            - Craft via Basic Charcoal Kiln Charcoal x16 -> Charcoal x400 (400 req/0 extra)
          - External craft (skill_blacksmithing) via Basic Furnace Iron Ingot x5 -> Iron Ingot x100 (90 req/10 extra)
        - External craft (skill_blacksmithing) via Basic Forge Iron Bar x18 -> Iron Bar x36 (36 req/0 extra)
      - External craft (skill_blacksmithing) via Basic Forge Iron Nails x36 -> Iron Nails x1800 (1800 req/0 extra)
    - External craft (skill_blacksmithing) via Forge Wrought Iron Hinges x36 -> Wrought Iron Hinges x180 (176 req/4 extra)
  - Craft via Carpenter Workbench Elegant Wooden Door x44 -> item_prop_door_wooden_painted x44 (44 req/0 extra)
- Craft Elegant Wooden Double Door x22 (final)"
skill_building,27,28,,2,recipe_building_prop_door_wooden_painted,Elegant Wooden Door,,44,419.7,18298.8,11.55,Heartwood-710; Impure Iron Ore-800; Sapwood-4000,"Elegant Wooden Door x44 (final)
      - Gather Heartwood x710
    - Craft via Wood Chopping Block Fine Wooden Plank x71 -> Fine Wooden Plank x710 (704 req/6 extra)
            - Gather Impure Iron Ore x200
              - Gather Sapwood x800
            - Craft via Basic Charcoal Kiln Charcoal x16 -> Charcoal x400 (400 req/0 extra)
          - External craft (skill_blacksmithing) via Basic Furnace Iron Ingot x5 -> Iron Ingot x100 (90 req/10 extra)
            - Gather Sapwood x250
          - Craft via Basic Charcoal Kiln Charcoal x5 -> Charcoal x125 (120 req/5 extra)
        - External craft (skill_blacksmithing) via Basic Furnace Wrought Iron Ingot x3 -> Wrought Iron Ingot x60 (55 req/5 extra)
      - External craft (skill_blacksmithing) via Basic Forge Wrought Iron Bar x11 -> Wrought Iron Bar x22 (22 req/0 extra)
    - External craft (skill_blacksmithing) via Forge Wrought Iron Nails x22 -> Wrought Iron Nails x1100 (1056 req/44 extra)
            - Gather Impure Iron Ore x400
              - Gather Sapwood x1600
            - Craft via Basic Charcoal Kiln Charcoal x32 -> Charcoal x800 (795 req/5 extra)
          - External craft (skill_blacksmithing) via Basic Furnace Iron Ingot x10 -> Iron Ingot x200 (200 req/0 extra)
            - Gather Sapwood x550
          - Craft via Basic Charcoal Kiln Charcoal x11 -> Charcoal x275 (275 req/0 extra)
        - External craft (skill_blacksmithing) via Basic Furnace Wrought Iron Ingot x7 -> Wrought Iron Ingot x140 (139 req/1 extra)
      - External craft (skill_blacksmithing) via Forge Wrought Iron Sheet x72 -> Wrought Iron Sheet x72 (72 req/0 extra)
            - Gather Impure Iron Ore x200
              - Gather Sapwood x800
            - Craft via Basic Charcoal Kiln Charcoal x16 -> Charcoal x400 (400 req/0 extra)
          - External craft (skill_blacksmithing) via Basic Furnace Iron Ingot x5 -> Iron Ingot x100 (90 req/10 extra)
        - External craft (skill_blacksmithing) via Basic Forge Iron Bar x18 -> Iron Bar x36 (36 req/0 extra)
      - External craft (skill_blacksmithing) via Basic Forge Iron Nails x36 -> Iron Nails x1800 (1800 req/0 extra)
    - External craft (skill_blacksmithing) via Forge Wrought Iron Hinges x36 -> Wrought Iron Hinges x180 (176 req/4 extra)
  - Craft via Carpenter Workbench Elegant Wooden Door x44 -> item_prop_door_wooden_painted x44 (44 req/0 extra)
- Craft Elegant Wooden Door x44 (final)"
skill_building,27,28,,3,recipe_building_prop_door_wooden_painted_left,Elegant Wooden Door,,44,419.7,18298.8,11.55,Heartwood-710; Impure Iron Ore-800; Sapwood-4000,"Elegant Wooden Door x44 (final)
      - Gather Heartwood x710
    - Craft via Wood Chopping Block Fine Wooden Plank x71 -> Fine Wooden Plank x710 (704 req/6 extra)
            - Gather Impure Iron Ore x200
              - Gather Sapwood x800
            - Craft via Basic Charcoal Kiln Charcoal x16 -> Charcoal x400 (400 req/0 extra)
          - External craft (skill_blacksmithing) via Basic Furnace Iron Ingot x5 -> Iron Ingot x100 (90 req/10 extra)
            - Gather Sapwood x250
          - Craft via Basic Charcoal Kiln Charcoal x5 -> Charcoal x125 (120 req/5 extra)
        - External craft (skill_blacksmithing) via Basic Furnace Wrought Iron Ingot x3 -> Wrought Iron Ingot x60 (55 req/5 extra)
      - External craft (skill_blacksmithing) via Basic Forge Wrought Iron Bar x11 -> Wrought Iron Bar x22 (22 req/0 extra)
    - External craft (skill_blacksmithing) via Forge Wrought Iron Nails x22 -> Wrought Iron Nails x1100 (1056 req/44 extra)
            - Gather Impure Iron Ore x400
              - Gather Sapwood x1600
            - Craft via Basic Charcoal Kiln Charcoal x32 -> Charcoal x800 (795 req/5 extra)
          - External craft (skill_blacksmithing) via Basic Furnace Iron Ingot x10 -> Iron Ingot x200 (200 req/0 extra)
            - Gather Sapwood x550
          - Craft via Basic Charcoal Kiln Charcoal x11 -> Charcoal x275 (275 req/0 extra)
        - External craft (skill_blacksmithing) via Basic Furnace Wrought Iron Ingot x7 -> Wrought Iron Ingot x140 (139 req/1 extra)
      - External craft (skill_blacksmithing) via Forge Wrought Iron Sheet x72 -> Wrought Iron Sheet x72 (72 req/0 extra)
            - Gather Impure Iron Ore x200
              - Gather Sapwood x800
            - Craft via Basic Charcoal Kiln Charcoal x16 -> Charcoal x400 (400 req/0 extra)
          - External craft (skill_blacksmithing) via Basic Furnace Iron Ingot x5 -> Iron Ingot x100 (90 req/10 extra)
        - External craft (skill_blacksmithing) via Basic Forge Iron Bar x18 -> Iron Bar x36 (36 req/0 extra)
      - External craft (skill_blacksmithing) via Basic Forge Iron Nails x36 -> Iron Nails x1800 (1800 req/0 extra)
    - External craft (skill_blacksmithing) via Forge Wrought Iron Hinges x36 -> Wrought Iron Hinges x180 (176 req/4 extra)
  - Craft via Carpenter Workbench Elegant Wooden Door x44 -> item_prop_door_wooden_painted x44 (44 req/0 extra)
- Craft Elegant Wooden Door x44 (final)"
skill_armor_smithing,17,18,,1,recipe_crafter_blacksmith_armor_workbench_2,Armorer Workbench,,72,557.5,40142.5,360.90,Heartwood-1020; Rough Animal Hide-150; Copper Ore-720; Impure Iron Ore-2880; Tin Ore-720; Limestone-40; Sapwood-18040,"Armorer Workbench x72 (final)
          - Gather Impure Iron Ore x2160
            - Gather Sapwood x8650
          - External craft (skill_building) via Basic Charcoal Kiln Charcoal x173 -> Charcoal x4325 (4320 req/5 extra)
        - External craft (skill_blacksmithing) via Basic Furnace Iron Ingot x54 -> Iron Ingot x1080 (1080 req/0 extra)
          - Gather Sapwood x2900
        - External craft (skill_building) via Basic Charcoal Kiln Charcoal x58 -> Charcoal x1450 (1435 req/15 extra)
      - External craft (skill_blacksmithing) via Basic Furnace Wrought Iron Ingot x36 -> Wrought Iron Ingot x720 (720 req/0 extra)
    - External craft (skill_blacksmithing) via Forge Wrought Iron Sheet x360 -> Wrought Iron Sheet x360 (360 req/0 extra)
        - Gather Rough Animal Hide x150
          - Gather Limestone x40
          - Gather Sapwood x40
        - External craft (skill_blacksmithing) via Basic Charcoal Kiln Lime x8 -> Lime x80 (75 req/5 extra)
        - External craft (skill_building) via Water Well Water x4 -> Water x80 (75 req/5 extra)
      - External craft (skill_leatherworking) via Simple Tanning Rack Inferior Leather x15 -> Inferior Leather x150 (144 req/6 extra)
    - External craft (skill_leatherworking) via Leatherworking Table Heavy Top Grain Leather x144 -> Heavy Top Grain Leather x144 (144 req/0 extra)
          - Gather Impure Iron Ore x720
            - Gather Sapwood x2850
          - External craft (skill_building) via Basic Charcoal Kiln Charcoal x57 -> Charcoal x1425 (1425 req/0 extra)
        - External craft (skill_blacksmithing) via Basic Furnace Iron Ingot x18 -> Iron Ingot x360 (360 req/0 extra)
      - External craft (skill_blacksmithing) via Basic Forge Iron Bar x72 -> Iron Bar x144 (144 req/0 extra)
    - External craft (skill_blacksmithing) via Basic Forge Iron Nails x144 -> Iron Nails x7200 (7200 req/0 extra)
        - Gather Tin Ore x720
        - Gather Copper Ore x720
        - Gather Sapwood x3600
      - External craft (skill_blacksmithing) via Basic Furnace Bronze Ingot x36 -> Bronze Ingot x720 (720 req/0 extra)
    - External craft (skill_blacksmithing) via Basic Forge Bronze Sheet x360 -> Bronze Sheet x360 (360 req/0 extra)
  - Craft via Basic Armorer Workbench Armorer Tools x72 -> Armorer Tools x72 (72 req/0 extra)
    - Gather Heartwood x580
  - External craft (skill_building) via Wood Chopping Block Fine Wood Beam x58 -> Fine Wood Beam x290 (288 req/2 extra)
    - Gather Heartwood x440
  - External craft (skill_building) via Wood Chopping Block Fine Wooden Plank x44 -> Fine Wooden Plank x440 (432 req/8 extra)
- Craft Armorer Workbench x72 (final)"
skill_armor_smithing,17,18,,2,recipe_wearable_metal_feet_warrior_ss_t2_rare,Warrior's Sabatons of Swift March II,,51,787.7,40173.4,749.65,Rough Animal Hide-10; Copper Ore-60; Impure Iron Ore-2080; Tin Ore-60; Cobra Lily-510; Sapwood-8650; Furry Collarstone-612; Icon of the Choir-51,"Warrior's Sabatons of Swift March II x51 (final)
  - Gather Furry Collarstone x612
  - Gather Icon of the Choir x51
  - Gather Cobra Lily x510
      - Gather Impure Iron Ore x2040
        - Gather Sapwood x8200
      - External craft (skill_building) via Basic Charcoal Kiln Charcoal x164 -> Charcoal x4100 (4080 req/20 extra)
    - External craft (skill_blacksmithing) via Basic Furnace Iron Ingot x51 -> Iron Ingot x1020 (1020 req/0 extra)
  - External craft (skill_blacksmithing) via Basic Forge Iron Sheet x510 -> Iron Sheet x510 (510 req/0 extra)
        - Gather Rough Animal Hide x10
      - External craft (skill_leatherworking) via Simple Tanning Rack Rawhide x1 -> Rawhide x10 (6 req/4 extra)
    - External craft (skill_leatherworking) via Simple Leatherworking Table Nubuck Leather x6 -> Nubuck Leather x6 (6 req/0 extra)
  - External craft (skill_leatherworking) via Simple Leatherworking Table Coarse Leather Band x6 -> Coarse Leather Band x120 (102 req/18 extra)
        - Gather Tin Ore x60
        - Gather Copper Ore x60
        - Gather Sapwood x300
      - External craft (skill_blacksmithing) via Basic Furnace Bronze Ingot x3 -> Bronze Ingot x60 (50 req/10 extra)
    - External craft (skill_blacksmithing) via Basic Forge Bronze Sheet x25 -> Bronze Sheet x25 (25 req/0 extra)
  - External craft (skill_blacksmithing) via Basic Forge Bronze Buckle x5 -> Bronze Buckle x125 (102 req/23 extra)
        - Gather Impure Iron Ore x40
          - Gather Sapwood x150
        - External craft (skill_building) via Basic Charcoal Kiln Charcoal x3 -> Charcoal x75 (60 req/15 extra)
      - External craft (skill_blacksmithing) via Basic Furnace Iron Ingot x1 -> Iron Ingot x20 (15 req/5 extra)
    - External craft (skill_blacksmithing) via Basic Forge Iron Bar x3 -> Iron Bar x6 (6 req/0 extra)
  - External craft (skill_blacksmithing) via Basic Forge Iron Studs x6 -> Iron Studs x1200 (1020 req/180 extra)
- Craft Warrior's Sabatons of Swift March II x51 (final)"
skill_armor_smithing,17,18,,3,recipe_wearable_metal_feet_pilgrim_boj2_t2_rare,Pilgrim's Sabatons II,,52,781.6,40644.8,764.35,Rough Animal Hide-10; Copper Ore-60; Impure Iron Ore-2120; Tin Ore-60; Cobra Lily-520; Sapwood-8800; Worn Out Sigil-624; Seal of the Lost Abbot-52,"Pilgrim's Sabatons II x52 (final)
  - Gather Worn Out Sigil x624
  - Gather Seal of the Lost Abbot x52
  - Gather Cobra Lily x520
      - Gather Impure Iron Ore x2080
        - Gather Sapwood x8350
      - External craft (skill_building) via Basic Charcoal Kiln Charcoal x167 -> Charcoal x4175 (4160 req/15 extra)
    - External craft (skill_blacksmithing) via Basic Furnace Iron Ingot x52 -> Iron Ingot x1040 (1040 req/0 extra)
  - External craft (skill_blacksmithing) via Basic Forge Iron Sheet x520 -> Iron Sheet x520 (520 req/0 extra)
        - Gather Rough Animal Hide x10
      - External craft (skill_leatherworking) via Simple Tanning Rack Rawhide x1 -> Rawhide x10 (6 req/4 extra)
    - External craft (skill_leatherworking) via Simple Leatherworking Table Nubuck Leather x6 -> Nubuck Leather x6 (6 req/0 extra)
  - External craft (skill_leatherworking) via Simple Leatherworking Table Coarse Leather Band x6 -> Coarse Leather Band x120 (104 req/16 extra)
        - Gather Tin Ore x60
        - Gather Copper Ore x60
        - Gather Sapwood x300
      - External craft (skill_blacksmithing) via Basic Furnace Bronze Ingot x3 -> Bronze Ingot x60 (50 req/10 extra)
    - External craft (skill_blacksmithing) via Basic Forge Bronze Sheet x25 -> Bronze Sheet x25 (25 req/0 extra)
  - External craft (skill_blacksmithing) via Basic Forge Bronze Buckle x5 -> Bronze Buckle x125 (104 req/21 extra)
        - Gather Impure Iron Ore x40
          - Gather Sapwood x150
        - External craft (skill_building) via Basic Charcoal Kiln Charcoal x3 -> Charcoal x75 (65 req/10 extra)
      - External craft (skill_blacksmithing) via Basic Furnace Iron Ingot x1 -> Iron Ingot x20 (15 req/5 extra)
    - External craft (skill_blacksmithing) via Basic Forge Iron Bar x3 -> Iron Bar x6 (6 req/0 extra)
  - External craft (skill_blacksmithing) via Basic Forge Iron Studs x6 -> Iron Studs x1200 (1040 req/160 extra)
- Craft Pilgrim's Sabatons II x52 (final)"
skill_cooking,19,20,,1,recipe_activatable_drink_herbal_tea_hpregen_1,Dandelion Herb Infusion,,194,292.4,56722.2,303.55,Dandelion-970; Rosemary-388,"Dandelion Herb Infusion x194 (final)
  - External craft (skill_building) via Water Well Water x49 -> Water x980 (970 req/10 extra)
  - Gather Dandelion x970
  - Gather Rosemary x388
- Craft Dandelion Herb Infusion x194 (final)"
skill_cooking,19,20,,2,recipe_activatable_drink_sirup_hpregen_20,Strawberry Syrup,,200,283.2,56638.3,315.83,Strawberry-1000,"Strawberry Syrup x200 (final)
  - External craft (skill_building) via Water Well Water x50 -> Water x1000 (1000 req/0 extra)
  - Gather Strawberry x1000
- Craft Strawberry Syrup x200 (final)"
skill_cooking,19,20,,3,recipe_activatable_drink_herbal_tea_maxhp_4,Fennel Tea,,253,223.4,56530.6,610.63,Pasque Flower-1265; Fennel-1265,"Fennel Tea x253 (final)
  - External craft (skill_building) via Water Well Water x64 -> Water x1280 (1265 req/15 extra)
  - Gather Fennel x1265
  - Gather Pasque Flower x1265
- Craft Fennel Tea x253 (final)"
skill_jewelerycrafting,18,19,,1,recipe_crafter_jewelcrafting_workbench_2,Jeweler Table,,83,573.8,47626.7,416.04,Amber-83; Heartwood-1170; Rough Animal Hide-90; Copper Ore-2500; Tin Ore-2500; Limestone-25; Sapwood-12525,"Jeweler Table x83 (final)
    - Gather Amber x83
        - Gather Rough Animal Hide x90
          - Gather Limestone x25
          - Gather Sapwood x25
        - External craft (skill_blacksmithing) via Basic Charcoal Kiln Lime x5 -> Lime x50 (45 req/5 extra)
        - External craft (skill_building) via Water Well Water x3 -> Water x60 (45 req/15 extra)
      - External craft (skill_leatherworking) via Simple Tanning Rack Inferior Leather x9 -> Inferior Leather x90 (83 req/7 extra)
    - External craft (skill_leatherworking) via Leatherworking Table Heavy Top Grain Leather x83 -> Heavy Top Grain Leather x83 (83 req/0 extra)
        - Gather Tin Ore x2080
        - Gather Copper Ore x2080
        - Gather Sapwood x10400
      - External craft (skill_blacksmithing) via Basic Furnace Bronze Ingot x104 -> Bronze Ingot x2080 (2075 req/5 extra)
    - External craft (skill_blacksmithing) via Basic Forge Bronze Bar x415 -> Bronze Bar x415 (415 req/0 extra)
      - Gather Tin Ore x420
      - Gather Copper Ore x420
      - Gather Sapwood x2100
    - External craft (skill_blacksmithing) via Basic Furnace Bronze Ingot x21 -> Bronze Ingot x420 (410 req/10 extra)
  - Craft via Basic Jeweler Table Jewelcrafting Tools x83 -> Jewelcrafting Tools x83 (83 req/0 extra)
    - Gather Heartwood x670
  - External craft (skill_building) via Wood Chopping Block Fine Wood Beam x67 -> Fine Wood Beam x335 (332 req/3 extra)
    - Gather Heartwood x500
  - External craft (skill_building) via Wood Chopping Block Fine Wooden Plank x50 -> Fine Wooden Plank x500 (498 req/2 extra)
- Craft Jeweler Table x83 (final)"
skill_jewelerycrafting,18,19,,2,recipe_item_unlock_crafter_jewelcrafting_workbench_2,Jewelcrafting Tools,,162,291.9,47290.4,419.71,Amber-162; Rough Animal Hide-170; Copper Ore-4860; Tin Ore-4860; Limestone-45; Sapwood-24345,"Jewelcrafting Tools x162 (final)
  - Gather Amber x162
      - Gather Rough Animal Hide x170
        - Gather Limestone x45
        - Gather Sapwood x45
      - External craft (skill_blacksmithing) via Basic Charcoal Kiln Lime x9 -> Lime x90 (85 req/5 extra)
      - External craft (skill_building) via Water Well Water x5 -> Water x100 (85 req/15 extra)
    - External craft (skill_leatherworking) via Simple Tanning Rack Inferior Leather x17 -> Inferior Leather x170 (162 req/8 extra)
  - External craft (skill_leatherworking) via Leatherworking Table Heavy Top Grain Leather x162 -> Heavy Top Grain Leather x162 (162 req/0 extra)
      - Gather Tin Ore x4060
      - Gather Copper Ore x4060
      - Gather Sapwood x20300
    - External craft (skill_blacksmithing) via Basic Furnace Bronze Ingot x203 -> Bronze Ingot x4060 (4050 req/10 extra)
  - External craft (skill_blacksmithing) via Basic Forge Bronze Bar x810 -> Bronze Bar x810 (810 req/0 extra)
    - Gather Tin Ore x800
    - Gather Copper Ore x800
    - Gather Sapwood x4000
  - External craft (skill_blacksmithing) via Basic Furnace Bronze Ingot x40 -> Bronze Ingot x800 (800 req/0 extra)
- Craft Jewelcrafting Tools x162 (final)"
skill_jewelerycrafting,18,19,,3,recipe_wearable_hat_jewellery_rp_diadem_01_silver,Lunar Oak Tiara,,191,248.1,47392.6,1242.14,Bone Fragments-40; Silver Ore-2295; Sapwood-45900,"Lunar Oak Tiara x191 (final)
    - Gather Silver Ore x2295
      - Gather Sapwood x45900
    - External craft (skill_building) via Basic Charcoal Kiln Charcoal x918 -> Charcoal x22950 (22950 req/0 extra)
  - External craft (skill_blacksmithing) via Furnace Silver Ingot x459 -> Silver Ingot x2295 (2292 req/3 extra)
    - Gather Bone Fragments x40
  - External craft (skill_tailoring) via Simple Tailoring Table Sewing Needles x20 -> Sewing Needles x200 (191 req/9 extra)
- Craft Lunar Oak Tiara x191 (final)"
skill_winery_and_brewing,18,19,,1,recipe_activatable_drink_mead_staminaregen_8,Weak Mead,,202,234.5,47378.8,340.03,Barley Grain-220; Rye Grain-220,"Weak Mead x202 (final)
  - External craft (skill_cooking) via Basic Beehive Honey x202 -> Honey x1010 (1010 req/0 extra)
      - Gather Barley Grain x220
    - Craft via Basic Fermenter Malt x11 -> Malt x220 (210 req/10 extra)
      - External craft (skill_building) via Water Well Water x11 -> Water x220 (220 req/0 extra)
        - Gather Rye Grain x220
      - External craft (skill_baking) via Millstone Rye Flour x11 -> Rye Flour x220 (220 req/0 extra)
    - External craft (skill_baking) via Basic Fermenter Yeast x11 -> Yeast x220 (210 req/10 extra)
    - External craft (skill_building) via Water Well Water x11 -> Water x220 (210 req/10 extra)
  - Craft via Basic Fermenter Weak Mead Base x21 -> Weak Mead Base x210 (202 req/8 extra)
- Craft Weak Mead x202 (final)"
skill_winery_and_brewing,18,19,,2,recipe_activatable_drink_mead_staminaregen_16,Blueberry Mead,,217,218.9,47497.8,434.72,Blueberry-1085; Barley Grain-220; Rye Grain-220,"Blueberry Mead x217 (final)
  - External craft (skill_cooking) via Basic Beehive Honey x217 -> Honey x1085 (1085 req/0 extra)
      - Gather Barley Grain x220
    - Craft via Basic Fermenter Malt x11 -> Malt x220 (220 req/0 extra)
      - External craft (skill_building) via Water Well Water x11 -> Water x220 (220 req/0 extra)
        - Gather Rye Grain x220
      - External craft (skill_baking) via Millstone Rye Flour x11 -> Rye Flour x220 (220 req/0 extra)
    - External craft (skill_baking) via Basic Fermenter Yeast x11 -> Yeast x220 (220 req/0 extra)
    - External craft (skill_building) via Water Well Water x11 -> Water x220 (220 req/0 extra)
  - Craft via Basic Fermenter Weak Mead Base x22 -> Weak Mead Base x220 (217 req/3 extra)
  - Gather Blueberry x1085
- Craft Blueberry Mead x217 (final)"
skill_winery_and_brewing,18,19,,3,recipe_activatable_drink_mead_staminaregen_24,Raspberry Mead,,221,214.2,47327.6,507.03,Raspberry-1105; Barley Grain-240; Rye Grain-240,"Raspberry Mead x221 (final)
  - External craft (skill_cooking) via Basic Beehive Honey x221 -> Honey x1105 (1105 req/0 extra)
      - Gather Barley Grain x240
    - Craft via Basic Fermenter Malt x12 -> Malt x240 (230 req/10 extra)
      - External craft (skill_building) via Water Well Water x12 -> Water x240 (240 req/0 extra)
        - Gather Rye Grain x240
      - External craft (skill_baking) via Millstone Rye Flour x12 -> Rye Flour x240 (240 req/0 extra)
    - External craft (skill_baking) via Basic Fermenter Yeast x12 -> Yeast x240 (230 req/10 extra)
    - External craft (skill_building) via Water Well Water x12 -> Water x240 (230 req/10 extra)
  - Craft via Basic Fermenter Cloudy Mead Base x23 -> Cloudy Mead Base x230 (221 req/9 extra)
  - Gather Raspberry x1105
- Craft Raspberry Mead x221 (final)"
skill_alchemy,19,20,,1,recipe_crafter_alchemy_workbench_2,Alchemy Table,,101,563.5,56910.0,506.26,Nightshade Fruit-505; Heartwood-1420; Rough Animal Hide-620; Copper Ore-2540; Tin Ore-2540; Limestone-260; Sand-10100; Sapwood-25110,"Alchemy Table x101 (final)
      - Gather Sand x10100
        - Gather Sapwood x12150
      - External craft (skill_building) via Basic Charcoal Kiln Charcoal x243 -> Charcoal x6075 (6060 req/15 extra)
    - External craft (skill_building) via Furnace Glass x202 -> Glass x2020 (2020 req/0 extra)
        - Gather Rough Animal Hide x620
          - Gather Limestone x155
          - Gather Sapwood x155
        - External craft (skill_blacksmithing) via Basic Charcoal Kiln Lime x31 -> Lime x310 (310 req/0 extra)
        - External craft (skill_building) via Water Well Water x16 -> Water x320 (310 req/10 extra)
      - External craft (skill_leatherworking) via Simple Tanning Rack Inferior Leather x62 -> Inferior Leather x620 (615 req/5 extra)
        - Gather Limestone x105
        - Gather Sapwood x105
      - External craft (skill_blacksmithing) via Basic Charcoal Kiln Lime x21 -> Lime x210 (205 req/5 extra)
      - External craft (skill_building) via Water Well Water x10 -> Water x200 (195 req/5 extra)
    - External craft (skill_leatherworking) via Tanning Rack Boiled Leather x41 -> Boiled Leather x205 (202 req/3 extra)
        - Gather Tin Ore x2540
        - Gather Copper Ore x2540
        - Gather Sapwood x12700
      - External craft (skill_blacksmithing) via Basic Furnace Bronze Ingot x127 -> Bronze Ingot x2540 (2525 req/15 extra)
    - External craft (skill_blacksmithing) via Basic Forge Bronze Bar x505 -> Bronze Bar x505 (505 req/0 extra)
    - Gather Nightshade Fruit x505
  - Craft via Basic Alchemy Table Alchemy Instruments x101 -> Alchemy Instruments x101 (101 req/0 extra)
    - Gather Heartwood x810
  - External craft (skill_building) via Wood Chopping Block Fine Wood Beam x81 -> Fine Wood Beam x405 (404 req/1 extra)
    - Gather Heartwood x610
  - External craft (skill_building) via Wood Chopping Block Fine Wooden Plank x61 -> Fine Wooden Plank x610 (606 req/4 extra)
- Craft Alchemy Table x101 (final)"
skill_alchemy,19,20,,2,recipe_item_unlock_crafter_alchemy_workbench_2,Alchemy Instruments,,198,287.3,56887.1,2214.14,Nightshade Fruit-990; Rough Animal Hide-1200; Copper Ore-4960; Tin Ore-4960; Limestone-500; Sand-19800; Sapwood-49100,"Alchemy Instruments x198 (final)
    - Gather Sand x19800
      - Gather Sapwood x23800
    - External craft (skill_building) via Basic Charcoal Kiln Charcoal x476 -> Charcoal x11900 (11880 req/20 extra)
  - External craft (skill_building) via Furnace Glass x396 -> Glass x3960 (3960 req/0 extra)
      - Gather Rough Animal Hide x1200
        - Gather Limestone x300
        - Gather Sapwood x300
      - External craft (skill_blacksmithing) via Basic Charcoal Kiln Lime x60 -> Lime x600 (600 req/0 extra)
      - External craft (skill_building) via Water Well Water x30 -> Water x600 (600 req/0 extra)
    - External craft (skill_leatherworking) via Simple Tanning Rack Inferior Leather x120 -> Inferior Leather x1200 (1200 req/0 extra)
      - Gather Limestone x200
      - Gather Sapwood x200
    - External craft (skill_blacksmithing) via Basic Charcoal Kiln Lime x40 -> Lime x400 (400 req/0 extra)
    - External craft (skill_building) via Water Well Water x20 -> Water x400 (400 req/0 extra)
  - External craft (skill_leatherworking) via Tanning Rack Boiled Leather x80 -> Boiled Leather x400 (396 req/4 extra)
      - Gather Tin Ore x4960
      - Gather Copper Ore x4960
      - Gather Sapwood x24800
    - External craft (skill_blacksmithing) via Basic Furnace Bronze Ingot x248 -> Bronze Ingot x4960 (4950 req/10 extra)
  - External craft (skill_blacksmithing) via Basic Forge Bronze Bar x990 -> Bronze Bar x990 (990 req/0 extra)
  - Gather Nightshade Fruit x990
- Craft Alchemy Instruments x198 (final)"
skill_alchemy,19,20,,3,recipe_crafter_alchemy_reagent_distillery_2,Reagent Distiller,,296,191.9,56810.7,2879.09,Impure Iron Ore-560; Sand-14800; Sapwood-21940,"Reagent Distiller x296 (final)
    - Gather Sapwood x1190
  - External craft (skill_building) via Wood Chopping Block Plank x119 -> Plank x1190 (1184 req/6 extra)
          - Gather Impure Iron Ore x560
            - Gather Sapwood x2250
          - External craft (skill_building) via Basic Charcoal Kiln Charcoal x45 -> Charcoal x1125 (1120 req/5 extra)
        - External craft (skill_blacksmithing) via Basic Furnace Iron Ingot x14 -> Iron Ingot x280 (270 req/10 extra)
          - Gather Sapwood x750
        - External craft (skill_building) via Basic Charcoal Kiln Charcoal x15 -> Charcoal x375 (355 req/20 extra)
      - External craft (skill_blacksmithing) via Basic Furnace Wrought Iron Ingot x9 -> Wrought Iron Ingot x180 (180 req/0 extra)
    - External craft (skill_blacksmithing) via Basic Forge Wrought Iron Bar x36 -> Wrought Iron Bar x72 (72 req/0 extra)
  - External craft (skill_blacksmithing) via Forge Wrought Iron Nails x72 -> Wrought Iron Nails x3600 (3552 req/48 extra)
    - Gather Sand x14800
      - Gather Sapwood x17750
    - External craft (skill_building) via Basic Charcoal Kiln Charcoal x355 -> Charcoal x8875 (8860 req/15 extra)
  - External craft (skill_building) via Furnace Glass x296 -> Glass x2960 (2960 req/0 extra)
- Craft Reagent Distiller x296 (final)"
skill_baking,21,22,,1,recipe_activatable_foodcooked_bread_hpregen_20,Barley and Rye Bread,,3940,20.0,78800.0,3962.98,Suet-3152; Barley Grain-1580; Rye Grain-8680,"Barley and Rye Bread x3940 (final)
      - Gather Barley Grain x1580
    - Craft via Millstone Barley Flour x79 -> Barley Flour x1580 (1576 req/4 extra)
      - External craft (skill_building) via Water Well Water x40 -> Water x800 (800 req/0 extra)
        - Gather Rye Grain x800
      - Craft via Millstone Rye Flour x40 -> Rye Flour x800 (800 req/0 extra)
    - Craft via Basic Fermenter Yeast x40 -> Yeast x800 (788 req/12 extra)
    - External craft (skill_building) via Water Well Water x197 -> Water x3940 (3940 req/0 extra)
  - Craft via Basic Cooking Workbench Barley Dough x788 -> Barley Dough x3940 (3940 req/0 extra)
  - Gather Rye Grain x7880
    - Gather Suet x3152
  - External craft (skill_cooking) via Basic Cooking Hearth Tallow x1576 -> Tallow x7880 (7880 req/0 extra)
- Craft Barley and Rye Bread x3940 (final)"
skill_baking,21,22,,2,recipe_activatable_foodcooked_pastry_staminaregen_22,Trail Pie,,3284,24.0,78816.0,16146.33,Animal Fat-13136; Barley Grain-13140; Rye Grain-6580,"Trail Pie x3284 (final)
      - Gather Barley Grain x13140
    - Craft via Millstone Barley Flour x657 -> Barley Flour x13140 (13136 req/4 extra)
      - External craft (skill_building) via Water Well Water x329 -> Water x6580 (6580 req/0 extra)
        - Gather Rye Grain x6580
      - Craft via Millstone Rye Flour x329 -> Rye Flour x6580 (6580 req/0 extra)
    - Craft via Basic Fermenter Yeast x329 -> Yeast x6580 (6568 req/12 extra)
    - External craft (skill_building) via Water Well Water x1642 -> Water x32840 (32840 req/0 extra)
  - Craft via Basic Cooking Workbench Barley Dough x6568 -> Barley Dough x32840 (32840 req/0 extra)
    - Gather Animal Fat x13136
  - External craft (skill_cooking) via Basic Cooking Hearth Lard x6568 -> Lard x32840 (32840 req/0 extra)
- Craft Trail Pie x3284 (final)"
skill_weapon_smithing,21,22,,1,recipe_wieldable_tool_skinning_knife_t2_rare,Honed Iron Skinning Knife,,95,828.5,78704.7,485.98,Rough Animal Hide-10; Impure Iron Ore-1360; Sapwood-5545; Furry Collarstone-1140; Whisper of the Star-95,"Honed Iron Skinning Knife x95 (final)
  - Gather Furry Collarstone x1140
  - Gather Whisper of the Star x95
        - Gather Impure Iron Ore x960
          - Gather Sapwood x3850
        - External craft (skill_building) via Basic Charcoal Kiln Charcoal x77 -> Charcoal x1925 (1920 req/5 extra)
      - External craft (skill_blacksmithing) via Basic Furnace Iron Ingot x24 -> Iron Ingot x480 (475 req/5 extra)
    - External craft (skill_blacksmithing) via Basic Forge Iron Bar x95 -> Iron Bar x190 (190 req/0 extra)
  - External craft (skill_blacksmithing) via Basic Forge Iron Knife Blade x95 -> Iron Knife Blade x95 (95 req/0 extra)
    - Gather Sapwood x95
  - External craft (skill_building) via Wood Chopping Block Long Wood Stock x19 -> Long Wood Stock x95 (95 req/0 extra)
      - Gather Impure Iron Ore x400
        - Gather Sapwood x1600
      - External craft (skill_building) via Basic Charcoal Kiln Charcoal x32 -> Charcoal x800 (795 req/5 extra)
    - External craft (skill_blacksmithing) via Basic Furnace Iron Ingot x10 -> Iron Ingot x200 (185 req/15 extra)
  - External craft (skill_blacksmithing) via Basic Forge Iron Sheet x95 -> Iron Sheet x95 (95 req/0 extra)
        - Gather Rough Animal Hide x10
      - External craft (skill_leatherworking) via Simple Tanning Rack Rawhide x1 -> Rawhide x10 (10 req/0 extra)
    - External craft (skill_leatherworking) via Simple Leatherworking Table Nubuck Leather x10 -> Nubuck Leather x10 (10 req/0 extra)
  - External craft (skill_leatherworking) via Simple Leatherworking Table Coarse Leather Band x10 -> Coarse Leather Band x200 (190 req/10 extra)
- Craft Honed Iron Skinning Knife x95 (final)"
skill_weapon_smithing,21,22,,2,recipe_wieldable_tool_mining_pickaxe_t2_rare,Honed Iron Pickaxe,,105,748.4,78583.0,635.84,Rough Animal Hide-60; Copper Ore-1060; Impure Iron Ore-5280; Tin Ore-1060; Sapwood-32750; Worn Out Locket-1260; Locket of the Earthvein-105,"Honed Iron Pickaxe x105 (final)
  - Gather Worn Out Locket x1260
  - Gather Locket of the Earthvein x105
          - Gather Impure Iron Ore x3960
            - Gather Sapwood x15850
          - External craft (skill_building) via Basic Charcoal Kiln Charcoal x317 -> Charcoal x7925 (7920 req/5 extra)
        - External craft (skill_blacksmithing) via Basic Furnace Iron Ingot x99 -> Iron Ingot x1980 (1980 req/0 extra)
          - Gather Sapwood x5300
        - External craft (skill_building) via Basic Charcoal Kiln Charcoal x106 -> Charcoal x2650 (2635 req/15 extra)
      - External craft (skill_blacksmithing) via Basic Furnace Wrought Iron Ingot x66 -> Wrought Iron Ingot x1320 (1315 req/5 extra)
    - External craft (skill_blacksmithing) via Basic Forge Wrought Iron Bar x263 -> Wrought Iron Bar x526 (525 req/1 extra)
  - External craft (skill_blacksmithing) via Forge Wrought Iron Sword Blade x105 -> Wrought Iron Sword Blade x105 (105 req/0 extra)
        - Gather Impure Iron Ore x560
          - Gather Sapwood x2250
        - External craft (skill_building) via Basic Charcoal Kiln Charcoal x45 -> Charcoal x1125 (1105 req/20 extra)
      - External craft (skill_blacksmithing) via Basic Furnace Iron Ingot x14 -> Iron Ingot x280 (265 req/15 extra)
    - External craft (skill_blacksmithing) via Basic Forge Iron Bar x53 -> Iron Bar x106 (105 req/1 extra)
          - Gather Tin Ore x1060
          - Gather Copper Ore x1060
          - Gather Sapwood x5300
        - External craft (skill_blacksmithing) via Basic Furnace Bronze Ingot x53 -> Bronze Ingot x1060 (1050 req/10 extra)
      - External craft (skill_blacksmithing) via Basic Forge Bronze Bar x210 -> Bronze Bar x210 (210 req/0 extra)
    - External craft (skill_blacksmithing) via Basic Forge Bronze Spike x105 -> Bronze Spike x105 (105 req/0 extra)
          - Gather Rough Animal Hide x30
        - External craft (skill_leatherworking) via Simple Tanning Rack Rawhide x3 -> Rawhide x30 (27 req/3 extra)
      - External craft (skill_leatherworking) via Simple Leatherworking Table Nubuck Leather x27 -> Nubuck Leather x27 (27 req/0 extra)
    - External craft (skill_leatherworking) via Simple Leatherworking Table Coarse Leather Band x27 -> Coarse Leather Band x540 (525 req/15 extra)
  - External craft (skill_blacksmithing) via Basic Forge Sword Hilt x105 -> Sword Hilt x105 (105 req/0 extra)
        - Gather Impure Iron Ore x760
          - Gather Sapwood x3000
        - External craft (skill_building) via Basic Charcoal Kiln Charcoal x60 -> Charcoal x1500 (1500 req/0 extra)
      - External craft (skill_blacksmithing) via Basic Furnace Iron Ingot x19 -> Iron Ingot x380 (375 req/5 extra)
        - Gather Sapwood x1050
      - External craft (skill_building) via Basic Charcoal Kiln Charcoal x21 -> Charcoal x525 (520 req/5 extra)
    - External craft (skill_blacksmithing) via Basic Furnace Wrought Iron Ingot x13 -> Wrought Iron Ingot x260 (255 req/5 extra)
  - External craft (skill_blacksmithing) via Basic Forge Wrought Iron Bar x52 -> Wrought Iron Bar x104 (104 req/0 extra)
        - Gather Rough Animal Hide x30
      - External craft (skill_leatherworking) via Simple Tanning Rack Rawhide x3 -> Rawhide x30 (23 req/7 extra)
    - External craft (skill_leatherworking) via Simple Leatherworking Table Nubuck Leather x26 -> Nubuck Leather x26 (26 req/0 extra)
  - External craft (skill_leatherworking) via Simple Leatherworking Table Coarse Leather Band x26 -> Coarse Leather Band x520 (510 req/10 extra)
- Craft Honed Iron Pickaxe x105 (final)"
skill_weapon_smithing,21,22,,3,recipe_wieldable_mace_2h_0_t2_rare,Warded Iron Greatmaul,,86,915.2,78703.3,710.77,Rough Animal Hide-50; Copper Ore-120; Impure Iron Ore-4840; Tin Ore-120; Sapwood-20000; Furry Collarstone-1032; Charm of the Path-86,"Warded Iron Greatmaul x86 (final)
  - Gather Furry Collarstone x1032
  - Gather Charm of the Path x86
        - Gather Impure Iron Ore x360
          - Gather Sapwood x1450
        - External craft (skill_building) via Basic Charcoal Kiln Charcoal x29 -> Charcoal x725 (720 req/5 extra)
      - External craft (skill_blacksmithing) via Basic Furnace Iron Ingot x9 -> Iron Ingot x180 (172 req/8 extra)
    - External craft (skill_blacksmithing) via Basic Forge Iron Sheet x86 -> Iron Sheet x86 (86 req/0 extra)
          - Gather Rough Animal Hide x30
        - External craft (skill_leatherworking) via Simple Tanning Rack Rawhide x3 -> Rawhide x30 (22 req/8 extra)
      - External craft (skill_leatherworking) via Simple Leatherworking Table Nubuck Leather x22 -> Nubuck Leather x22 (22 req/0 extra)
    - External craft (skill_leatherworking) via Simple Leatherworking Table Coarse Leather Band x22 -> Coarse Leather Band x440 (430 req/10 extra)
          - Gather Tin Ore x40
          - Gather Copper Ore x40
          - Gather Sapwood x200
        - External craft (skill_blacksmithing) via Basic Furnace Bronze Ingot x2 -> Bronze Ingot x40 (25 req/15 extra)
      - External craft (skill_blacksmithing) via Basic Forge Bronze Bar x5 -> Bronze Bar x5 (5 req/0 extra)
    - External craft (skill_blacksmithing) via Basic Forge Bronze Studs x5 -> Bronze Studs x1000 (860 req/140 extra)
  - External craft (skill_blacksmithing) via Basic Forge Mace Grip x86 -> Mace Grip x86 (86 req/0 extra)
    - Gather Impure Iron Ore x160
      - Gather Sapwood x650
    - External craft (skill_building) via Basic Charcoal Kiln Charcoal x13 -> Charcoal x325 (315 req/10 extra)
  - External craft (skill_blacksmithing) via Basic Furnace Iron Ingot x4 -> Iron Ingot x80 (78 req/2 extra)
        - Gather Impure Iron Ore x4320
          - Gather Sapwood x17300
        - External craft (skill_building) via Basic Charcoal Kiln Charcoal x346 -> Charcoal x8650 (8630 req/20 extra)
      - External craft (skill_blacksmithing) via Basic Furnace Iron Ingot x108 -> Iron Ingot x2160 (2148 req/12 extra)
    - External craft (skill_blacksmithing) via Basic Forge Iron Bar x430 -> Iron Bar x860 (860 req/0 extra)
  - External craft (skill_blacksmithing) via Basic Forge Iron Spike x172 -> Iron Spike x172 (172 req/0 extra)
        - Gather Rough Animal Hide x20
      - External craft (skill_leatherworking) via Simple Tanning Rack Rawhide x2 -> Rawhide x20 (13 req/7 extra)
    - External craft (skill_leatherworking) via Simple Leatherworking Table Nubuck Leather x21 -> Nubuck Leather x21 (21 req/0 extra)
  - External craft (skill_leatherworking) via Simple Leatherworking Table Coarse Leather Band x21 -> Coarse Leather Band x420 (420 req/0 extra)
        - Gather Tin Ore x80
        - Gather Copper Ore x80
        - Gather Sapwood x400
      - External craft (skill_blacksmithing) via Basic Furnace Bronze Ingot x4 -> Bronze Ingot x80 (75 req/5 extra)
    - External craft (skill_blacksmithing) via Basic Forge Bronze Bar x18 -> Bronze Bar x18 (18 req/0 extra)
  - External craft (skill_blacksmithing) via Basic Forge Bronze Nails x18 -> Bronze Nails x900 (860 req/40 extra)
- Craft Warded Iron Greatmaul x86 (final)"
skill_fletching,22,23,,1,recipe_crafter_fletching_workbench_2,Fletching Table,,1394,66.0,92004.0,6987.43,Suet-27880; Heartwood-19530; Rough Animal Hide-2790; Impure Iron Ore-15360; Flax Seeds-69700; Limestone-700; Sapwood-62150,"Fletching Table x1394 (final)
        - Gather Rough Animal Hide x2790
          - Gather Limestone x700
          - Gather Sapwood x700
        - External craft (skill_blacksmithing) via Basic Charcoal Kiln Lime x140 -> Lime x1400 (1395 req/5 extra)
        - External craft (skill_building) via Water Well Water x70 -> Water x1400 (1395 req/5 extra)
      - External craft (skill_leatherworking) via Simple Tanning Rack Inferior Leather x279 -> Inferior Leather x2790 (2788 req/2 extra)
    - External craft (skill_leatherworking) via Leatherworking Table Heavy Top Grain Leather x2788 -> Heavy Top Grain Leather x2788 (2788 req/0 extra)
          - Gather Impure Iron Ore x13960
            - Gather Sapwood x55850
          - External craft (skill_building) via Basic Charcoal Kiln Charcoal x1117 -> Charcoal x27925 (27920 req/5 extra)
        - External craft (skill_blacksmithing) via Basic Furnace Iron Ingot x349 -> Iron Ingot x6980 (6970 req/10 extra)
      - External craft (skill_blacksmithing) via Basic Forge Iron Bar x1394 -> Iron Bar x2788 (2788 req/0 extra)
    - External craft (skill_blacksmithing) via Basic Forge Iron Knife Blade x1394 -> Iron Knife Blade x1394 (1394 req/0 extra)
          - Gather Impure Iron Ore x1400
            - Gather Sapwood x5600
          - External craft (skill_building) via Basic Charcoal Kiln Charcoal x112 -> Charcoal x2800 (2795 req/5 extra)
        - External craft (skill_blacksmithing) via Basic Furnace Iron Ingot x35 -> Iron Ingot x700 (690 req/10 extra)
      - External craft (skill_blacksmithing) via Basic Forge Iron Bar x140 -> Iron Bar x280 (279 req/1 extra)
    - External craft (skill_blacksmithing) via Basic Forge Iron Nails x279 -> Iron Nails x13950 (13940 req/10 extra)
      - Gather Flax Seeds x69700
        - Gather Suet x27880
      - External craft (skill_cooking) via Basic Cooking Hearth Tallow x13940 -> Tallow x69700 (69700 req/0 extra)
    - External craft (skill_leatherworking) via Leatherworking Table Linseed Oil x6970 -> Linseed Oil x6970 (6970 req/0 extra)
  - Craft via Basic Fletching Table Fletching Tools x1394 -> Fletching Tools x1394 (1394 req/0 extra)
    - Gather Heartwood x11160
  - External craft (skill_building) via Wood Chopping Block Fine Wood Beam x1116 -> Fine Wood Beam x5580 (5576 req/4 extra)
    - Gather Heartwood x8370
  - External craft (skill_building) via Wood Chopping Block Fine Wooden Plank x837 -> Fine Wooden Plank x8370 (8364 req/6 extra)
- Craft Fletching Table x1394 (final)"
skill_fletching,22,23,,2,recipe_item_unlock_crafter_fletching_workbench_2,Fletching Tools,,2788,33.0,92004.0,17294.89,Suet-55760; Rough Animal Hide-5580; Impure Iron Ore-30680; Flax Seeds-139400; Limestone-1395; Sapwood-124145,"Fletching Tools x2788 (final)
      - Gather Rough Animal Hide x5580
        - Gather Limestone x1395
        - Gather Sapwood x1395
      - External craft (skill_blacksmithing) via Basic Charcoal Kiln Lime x279 -> Lime x2790 (2790 req/0 extra)
      - External craft (skill_building) via Water Well Water x140 -> Water x2800 (2790 req/10 extra)
    - External craft (skill_leatherworking) via Simple Tanning Rack Inferior Leather x558 -> Inferior Leather x5580 (5576 req/4 extra)
  - External craft (skill_leatherworking) via Leatherworking Table Heavy Top Grain Leather x5576 -> Heavy Top Grain Leather x5576 (5576 req/0 extra)
        - Gather Impure Iron Ore x27880
          - Gather Sapwood x111550
        - External craft (skill_building) via Basic Charcoal Kiln Charcoal x2231 -> Charcoal x55775 (55760 req/15 extra)
      - External craft (skill_blacksmithing) via Basic Furnace Iron Ingot x697 -> Iron Ingot x13940 (13940 req/0 extra)
    - External craft (skill_blacksmithing) via Basic Forge Iron Bar x2788 -> Iron Bar x5576 (5576 req/0 extra)
  - External craft (skill_blacksmithing) via Basic Forge Iron Knife Blade x2788 -> Iron Knife Blade x2788 (2788 req/0 extra)
        - Gather Impure Iron Ore x2800
          - Gather Sapwood x11200
        - External craft (skill_building) via Basic Charcoal Kiln Charcoal x224 -> Charcoal x5600 (5585 req/15 extra)
      - External craft (skill_blacksmithing) via Basic Furnace Iron Ingot x70 -> Iron Ingot x1400 (1395 req/5 extra)
    - External craft (skill_blacksmithing) via Basic Forge Iron Bar x279 -> Iron Bar x558 (558 req/0 extra)
  - External craft (skill_blacksmithing) via Basic Forge Iron Nails x558 -> Iron Nails x27900 (27880 req/20 extra)
    - Gather Flax Seeds x139400
      - Gather Suet x55760
    - External craft (skill_cooking) via Basic Cooking Hearth Tallow x27880 -> Tallow x139400 (139400 req/0 extra)
  - External craft (skill_leatherworking) via Leatherworking Table Linseed Oil x13940 -> Linseed Oil x13940 (13940 req/0 extra)
- Craft Fletching Tools x2788 (final)"
skill_fletching,22,23,,3,recipe_wieldable_bow_2h_0_t2_rare,Warded Longbow,,3680,25.0,92000.0,24617.67,Boar Sinew-18400; Rough Animal Hide-1840; Sapwood-11040; Resin-25760; Token of the Whisper-3680; Furry Collarstone-44160,"Warded Longbow x3680 (final)
  - Gather Furry Collarstone x44160
  - Gather Token of the Whisper x3680
      - Gather Sapwood x11040
    - External craft (skill_building) via Wood Chopping Block Long Wood Stock x2208 -> Long Wood Stock x11040 (11040 req/0 extra)
    - Gather Resin x25760
    - External craft (skill_cooking) via Basic Beehive Beeswax x7360 -> Beeswax x36800 (36800 req/0 extra)
  - Craft via Basic Fletching Table Rough Bow Stave x3680 -> Rough Bow Stave x3680 (3680 req/0 extra)
  - Gather Boar Sinew x18400
        - Gather Rough Animal Hide x1840
      - External craft (skill_leatherworking) via Simple Tanning Rack Rawhide x184 -> Rawhide x1840 (1840 req/0 extra)
    - External craft (skill_leatherworking) via Simple Leatherworking Table Nubuck Leather x1840 -> Nubuck Leather x1840 (1840 req/0 extra)
  - External craft (skill_leatherworking) via Simple Leatherworking Table Coarse Leather Band x1840 -> Coarse Leather Band x36800 (36800 req/0 extra)
- Craft Warded Longbow x3680 (final)"
skill_charcuterie,23,24,,1,recipe_rough-cut_bear,Poorly Parted Bear,,368,296.8,109205.6,46.92,Bear Carcass-368,"Poorly Parted Bear x368 (final)
  - Gather Bear Carcass x368
- Craft Poorly Parted Bear x368 (final)"
skill_charcuterie,23,24,,2,recipe_rough-cut_wolf,Poorly Parted Chamois,,4198,26.0,109148.0,510.06,Chamois Carcass-4198,"Poorly Parted Chamois x4198 (final)
  - Gather Chamois Carcass x4198
- Craft Poorly Parted Chamois x4198 (final)"
skill_charcuterie,23,24,,3,recipe_basic_butchered_bear,Parted Bear,,4198,26.0,109148.0,535.25,Bear Carcass-4198,"Parted Bear x4198 (final)
  - Gather Bear Carcass x4198
- Craft Parted Bear x4198 (final)"
skill_tailoring,24,25,,1,recipe_wearable_cloth_head_rp_hat_06_somber,Silverleaf Bourrelet,,409,314.2,128511.0,784.05,Wool Fiber-1640; Bone Fragments-82; Opal-1636; Flax Fiber-19680,"Silverleaf Bourrelet x409 (final)
      - Gather Flax Fiber x19680
    - Craft via Spinning Wheel Linen String x656 -> Linen String x6560 (6560 req/0 extra)
  - Craft via Simple Loom Linen Cloth x164 -> Linen Cloth x820 (818 req/2 extra)
    - Gather Wool Fiber x1640
  - Craft via Spinning Wheel Wool Yarn x82 -> Wool Yarn x820 (818 req/2 extra)
    - Gather Bone Fragments x82
  - Craft via Simple Tailoring Table Sewing Needles x41 -> Sewing Needles x410 (409 req/1 extra)
  - Gather Opal x1636
- Craft Silverleaf Bourrelet x409 (final)"
skill_tailoring,24,25,,2,recipe_wearable_cloth_chest_rp_dress_01_somber,Shadow Court Gown,,339,379.2,115356.4,907.95,Wool Fiber-1360; Bone Fragments-68; Silver Ore-140; Cotton Fiber-10880; Flax Fiber-16320; Sapwood-2800,"Shadow Court Gown x339 (final)
      - Gather Flax Fiber x16320
    - Craft via Spinning Wheel Linen String x544 -> Linen String x5440 (5440 req/0 extra)
  - Craft via Simple Loom Linen Cloth x136 -> Linen Cloth x680 (678 req/2 extra)
    - Gather Wool Fiber x1360
  - Craft via Spinning Wheel Wool Yarn x68 -> Wool Yarn x680 (678 req/2 extra)
    - Gather Bone Fragments x68
  - Craft via Simple Tailoring Table Sewing Needles x34 -> Sewing Needles x340 (339 req/1 extra)
      - Gather Silver Ore x140
        - Gather Sapwood x2800
      - External craft (skill_building) via Basic Charcoal Kiln Charcoal x56 -> Charcoal x1400 (1400 req/0 extra)
    - External craft (skill_blacksmithing) via Furnace Silver Ingot x28 -> Silver Ingot x140 (136 req/4 extra)
      - Gather Cotton Fiber x10880
    - Craft via Spinning Wheel Cotton Cord x272 -> Cotton Cord x2720 (2720 req/0 extra)
  - Craft via Simple Tailoring Table Silver Thread x136 -> Silver Thread x1360 (1356 req/4 extra)
- Craft Shadow Court Gown x339 (final)"
skill_tailoring,24,25,,3,recipe_wearable_cloth_chest_rp_tunic_02_somber,Duskleaf Tunic,,339,379.2,115356.4,907.95,Wool Fiber-1360; Bone Fragments-68; Silver Ore-140; Cotton Fiber-10880; Flax Fiber-16320; Sapwood-2800,"Duskleaf Tunic x339 (final)
      - Gather Flax Fiber x16320
    - Craft via Spinning Wheel Linen String x544 -> Linen String x5440 (5440 req/0 extra)
  - Craft via Simple Loom Linen Cloth x136 -> Linen Cloth x680 (678 req/2 extra)
    - Gather Wool Fiber x1360
  - Craft via Spinning Wheel Wool Yarn x68 -> Wool Yarn x680 (678 req/2 extra)
    - Gather Bone Fragments x68
  - Craft via Simple Tailoring Table Sewing Needles x34 -> Sewing Needles x340 (339 req/1 extra)
      - Gather Silver Ore x140
        - Gather Sapwood x2800
      - External craft (skill_building) via Basic Charcoal Kiln Charcoal x56 -> Charcoal x1400 (1400 req/0 extra)
    - External craft (skill_blacksmithing) via Furnace Silver Ingot x28 -> Silver Ingot x140 (136 req/4 extra)
      - Gather Cotton Fiber x10880
    - Craft via Spinning Wheel Cotton Cord x272 -> Cotton Cord x2720 (2720 req/0 extra)
  - Craft via Simple Tailoring Table Silver Thread x136 -> Silver Thread x1360 (1356 req/4 extra)
- Craft Duskleaf Tunic x339 (final)"
skill_leatherworking,26,27,,1,recipe_item_material_leather_string,Leather String,,251,696.8,174897.6,150.01,Boar Sinew-251; Rough Animal Hide-1170; Limestone-555; Sapwood-555,"Leather String x251 (final)
          - Gather Rough Animal Hide x1170
            - Gather Limestone x295
            - Gather Sapwood x295
          - External craft (skill_blacksmithing) via Basic Charcoal Kiln Lime x59 -> Lime x590 (585 req/5 extra)
          - External craft (skill_building) via Water Well Water x30 -> Water x600 (585 req/15 extra)
        - Craft via Simple Tanning Rack Inferior Leather x117 -> Inferior Leather x1170 (1170 req/0 extra)
          - Gather Limestone x195
          - Gather Sapwood x195
        - External craft (skill_blacksmithing) via Basic Charcoal Kiln Lime x39 -> Lime x390 (385 req/5 extra)
        - External craft (skill_building) via Water Well Water x19 -> Water x380 (375 req/5 extra)
      - Craft via Tanning Rack Boiled Leather x78 -> Boiled Leather x390 (390 req/0 extra)
        - Gather Limestone x65
        - Gather Sapwood x65
      - External craft (skill_blacksmithing) via Basic Charcoal Kiln Lime x13 -> Lime x130 (125 req/5 extra)
      - External craft (skill_building) via Water Well Water x7 -> Water x140 (125 req/15 extra)
    - Craft via Tanning Rack Fine Leather x26 -> Fine Leather x260 (251 req/9 extra)
  - Craft via Leatherworking Table Medium Top Grain Leather x251 -> Medium Top Grain Leather x251 (251 req/0 extra)
  - Gather Boar Sinew x251
- Craft Leather String x251 (final)"
skill_leatherworking,26,27,,2,recipe_item_material_leather_bands,Leather Band,,280,624.0,174717.4,150.27,Rough Animal Hide-1260; Limestone-595; Sapwood-595,"Leather Band x280 (final)
          - Gather Rough Animal Hide x1260
            - Gather Limestone x315
            - Gather Sapwood x315
          - External craft (skill_blacksmithing) via Basic Charcoal Kiln Lime x63 -> Lime x630 (630 req/0 extra)
          - External craft (skill_building) via Water Well Water x32 -> Water x640 (630 req/10 extra)
        - Craft via Simple Tanning Rack Inferior Leather x126 -> Inferior Leather x1260 (1260 req/0 extra)
          - Gather Limestone x210
          - Gather Sapwood x210
        - External craft (skill_blacksmithing) via Basic Charcoal Kiln Lime x42 -> Lime x420 (420 req/0 extra)
        - External craft (skill_building) via Water Well Water x21 -> Water x420 (410 req/10 extra)
      - Craft via Tanning Rack Boiled Leather x84 -> Boiled Leather x420 (420 req/0 extra)
        - Gather Limestone x70
        - Gather Sapwood x70
      - External craft (skill_blacksmithing) via Basic Charcoal Kiln Lime x14 -> Lime x140 (140 req/0 extra)
      - External craft (skill_building) via Water Well Water x7 -> Water x140 (130 req/10 extra)
    - Craft via Tanning Rack Fine Leather x28 -> Fine Leather x280 (280 req/0 extra)
  - Craft via Leatherworking Table Medium Top Grain Leather x280 -> Medium Top Grain Leather x280 (280 req/0 extra)
- Craft Leather Band x280 (final)"
skill_leatherworking,26,27,,3,recipe_wearable_leather_hands_pilgrim_0_t4_common,Pilgrim's Gloves IV,,88,1997.9,175817.6,450.85,Suet-352; Rough Animal Hide-1980; Cotton Fiber-1760; Flax Seeds-880; Limestone-935; Sapwood-935,"Pilgrim's Gloves IV x88 (final)
          - Gather Rough Animal Hide x1980
            - Gather Limestone x495
            - Gather Sapwood x495
          - External craft (skill_blacksmithing) via Basic Charcoal Kiln Lime x99 -> Lime x990 (990 req/0 extra)
          - External craft (skill_building) via Water Well Water x50 -> Water x1000 (990 req/10 extra)
        - Craft via Simple Tanning Rack Inferior Leather x198 -> Inferior Leather x1980 (1980 req/0 extra)
          - Gather Limestone x330
          - Gather Sapwood x330
        - External craft (skill_blacksmithing) via Basic Charcoal Kiln Lime x66 -> Lime x660 (660 req/0 extra)
        - External craft (skill_building) via Water Well Water x33 -> Water x660 (650 req/10 extra)
      - Craft via Tanning Rack Boiled Leather x132 -> Boiled Leather x660 (660 req/0 extra)
        - Gather Limestone x110
        - Gather Sapwood x110
      - External craft (skill_blacksmithing) via Basic Charcoal Kiln Lime x22 -> Lime x220 (220 req/0 extra)
      - External craft (skill_building) via Water Well Water x11 -> Water x220 (210 req/10 extra)
    - Craft via Tanning Rack Fine Leather x44 -> Fine Leather x440 (440 req/0 extra)
  - Craft via Leatherworking Table Medium Top Grain Leather x440 -> Medium Top Grain Leather x440 (440 req/0 extra)
    - Gather Cotton Fiber x1760
  - External craft (skill_tailoring) via Spinning Wheel Cotton Cord x44 -> Cotton Cord x440 (440 req/0 extra)
    - Gather Flax Seeds x880
      - Gather Suet x352
    - External craft (skill_cooking) via Basic Cooking Hearth Tallow x176 -> Tallow x880 (880 req/0 extra)
  - Craft via Leatherworking Table Linseed Oil x88 -> Linseed Oil x88 (88 req/0 extra)
- Craft Pilgrim's Gloves IV x88 (final)"
skill_building,28,29,,1,recipe_building_prop_door_double_painted,Elegant Wooden Double Door,,24,814.7,19419.0,12.60,Heartwood-770; Impure Iron Ore-880; Sapwood-4400,"Elegant Wooden Double Door x24 (final)
      - Gather Heartwood x770
    - Craft via Wood Chopping Block Fine Wooden Plank x77 -> Fine Wooden Plank x770 (768 req/2 extra)
            - Gather Impure Iron Ore x200
              - Gather Sapwood x800
            - Craft via Basic Charcoal Kiln Charcoal x16 -> Charcoal x400 (400 req/0 extra)
          - External craft (skill_blacksmithing) via Basic Furnace Iron Ingot x5 -> Iron Ingot x100 (90 req/10 extra)
            - Gather Sapwood x250
          - Craft via Basic Charcoal Kiln Charcoal x5 -> Charcoal x125 (120 req/5 extra)
        - External craft (skill_blacksmithing) via Basic Furnace Wrought Iron Ingot x3 -> Wrought Iron Ingot x60 (60 req/0 extra)
      - External craft (skill_blacksmithing) via Basic Forge Wrought Iron Bar x12 -> Wrought Iron Bar x24 (24 req/0 extra)
    - External craft (skill_blacksmithing) via Forge Wrought Iron Nails x24 -> Wrought Iron Nails x1200 (1152 req/48 extra)
            - Gather Impure Iron Ore x480
              - Gather Sapwood x1950
            - Craft via Basic Charcoal Kiln Charcoal x39 -> Charcoal x975 (955 req/20 extra)
          - External craft (skill_blacksmithing) via Basic Furnace Iron Ingot x12 -> Iron Ingot x240 (230 req/10 extra)
            - Gather Sapwood x600
          - Craft via Basic Charcoal Kiln Charcoal x12 -> Charcoal x300 (300 req/0 extra)
        - External craft (skill_blacksmithing) via Basic Furnace Wrought Iron Ingot x8 -> Wrought Iron Ingot x160 (156 req/4 extra)
      - External craft (skill_blacksmithing) via Forge Wrought Iron Sheet x78 -> Wrought Iron Sheet x78 (78 req/0 extra)
            - Gather Impure Iron Ore x200
              - Gather Sapwood x800
            - Craft via Basic Charcoal Kiln Charcoal x16 -> Charcoal x400 (400 req/0 extra)
          - External craft (skill_blacksmithing) via Basic Furnace Iron Ingot x5 -> Iron Ingot x100 (90 req/10 extra)
        - External craft (skill_blacksmithing) via Basic Forge Iron Bar x20 -> Iron Bar x40 (39 req/1 extra)
      - External craft (skill_blacksmithing) via Basic Forge Iron Nails x39 -> Iron Nails x1950 (1950 req/0 extra)
    - External craft (skill_blacksmithing) via Forge Wrought Iron Hinges x39 -> Wrought Iron Hinges x195 (192 req/3 extra)
  - Craft via Carpenter Workbench Elegant Wooden Door x48 -> item_prop_door_wooden_painted x48 (48 req/0 extra)
- Craft Elegant Wooden Double Door x24 (final)"
skill_building,28,29,,2,recipe_building_prop_door_wooden_painted,Elegant Wooden Door,,48,407.3,19419.0,12.60,Heartwood-770; Impure Iron Ore-880; Sapwood-4400,"Elegant Wooden Door x48 (final)
      - Gather Heartwood x770
    - Craft via Wood Chopping Block Fine Wooden Plank x77 -> Fine Wooden Plank x770 (768 req/2 extra)
            - Gather Impure Iron Ore x200
              - Gather Sapwood x800
            - Craft via Basic Charcoal Kiln Charcoal x16 -> Charcoal x400 (400 req/0 extra)
          - External craft (skill_blacksmithing) via Basic Furnace Iron Ingot x5 -> Iron Ingot x100 (90 req/10 extra)
            - Gather Sapwood x250
          - Craft via Basic Charcoal Kiln Charcoal x5 -> Charcoal x125 (120 req/5 extra)
        - External craft (skill_blacksmithing) via Basic Furnace Wrought Iron Ingot x3 -> Wrought Iron Ingot x60 (60 req/0 extra)
      - External craft (skill_blacksmithing) via Basic Forge Wrought Iron Bar x12 -> Wrought Iron Bar x24 (24 req/0 extra)
    - External craft (skill_blacksmithing) via Forge Wrought Iron Nails x24 -> Wrought Iron Nails x1200 (1152 req/48 extra)
            - Gather Impure Iron Ore x480
              - Gather Sapwood x1950
            - Craft via Basic Charcoal Kiln Charcoal x39 -> Charcoal x975 (955 req/20 extra)
          - External craft (skill_blacksmithing) via Basic Furnace Iron Ingot x12 -> Iron Ingot x240 (230 req/10 extra)
            - Gather Sapwood x600
          - Craft via Basic Charcoal Kiln Charcoal x12 -> Charcoal x300 (300 req/0 extra)
        - External craft (skill_blacksmithing) via Basic Furnace Wrought Iron Ingot x8 -> Wrought Iron Ingot x160 (156 req/4 extra)
      - External craft (skill_blacksmithing) via Forge Wrought Iron Sheet x78 -> Wrought Iron Sheet x78 (78 req/0 extra)
            - Gather Impure Iron Ore x200
              - Gather Sapwood x800
            - Craft via Basic Charcoal Kiln Charcoal x16 -> Charcoal x400 (400 req/0 extra)
          - External craft (skill_blacksmithing) via Basic Furnace Iron Ingot x5 -> Iron Ingot x100 (90 req/10 extra)
        - External craft (skill_blacksmithing) via Basic Forge Iron Bar x20 -> Iron Bar x40 (39 req/1 extra)
      - External craft (skill_blacksmithing) via Basic Forge Iron Nails x39 -> Iron Nails x1950 (1950 req/0 extra)
    - External craft (skill_blacksmithing) via Forge Wrought Iron Hinges x39 -> Wrought Iron Hinges x195 (192 req/3 extra)
  - Craft via Carpenter Workbench Elegant Wooden Door x48 -> item_prop_door_wooden_painted x48 (48 req/0 extra)
- Craft Elegant Wooden Door x48 (final)"
skill_building,28,29,,3,recipe_building_prop_door_wooden_painted_left,Elegant Wooden Door,,48,407.3,19419.0,12.60,Heartwood-770; Impure Iron Ore-880; Sapwood-4400,"Elegant Wooden Door x48 (final)
      - Gather Heartwood x770
    - Craft via Wood Chopping Block Fine Wooden Plank x77 -> Fine Wooden Plank x770 (768 req/2 extra)
            - Gather Impure Iron Ore x200
              - Gather Sapwood x800
            - Craft via Basic Charcoal Kiln Charcoal x16 -> Charcoal x400 (400 req/0 extra)
          - External craft (skill_blacksmithing) via Basic Furnace Iron Ingot x5 -> Iron Ingot x100 (90 req/10 extra)
            - Gather Sapwood x250
          - Craft via Basic Charcoal Kiln Charcoal x5 -> Charcoal x125 (120 req/5 extra)
        - External craft (skill_blacksmithing) via Basic Furnace Wrought Iron Ingot x3 -> Wrought Iron Ingot x60 (60 req/0 extra)
      - External craft (skill_blacksmithing) via Basic Forge Wrought Iron Bar x12 -> Wrought Iron Bar x24 (24 req/0 extra)
    - External craft (skill_blacksmithing) via Forge Wrought Iron Nails x24 -> Wrought Iron Nails x1200 (1152 req/48 extra)
            - Gather Impure Iron Ore x480
              - Gather Sapwood x1950
            - Craft via Basic Charcoal Kiln Charcoal x39 -> Charcoal x975 (955 req/20 extra)
          - External craft (skill_blacksmithing) via Basic Furnace Iron Ingot x12 -> Iron Ingot x240 (230 req/10 extra)
            - Gather Sapwood x600
          - Craft via Basic Charcoal Kiln Charcoal x12 -> Charcoal x300 (300 req/0 extra)
        - External craft (skill_blacksmithing) via Basic Furnace Wrought Iron Ingot x8 -> Wrought Iron Ingot x160 (156 req/4 extra)
      - External craft (skill_blacksmithing) via Forge Wrought Iron Sheet x78 -> Wrought Iron Sheet x78 (78 req/0 extra)
            - Gather Impure Iron Ore x200
              - Gather Sapwood x800
            - Craft via Basic Charcoal Kiln Charcoal x16 -> Charcoal x400 (400 req/0 extra)
          - External craft (skill_blacksmithing) via Basic Furnace Iron Ingot x5 -> Iron Ingot x100 (90 req/10 extra)
        - External craft (skill_blacksmithing) via Basic Forge Iron Bar x20 -> Iron Bar x40 (39 req/1 extra)
      - External craft (skill_blacksmithing) via Basic Forge Iron Nails x39 -> Iron Nails x1950 (1950 req/0 extra)
    - External craft (skill_blacksmithing) via Forge Wrought Iron Hinges x39 -> Wrought Iron Hinges x195 (192 req/3 extra)
  - Craft via Carpenter Workbench Elegant Wooden Door x48 -> item_prop_door_wooden_painted x48 (48 req/0 extra)
- Craft Elegant Wooden Door x48 (final)"
skill_armor_smithing,18,19,,1,recipe_crafter_blacksmith_armor_workbench_2,Armorer Workbench,,83,573.8,47626.7,416.04,Heartwood-1170; Rough Animal Hide-170; Copper Ore-840; Impure Iron Ore-3360; Tin Ore-840; Limestone-45; Sapwood-21045,"Armorer Workbench x83 (final)
          - Gather Impure Iron Ore x2520
            - Gather Sapwood x10100
          - External craft (skill_building) via Basic Charcoal Kiln Charcoal x202 -> Charcoal x5050 (5040 req/10 extra)
        - External craft (skill_blacksmithing) via Basic Furnace Iron Ingot x63 -> Iron Ingot x1260 (1260 req/0 extra)
          - Gather Sapwood x3350
        - External craft (skill_building) via Basic Charcoal Kiln Charcoal x67 -> Charcoal x1675 (1670 req/5 extra)
      - External craft (skill_blacksmithing) via Basic Furnace Wrought Iron Ingot x42 -> Wrought Iron Ingot x840 (830 req/10 extra)
    - External craft (skill_blacksmithing) via Forge Wrought Iron Sheet x415 -> Wrought Iron Sheet x415 (415 req/0 extra)
        - Gather Rough Animal Hide x170
          - Gather Limestone x45
          - Gather Sapwood x45
        - External craft (skill_blacksmithing) via Basic Charcoal Kiln Lime x9 -> Lime x90 (85 req/5 extra)
        - External craft (skill_building) via Water Well Water x5 -> Water x100 (85 req/15 extra)
      - External craft (skill_leatherworking) via Simple Tanning Rack Inferior Leather x17 -> Inferior Leather x170 (166 req/4 extra)
    - External craft (skill_leatherworking) via Leatherworking Table Heavy Top Grain Leather x166 -> Heavy Top Grain Leather x166 (166 req/0 extra)
          - Gather Impure Iron Ore x840
            - Gather Sapwood x3350
          - External craft (skill_building) via Basic Charcoal Kiln Charcoal x67 -> Charcoal x1675 (1675 req/0 extra)
        - External craft (skill_blacksmithing) via Basic Furnace Iron Ingot x21 -> Iron Ingot x420 (415 req/5 extra)
      - External craft (skill_blacksmithing) via Basic Forge Iron Bar x83 -> Iron Bar x166 (166 req/0 extra)
    - External craft (skill_blacksmithing) via Basic Forge Iron Nails x166 -> Iron Nails x8300 (8300 req/0 extra)
        - Gather Tin Ore x840
        - Gather Copper Ore x840
        - Gather Sapwood x4200
      - External craft (skill_blacksmithing) via Basic Furnace Bronze Ingot x42 -> Bronze Ingot x840 (830 req/10 extra)
    - External craft (skill_blacksmithing) via Basic Forge Bronze Sheet x415 -> Bronze Sheet x415 (415 req/0 extra)
  - Craft via Basic Armorer Workbench Armorer Tools x83 -> Armorer Tools x83 (83 req/0 extra)
    - Gather Heartwood x670
  - External craft (skill_building) via Wood Chopping Block Fine Wood Beam x67 -> Fine Wood Beam x335 (332 req/3 extra)
    - Gather Heartwood x500
  - External craft (skill_building) via Wood Chopping Block Fine Wooden Plank x50 -> Fine Wooden Plank x500 (498 req/2 extra)
- Craft Armorer Workbench x83 (final)"
skill_armor_smithing,18,19,,2,recipe_wearable_metal_head_ironside_f_t2_rare,Ironside's Helm of Warcry II,,60,787.7,47262.8,855.04,Rough Animal Hide-20; Copper Ore-60; Impure Iron Ore-2440; Tin Ore-60; Sapwood-10100; Worn Out Locket-720; Charm of the Earthcall-60,"Ironside's Helm of Warcry II x60 (final)
  - Gather Worn Out Locket x720
  - Gather Charm of the Earthcall x60
      - Gather Impure Iron Ore x2400
        - Gather Sapwood x9600
      - External craft (skill_building) via Basic Charcoal Kiln Charcoal x192 -> Charcoal x4800 (4800 req/0 extra)
    - External craft (skill_blacksmithing) via Basic Furnace Iron Ingot x60 -> Iron Ingot x1200 (1200 req/0 extra)
  - External craft (skill_blacksmithing) via Basic Forge Iron Sheet x600 -> Iron Sheet x600 (600 req/0 extra)
        - Gather Rough Animal Hide x20
      - External craft (skill_leatherworking) via Simple Tanning Rack Rawhide x2 -> Rawhide x20 (12 req/8 extra)
    - External craft (skill_leatherworking) via Simple Leatherworking Table Nubuck Leather x12 -> Nubuck Leather x12 (12 req/0 extra)
  - External craft (skill_leatherworking) via Simple Leatherworking Table Coarse Leather Band x12 -> Coarse Leather Band x240 (240 req/0 extra)
        - Gather Tin Ore x60
        - Gather Copper Ore x60
        - Gather Sapwood x300
      - External craft (skill_blacksmithing) via Basic Furnace Bronze Ingot x3 -> Bronze Ingot x60 (50 req/10 extra)
    - External craft (skill_blacksmithing) via Basic Forge Bronze Sheet x25 -> Bronze Sheet x25 (25 req/0 extra)
  - External craft (skill_blacksmithing) via Basic Forge Bronze Buckle x5 -> Bronze Buckle x125 (120 req/5 extra)
        - Gather Impure Iron Ore x40
          - Gather Sapwood x200
        - External craft (skill_building) via Basic Charcoal Kiln Charcoal x4 -> Charcoal x100 (80 req/20 extra)
      - External craft (skill_blacksmithing) via Basic Furnace Iron Ingot x1 -> Iron Ingot x20 (15 req/5 extra)
    - External craft (skill_blacksmithing) via Basic Forge Iron Bar x3 -> Iron Bar x6 (6 req/0 extra)
  - External craft (skill_blacksmithing) via Basic Forge Iron Studs x6 -> Iron Studs x1200 (1200 req/0 extra)
- Craft Ironside's Helm of Warcry II x60 (final)"
skill_armor_smithing,18,19,,3,recipe_wearable_metal_feet_warrior_ss_t2_rare,Warrior's Sabatons of Swift March II,,59,807.3,47628.3,867.24,Rough Animal Hide-10; Copper Ore-60; Impure Iron Ore-2400; Tin Ore-60; Cobra Lily-590; Sapwood-9900; Furry Collarstone-708; Icon of the Choir-59,"Warrior's Sabatons of Swift March II x59 (final)
  - Gather Furry Collarstone x708
  - Gather Icon of the Choir x59
  - Gather Cobra Lily x590
      - Gather Impure Iron Ore x2360
        - Gather Sapwood x9450
      - External craft (skill_building) via Basic Charcoal Kiln Charcoal x189 -> Charcoal x4725 (4720 req/5 extra)
    - External craft (skill_blacksmithing) via Basic Furnace Iron Ingot x59 -> Iron Ingot x1180 (1180 req/0 extra)
  - External craft (skill_blacksmithing) via Basic Forge Iron Sheet x590 -> Iron Sheet x590 (590 req/0 extra)
        - Gather Rough Animal Hide x10
      - External craft (skill_leatherworking) via Simple Tanning Rack Rawhide x1 -> Rawhide x10 (6 req/4 extra)
    - External craft (skill_leatherworking) via Simple Leatherworking Table Nubuck Leather x6 -> Nubuck Leather x6 (6 req/0 extra)
  - External craft (skill_leatherworking) via Simple Leatherworking Table Coarse Leather Band x6 -> Coarse Leather Band x120 (118 req/2 extra)
        - Gather Tin Ore x60
        - Gather Copper Ore x60
        - Gather Sapwood x300
      - External craft (skill_blacksmithing) via Basic Furnace Bronze Ingot x3 -> Bronze Ingot x60 (50 req/10 extra)
    - External craft (skill_blacksmithing) via Basic Forge Bronze Sheet x25 -> Bronze Sheet x25 (25 req/0 extra)
  - External craft (skill_blacksmithing) via Basic Forge Bronze Buckle x5 -> Bronze Buckle x125 (118 req/7 extra)
        - Gather Impure Iron Ore x40
          - Gather Sapwood x150
        - External craft (skill_building) via Basic Charcoal Kiln Charcoal x3 -> Charcoal x75 (75 req/0 extra)
      - External craft (skill_blacksmithing) via Basic Furnace Iron Ingot x1 -> Iron Ingot x20 (15 req/5 extra)
    - External craft (skill_blacksmithing) via Basic Forge Iron Bar x3 -> Iron Bar x6 (6 req/0 extra)
  - External craft (skill_blacksmithing) via Basic Forge Iron Studs x6 -> Iron Studs x1200 (1180 req/20 extra)
- Craft Warrior's Sabatons of Swift March II x59 (final)"
skill_cooking,20,21,,1,recipe_activatable_drink_sirup_hpregen_20,Strawberry Syrup,,229,292.4,66955.6,361.63,Strawberry-1145,"Strawberry Syrup x229 (final)
  - External craft (skill_building) via Water Well Water x58 -> Water x1160 (1145 req/15 extra)
  - Gather Strawberry x1145
- Craft Strawberry Syrup x229 (final)"
skill_cooking,20,21,,2,recipe_activatable_drink_herbal_tea_hpregen_1,Dandelion Herb Infusion,,233,287.6,67008.2,364.57,Dandelion-1165; Rosemary-466,"Dandelion Herb Infusion x233 (final)
  - External craft (skill_building) via Water Well Water x59 -> Water x1180 (1165 req/15 extra)
  - Gather Dandelion x1165
  - Gather Rosemary x466
- Craft Dandelion Herb Infusion x233 (final)"
skill_cooking,20,21,,3,recipe_activatable_drink_herbal_tea_maxhp_4,Fennel Tea,,252,265.7,66946.8,608.21,Pasque Flower-1260; Fennel-1260,"Fennel Tea x252 (final)
  - External craft (skill_building) via Water Well Water x63 -> Water x1260 (1260 req/0 extra)
  - Gather Fennel x1260
  - Gather Pasque Flower x1260
- Craft Fennel Tea x252 (final)"
skill_jewelerycrafting,19,20,,1,recipe_crafter_jewelcrafting_workbench_2,Jeweler Table,,100,563.5,56346.6,501.25,Amber-100; Heartwood-1400; Rough Animal Hide-100; Copper Ore-3000; Tin Ore-3000; Limestone-25; Sapwood-15025,"Jeweler Table x100 (final)
    - Gather Amber x100
        - Gather Rough Animal Hide x100
          - Gather Limestone x25
          - Gather Sapwood x25
        - External craft (skill_blacksmithing) via Basic Charcoal Kiln Lime x5 -> Lime x50 (50 req/0 extra)
        - External craft (skill_building) via Water Well Water x3 -> Water x60 (50 req/10 extra)
      - External craft (skill_leatherworking) via Simple Tanning Rack Inferior Leather x10 -> Inferior Leather x100 (100 req/0 extra)
    - External craft (skill_leatherworking) via Leatherworking Table Heavy Top Grain Leather x100 -> Heavy Top Grain Leather x100 (100 req/0 extra)
        - Gather Tin Ore x2500
        - Gather Copper Ore x2500
        - Gather Sapwood x12500
      - External craft (skill_blacksmithing) via Basic Furnace Bronze Ingot x125 -> Bronze Ingot x2500 (2500 req/0 extra)
    - External craft (skill_blacksmithing) via Basic Forge Bronze Bar x500 -> Bronze Bar x500 (500 req/0 extra)
      - Gather Tin Ore x500
      - Gather Copper Ore x500
      - Gather Sapwood x2500
    - External craft (skill_blacksmithing) via Basic Furnace Bronze Ingot x25 -> Bronze Ingot x500 (500 req/0 extra)
  - Craft via Basic Jeweler Table Jewelcrafting Tools x100 -> Jewelcrafting Tools x100 (100 req/0 extra)
    - Gather Heartwood x800
  - External craft (skill_building) via Wood Chopping Block Fine Wood Beam x80 -> Fine Wood Beam x400 (400 req/0 extra)
    - Gather Heartwood x600
  - External craft (skill_building) via Wood Chopping Block Fine Wooden Plank x60 -> Fine Wooden Plank x600 (600 req/0 extra)
- Craft Jeweler Table x100 (final)"
skill_jewelerycrafting,19,20,,2,recipe_item_unlock_crafter_jewelcrafting_workbench_2,Jewelcrafting Tools,,196,287.3,56312.5,507.80,Amber-196; Rough Animal Hide-200; Copper Ore-5880; Tin Ore-5880; Limestone-50; Sapwood-29450,"Jewelcrafting Tools x196 (final)
  - Gather Amber x196
      - Gather Rough Animal Hide x200
        - Gather Limestone x50
        - Gather Sapwood x50
      - External craft (skill_blacksmithing) via Basic Charcoal Kiln Lime x10 -> Lime x100 (100 req/0 extra)
      - External craft (skill_building) via Water Well Water x5 -> Water x100 (100 req/0 extra)
    - External craft (skill_leatherworking) via Simple Tanning Rack Inferior Leather x20 -> Inferior Leather x200 (196 req/4 extra)
  - External craft (skill_leatherworking) via Leatherworking Table Heavy Top Grain Leather x196 -> Heavy Top Grain Leather x196 (196 req/0 extra)
      - Gather Tin Ore x4900
      - Gather Copper Ore x4900
      - Gather Sapwood x24500
    - External craft (skill_blacksmithing) via Basic Furnace Bronze Ingot x245 -> Bronze Ingot x4900 (4900 req/0 extra)
  - External craft (skill_blacksmithing) via Basic Forge Bronze Bar x980 -> Bronze Bar x980 (980 req/0 extra)
    - Gather Tin Ore x980
    - Gather Copper Ore x980
    - Gather Sapwood x4900
  - External craft (skill_blacksmithing) via Basic Furnace Bronze Ingot x49 -> Bronze Ingot x980 (980 req/0 extra)
- Craft Jewelcrafting Tools x196 (final)"
skill_jewelerycrafting,19,20,,3,recipe_wearable_hat_jewellery_rp_diadem_01_silver,Lunar Oak Tiara,,239,236.0,56414.3,1554.30,Bone Fragments-48; Silver Ore-2870; Sapwood-57400,"Lunar Oak Tiara x239 (final)
    - Gather Silver Ore x2870
      - Gather Sapwood x57400
    - External craft (skill_building) via Basic Charcoal Kiln Charcoal x1148 -> Charcoal x28700 (28700 req/0 extra)
  - External craft (skill_blacksmithing) via Furnace Silver Ingot x574 -> Silver Ingot x2870 (2868 req/2 extra)
    - Gather Bone Fragments x48
  - External craft (skill_tailoring) via Simple Tailoring Table Sewing Needles x24 -> Sewing Needles x240 (239 req/1 extra)
- Craft Lunar Oak Tiara x239 (final)"
skill_winery_and_brewing,19,20,,1,recipe_activatable_drink_mead_staminaregen_8,Weak Mead,,246,230.8,56788.2,414.10,Barley Grain-260; Rye Grain-260,"Weak Mead x246 (final)
  - External craft (skill_cooking) via Basic Beehive Honey x246 -> Honey x1230 (1230 req/0 extra)
      - Gather Barley Grain x260
    - Craft via Basic Fermenter Malt x13 -> Malt x260 (250 req/10 extra)
      - External craft (skill_building) via Water Well Water x13 -> Water x260 (260 req/0 extra)
        - Gather Rye Grain x260
      - External craft (skill_baking) via Millstone Rye Flour x13 -> Rye Flour x260 (260 req/0 extra)
    - External craft (skill_baking) via Basic Fermenter Yeast x13 -> Yeast x260 (250 req/10 extra)
    - External craft (skill_building) via Water Well Water x13 -> Water x260 (250 req/10 extra)
  - Craft via Basic Fermenter Weak Mead Base x25 -> Weak Mead Base x250 (246 req/4 extra)
- Craft Weak Mead x246 (final)"
skill_winery_and_brewing,19,20,,2,recipe_activatable_drink_mead_staminaregen_24,Raspberry Mead,,229,247.7,56713.2,525.39,Raspberry-1145; Barley Grain-240; Rye Grain-240,"Raspberry Mead x229 (final)
  - External craft (skill_cooking) via Basic Beehive Honey x229 -> Honey x1145 (1145 req/0 extra)
      - Gather Barley Grain x240
    - Craft via Basic Fermenter Malt x12 -> Malt x240 (230 req/10 extra)
      - External craft (skill_building) via Water Well Water x12 -> Water x240 (240 req/0 extra)
        - Gather Rye Grain x240
      - External craft (skill_baking) via Millstone Rye Flour x12 -> Rye Flour x240 (240 req/0 extra)
    - External craft (skill_baking) via Basic Fermenter Yeast x12 -> Yeast x240 (230 req/10 extra)
    - External craft (skill_building) via Water Well Water x12 -> Water x240 (230 req/10 extra)
  - Craft via Basic Fermenter Cloudy Mead Base x23 -> Cloudy Mead Base x230 (229 req/1 extra)
  - Gather Raspberry x1145
- Craft Raspberry Mead x229 (final)"
skill_winery_and_brewing,19,20,,3,recipe_crafter_wine_barrel_1,Wine Barrel,,185,307.0,56793.8,975.88,Copper Ore-2600; Impure Iron Ore-200; Tin Ore-1860; Sand-74000; Sapwood-102630,"Wine Barrel x185 (final)
      - Gather Copper Ore x740
        - Gather Sapwood x2250
      - External craft (skill_building) via Basic Charcoal Kiln Charcoal x45 -> Charcoal x1125 (1110 req/15 extra)
    - External craft (skill_blacksmithing) via Basic Furnace Copper Ingot x37 -> Copper Ingot x370 (370 req/0 extra)
        - Gather Sand x74000
          - Gather Sapwood x88800
        - External craft (skill_building) via Basic Charcoal Kiln Charcoal x1776 -> Charcoal x44400 (44385 req/15 extra)
      - External craft (skill_building) via Furnace Glass x1480 -> Glass x14800 (14800 req/0 extra)
    - External craft (skill_blacksmithing) via Forge Vial x740 -> Vial x3700 (3700 req/0 extra)
        - Gather Tin Ore x1860
        - Gather Copper Ore x1860
        - Gather Sapwood x9300
      - External craft (skill_blacksmithing) via Basic Furnace Bronze Ingot x93 -> Bronze Ingot x1860 (1850 req/10 extra)
    - External craft (skill_blacksmithing) via Basic Forge Bronze Sheet x925 -> Bronze Sheet x925 (925 req/0 extra)
  - Craft via Basic Cooking Workbench Barrel Pieces x185 -> Barrel Pieces x185 (185 req/0 extra)
    - Gather Sapwood x1480
  - External craft (skill_building) via Wood Chopping Block Plank x148 -> Plank x1480 (1480 req/0 extra)
        - Gather Impure Iron Ore x200
          - Gather Sapwood x800
        - External craft (skill_building) via Basic Charcoal Kiln Charcoal x16 -> Charcoal x400 (385 req/15 extra)
      - External craft (skill_blacksmithing) via Basic Furnace Iron Ingot x5 -> Iron Ingot x100 (95 req/5 extra)
    - External craft (skill_blacksmithing) via Basic Forge Iron Bar x19 -> Iron Bar x38 (37 req/1 extra)
  - External craft (skill_blacksmithing) via Basic Forge Iron Nails x37 -> Iron Nails x1850 (1850 req/0 extra)
- Craft Wine Barrel x185 (final)"
skill_alchemy,20,21,,1,recipe_crafter_alchemy_workbench_2,Alchemy Table,,125,533.9,66741.4,626.56,Nightshade Fruit-625; Heartwood-1750; Rough Animal Hide-750; Copper Ore-3140; Tin Ore-3140; Limestone-315; Sand-12500; Sapwood-31015,"Alchemy Table x125 (final)
      - Gather Sand x12500
        - Gather Sapwood x15000
      - External craft (skill_building) via Basic Charcoal Kiln Charcoal x300 -> Charcoal x7500 (7500 req/0 extra)
    - External craft (skill_building) via Furnace Glass x250 -> Glass x2500 (2500 req/0 extra)
        - Gather Rough Animal Hide x750
          - Gather Limestone x190
          - Gather Sapwood x190
        - External craft (skill_blacksmithing) via Basic Charcoal Kiln Lime x38 -> Lime x380 (375 req/5 extra)
        - External craft (skill_building) via Water Well Water x19 -> Water x380 (375 req/5 extra)
      - External craft (skill_leatherworking) via Simple Tanning Rack Inferior Leather x75 -> Inferior Leather x750 (750 req/0 extra)
        - Gather Limestone x125
        - Gather Sapwood x125
      - External craft (skill_blacksmithing) via Basic Charcoal Kiln Lime x25 -> Lime x250 (245 req/5 extra)
      - External craft (skill_building) via Water Well Water x13 -> Water x260 (245 req/15 extra)
    - External craft (skill_leatherworking) via Tanning Rack Boiled Leather x50 -> Boiled Leather x250 (250 req/0 extra)
        - Gather Tin Ore x3140
        - Gather Copper Ore x3140
        - Gather Sapwood x15700
      - External craft (skill_blacksmithing) via Basic Furnace Bronze Ingot x157 -> Bronze Ingot x3140 (3125 req/15 extra)
    - External craft (skill_blacksmithing) via Basic Forge Bronze Bar x625 -> Bronze Bar x625 (625 req/0 extra)
    - Gather Nightshade Fruit x625
  - Craft via Basic Alchemy Table Alchemy Instruments x125 -> Alchemy Instruments x125 (125 req/0 extra)
    - Gather Heartwood x1000
  - External craft (skill_building) via Wood Chopping Block Fine Wood Beam x100 -> Fine Wood Beam x500 (500 req/0 extra)
    - Gather Heartwood x750
  - External craft (skill_building) via Wood Chopping Block Fine Wooden Plank x75 -> Fine Wooden Plank x750 (750 req/0 extra)
- Craft Alchemy Table x125 (final)"
skill_alchemy,20,21,,2,recipe_item_unlock_crafter_alchemy_workbench_2,Alchemy Instruments,,245,272.6,66782.6,2739.71,Nightshade Fruit-1225; Rough Animal Hide-1470; Copper Ore-6140; Tin Ore-6140; Limestone-615; Sand-24500; Sapwood-60715,"Alchemy Instruments x245 (final)
    - Gather Sand x24500
      - Gather Sapwood x29400
    - External craft (skill_building) via Basic Charcoal Kiln Charcoal x588 -> Charcoal x14700 (14700 req/0 extra)
  - External craft (skill_building) via Furnace Glass x490 -> Glass x4900 (4900 req/0 extra)
      - Gather Rough Animal Hide x1470
        - Gather Limestone x370
        - Gather Sapwood x370
      - External craft (skill_blacksmithing) via Basic Charcoal Kiln Lime x74 -> Lime x740 (735 req/5 extra)
      - External craft (skill_building) via Water Well Water x37 -> Water x740 (735 req/5 extra)
    - External craft (skill_leatherworking) via Simple Tanning Rack Inferior Leather x147 -> Inferior Leather x1470 (1470 req/0 extra)
      - Gather Limestone x245
      - Gather Sapwood x245
    - External craft (skill_blacksmithing) via Basic Charcoal Kiln Lime x49 -> Lime x490 (485 req/5 extra)
    - External craft (skill_building) via Water Well Water x25 -> Water x500 (485 req/15 extra)
  - External craft (skill_leatherworking) via Tanning Rack Boiled Leather x98 -> Boiled Leather x490 (490 req/0 extra)
      - Gather Tin Ore x6140
      - Gather Copper Ore x6140
      - Gather Sapwood x30700
    - External craft (skill_blacksmithing) via Basic Furnace Bronze Ingot x307 -> Bronze Ingot x6140 (6125 req/15 extra)
  - External craft (skill_blacksmithing) via Basic Forge Bronze Bar x1225 -> Bronze Bar x1225 (1225 req/0 extra)
  - Gather Nightshade Fruit x1225
- Craft Alchemy Instruments x245 (final)"
skill_alchemy,20,21,,3,recipe_crafter_alchemy_reagent_distillery_2,Reagent Distiller,,351,190.3,66810.7,3414.06,Impure Iron Ore-680; Sand-17550; Sapwood-26110,"Reagent Distiller x351 (final)
    - Gather Sapwood x1410
  - External craft (skill_building) via Wood Chopping Block Plank x141 -> Plank x1410 (1404 req/6 extra)
          - Gather Impure Iron Ore x680
            - Gather Sapwood x2750
          - External craft (skill_building) via Basic Charcoal Kiln Charcoal x55 -> Charcoal x1375 (1360 req/15 extra)
        - External craft (skill_blacksmithing) via Basic Furnace Iron Ingot x17 -> Iron Ingot x340 (330 req/10 extra)
          - Gather Sapwood x850
        - External craft (skill_building) via Basic Charcoal Kiln Charcoal x17 -> Charcoal x425 (425 req/0 extra)
      - External craft (skill_blacksmithing) via Basic Furnace Wrought Iron Ingot x11 -> Wrought Iron Ingot x220 (215 req/5 extra)
    - External craft (skill_blacksmithing) via Basic Forge Wrought Iron Bar x43 -> Wrought Iron Bar x86 (85 req/1 extra)
  - External craft (skill_blacksmithing) via Forge Wrought Iron Nails x85 -> Wrought Iron Nails x4250 (4212 req/38 extra)
    - Gather Sand x17550
      - Gather Sapwood x21100
    - External craft (skill_building) via Basic Charcoal Kiln Charcoal x422 -> Charcoal x10550 (10530 req/20 extra)
  - External craft (skill_building) via Furnace Glass x351 -> Glass x3510 (3510 req/0 extra)
- Craft Reagent Distiller x351 (final)"
skill_baking,22,23,,1,recipe_activatable_foodcooked_bread_hpregen_20,Barley and Rye Bread,,5412,17.0,92004.0,5443.57,Suet-4330; Barley Grain-2180; Rye Grain-11924,"Barley and Rye Bread x5412 (final)
      - Gather Barley Grain x2180
    - Craft via Millstone Barley Flour x109 -> Barley Flour x2180 (2166 req/14 extra)
      - External craft (skill_building) via Water Well Water x55 -> Water x1100 (1100 req/0 extra)
        - Gather Rye Grain x1100
      - Craft via Millstone Rye Flour x55 -> Rye Flour x1100 (1100 req/0 extra)
    - Craft via Basic Fermenter Yeast x55 -> Yeast x1100 (1083 req/17 extra)
    - External craft (skill_building) via Water Well Water x271 -> Water x5420 (5415 req/5 extra)
  - Craft via Basic Cooking Workbench Barley Dough x1083 -> Barley Dough x5415 (5412 req/3 extra)
  - Gather Rye Grain x10824
    - Gather Suet x4330
  - External craft (skill_cooking) via Basic Cooking Hearth Tallow x2165 -> Tallow x10825 (10824 req/1 extra)
- Craft Barley and Rye Bread x5412 (final)"
skill_baking,22,23,,2,recipe_activatable_foodcooked_pastry_staminaregen_22,Trail Pie,,4381,21.0,92001.0,21539.92,Animal Fat-17524; Barley Grain-17540; Rye Grain-8780,"Trail Pie x4381 (final)
      - Gather Barley Grain x17540
    - Craft via Millstone Barley Flour x877 -> Barley Flour x17540 (17524 req/16 extra)
      - External craft (skill_building) via Water Well Water x439 -> Water x8780 (8780 req/0 extra)
        - Gather Rye Grain x8780
      - Craft via Millstone Rye Flour x439 -> Rye Flour x8780 (8780 req/0 extra)
    - Craft via Basic Fermenter Yeast x439 -> Yeast x8780 (8762 req/18 extra)
    - External craft (skill_building) via Water Well Water x2191 -> Water x43820 (43810 req/10 extra)
  - Craft via Basic Cooking Workbench Barley Dough x8762 -> Barley Dough x43810 (43810 req/0 extra)
    - Gather Animal Fat x17524
  - External craft (skill_cooking) via Basic Cooking Hearth Lard x8762 -> Lard x43810 (43810 req/0 extra)
- Craft Trail Pie x4381 (final)"
skill_weapon_smithing,22,23,,1,recipe_wieldable_tool_skinning_knife_t2_rare,Honed Iron Skinning Knife,,118,784.0,92517.7,603.64,Rough Animal Hide-20; Impure Iron Ore-1680; Sapwood-6870; Furry Collarstone-1416; Whisper of the Star-118,"Honed Iron Skinning Knife x118 (final)
  - Gather Furry Collarstone x1416
  - Gather Whisper of the Star x118
        - Gather Impure Iron Ore x1200
          - Gather Sapwood x4800
        - External craft (skill_building) via Basic Charcoal Kiln Charcoal x96 -> Charcoal x2400 (2400 req/0 extra)
      - External craft (skill_blacksmithing) via Basic Furnace Iron Ingot x30 -> Iron Ingot x600 (590 req/10 extra)
    - External craft (skill_blacksmithing) via Basic Forge Iron Bar x118 -> Iron Bar x236 (236 req/0 extra)
  - External craft (skill_blacksmithing) via Basic Forge Iron Knife Blade x118 -> Iron Knife Blade x118 (118 req/0 extra)
    - Gather Sapwood x120
  - External craft (skill_building) via Wood Chopping Block Long Wood Stock x24 -> Long Wood Stock x120 (118 req/2 extra)
      - Gather Impure Iron Ore x480
        - Gather Sapwood x1950
      - External craft (skill_building) via Basic Charcoal Kiln Charcoal x39 -> Charcoal x975 (960 req/15 extra)
    - External craft (skill_blacksmithing) via Basic Furnace Iron Ingot x12 -> Iron Ingot x240 (226 req/14 extra)
  - External craft (skill_blacksmithing) via Basic Forge Iron Sheet x118 -> Iron Sheet x118 (118 req/0 extra)
        - Gather Rough Animal Hide x20
      - External craft (skill_leatherworking) via Simple Tanning Rack Rawhide x2 -> Rawhide x20 (12 req/8 extra)
    - External craft (skill_leatherworking) via Simple Leatherworking Table Nubuck Leather x12 -> Nubuck Leather x12 (12 req/0 extra)
  - External craft (skill_leatherworking) via Simple Leatherworking Table Coarse Leather Band x12 -> Coarse Leather Band x240 (236 req/4 extra)
- Craft Honed Iron Skinning Knife x118 (final)"
skill_weapon_smithing,22,23,,2,recipe_wieldable_mace_2h_0_t2_rare,Warded Iron Greatmaul,,99,936.4,92704.4,818.21,Rough Animal Hide-50; Copper Ore-140; Impure Iron Ore-5560; Tin Ore-140; Sapwood-22950; Furry Collarstone-1188; Charm of the Path-99,"Warded Iron Greatmaul x99 (final)
  - Gather Furry Collarstone x1188
  - Gather Charm of the Path x99
        - Gather Impure Iron Ore x400
          - Gather Sapwood x1600
        - External craft (skill_building) via Basic Charcoal Kiln Charcoal x32 -> Charcoal x800 (800 req/0 extra)
      - External craft (skill_blacksmithing) via Basic Furnace Iron Ingot x10 -> Iron Ingot x200 (198 req/2 extra)
    - External craft (skill_blacksmithing) via Basic Forge Iron Sheet x99 -> Iron Sheet x99 (99 req/0 extra)
          - Gather Rough Animal Hide x30
        - External craft (skill_leatherworking) via Simple Tanning Rack Rawhide x3 -> Rawhide x30 (25 req/5 extra)
      - External craft (skill_leatherworking) via Simple Leatherworking Table Nubuck Leather x25 -> Nubuck Leather x25 (25 req/0 extra)
    - External craft (skill_leatherworking) via Simple Leatherworking Table Coarse Leather Band x25 -> Coarse Leather Band x500 (495 req/5 extra)
          - Gather Tin Ore x40
          - Gather Copper Ore x40
          - Gather Sapwood x200
        - External craft (skill_blacksmithing) via Basic Furnace Bronze Ingot x2 -> Bronze Ingot x40 (25 req/15 extra)
      - External craft (skill_blacksmithing) via Basic Forge Bronze Bar x5 -> Bronze Bar x5 (5 req/0 extra)
    - External craft (skill_blacksmithing) via Basic Forge Bronze Studs x5 -> Bronze Studs x1000 (990 req/10 extra)
  - External craft (skill_blacksmithing) via Basic Forge Mace Grip x99 -> Mace Grip x99 (99 req/0 extra)
    - Gather Impure Iron Ore x200
      - Gather Sapwood x800
    - External craft (skill_building) via Basic Charcoal Kiln Charcoal x16 -> Charcoal x400 (400 req/0 extra)
  - External craft (skill_blacksmithing) via Basic Furnace Iron Ingot x5 -> Iron Ingot x100 (97 req/3 extra)
        - Gather Impure Iron Ore x4960
          - Gather Sapwood x19850
        - External craft (skill_building) via Basic Charcoal Kiln Charcoal x397 -> Charcoal x9925 (9920 req/5 extra)
      - External craft (skill_blacksmithing) via Basic Furnace Iron Ingot x124 -> Iron Ingot x2480 (2472 req/8 extra)
    - External craft (skill_blacksmithing) via Basic Forge Iron Bar x495 -> Iron Bar x990 (990 req/0 extra)
  - External craft (skill_blacksmithing) via Basic Forge Iron Spike x198 -> Iron Spike x198 (198 req/0 extra)
        - Gather Rough Animal Hide x20
      - External craft (skill_leatherworking) via Simple Tanning Rack Rawhide x2 -> Rawhide x20 (20 req/0 extra)
    - External craft (skill_leatherworking) via Simple Leatherworking Table Nubuck Leather x25 -> Nubuck Leather x25 (25 req/0 extra)
  - External craft (skill_leatherworking) via Simple Leatherworking Table Coarse Leather Band x25 -> Coarse Leather Band x500 (490 req/10 extra)
        - Gather Tin Ore x100
        - Gather Copper Ore x100
        - Gather Sapwood x500
      - External craft (skill_blacksmithing) via Basic Furnace Bronze Ingot x5 -> Bronze Ingot x100 (85 req/15 extra)
    - External craft (skill_blacksmithing) via Basic Forge Bronze Bar x20 -> Bronze Bar x20 (20 req/0 extra)
  - External craft (skill_blacksmithing) via Basic Forge Bronze Nails x20 -> Bronze Nails x1000 (990 req/10 extra)
- Craft Warded Iron Greatmaul x99 (final)"
skill_weapon_smithing,22,23,,3,recipe_wieldable_mace_1h_0_t2_rare,Warded Iron Mace,,104,891.2,92688.3,859.54,Rough Animal Hide-60; Copper Ore-140; Impure Iron Ore-5840; Tin Ore-140; Sapwood-24100; Furry Collarstone-1248; Pendant of the Tide-104,"Warded Iron Mace x104 (final)
  - Gather Furry Collarstone x1248
  - Gather Pendant of the Tide x104
        - Gather Impure Iron Ore x440
          - Gather Sapwood x1800
        - External craft (skill_building) via Basic Charcoal Kiln Charcoal x36 -> Charcoal x900 (880 req/20 extra)
      - External craft (skill_blacksmithing) via Basic Furnace Iron Ingot x11 -> Iron Ingot x220 (208 req/12 extra)
    - External craft (skill_blacksmithing) via Basic Forge Iron Sheet x104 -> Iron Sheet x104 (104 req/0 extra)
          - Gather Rough Animal Hide x30
        - External craft (skill_leatherworking) via Simple Tanning Rack Rawhide x3 -> Rawhide x30 (26 req/4 extra)
      - External craft (skill_leatherworking) via Simple Leatherworking Table Nubuck Leather x26 -> Nubuck Leather x26 (26 req/0 extra)
    - External craft (skill_leatherworking) via Simple Leatherworking Table Coarse Leather Band x26 -> Coarse Leather Band x520 (520 req/0 extra)
          - Gather Tin Ore x40
          - Gather Copper Ore x40
          - Gather Sapwood x200
        - External craft (skill_blacksmithing) via Basic Furnace Bronze Ingot x2 -> Bronze Ingot x40 (30 req/10 extra)
      - External craft (skill_blacksmithing) via Basic Forge Bronze Bar x6 -> Bronze Bar x6 (6 req/0 extra)
    - External craft (skill_blacksmithing) via Basic Forge Bronze Studs x6 -> Bronze Studs x1200 (1040 req/160 extra)
  - External craft (skill_blacksmithing) via Basic Forge Mace Grip x104 -> Mace Grip x104 (104 req/0 extra)
    - Gather Impure Iron Ore x200
      - Gather Sapwood x800
    - External craft (skill_building) via Basic Charcoal Kiln Charcoal x16 -> Charcoal x400 (380 req/20 extra)
  - External craft (skill_blacksmithing) via Basic Furnace Iron Ingot x5 -> Iron Ingot x100 (92 req/8 extra)
        - Gather Impure Iron Ore x5200
          - Gather Sapwood x20800
        - External craft (skill_building) via Basic Charcoal Kiln Charcoal x416 -> Charcoal x10400 (10380 req/20 extra)
      - External craft (skill_blacksmithing) via Basic Furnace Iron Ingot x130 -> Iron Ingot x2600 (2592 req/8 extra)
    - External craft (skill_blacksmithing) via Basic Forge Iron Bar x520 -> Iron Bar x1040 (1040 req/0 extra)
  - External craft (skill_blacksmithing) via Basic Forge Iron Spike x208 -> Iron Spike x208 (208 req/0 extra)
        - Gather Rough Animal Hide x30
      - External craft (skill_leatherworking) via Simple Tanning Rack Rawhide x3 -> Rawhide x30 (22 req/8 extra)
    - External craft (skill_leatherworking) via Simple Leatherworking Table Nubuck Leather x26 -> Nubuck Leather x26 (26 req/0 extra)
  - External craft (skill_leatherworking) via Simple Leatherworking Table Coarse Leather Band x26 -> Coarse Leather Band x520 (520 req/0 extra)
        - Gather Tin Ore x100
        - Gather Copper Ore x100
        - Gather Sapwood x500
      - External craft (skill_blacksmithing) via Basic Furnace Bronze Ingot x5 -> Bronze Ingot x100 (95 req/5 extra)
    - External craft (skill_blacksmithing) via Basic Forge Bronze Bar x21 -> Bronze Bar x21 (21 req/0 extra)
  - External craft (skill_blacksmithing) via Basic Forge Bronze Nails x21 -> Bronze Nails x1050 (1040 req/10 extra)
- Craft Warded Iron Mace x104 (final)"
skill_fletching,23,24,,1,recipe_crafter_fletching_workbench_2,Fletching Table,,1820,60.0,109200.0,9122.75,Suet-36400; Heartwood-25480; Rough Animal Hide-3640; Impure Iron Ore-20040; Flax Seeds-91000; Limestone-910; Sapwood-81110,"Fletching Table x1820 (final)
        - Gather Rough Animal Hide x3640
          - Gather Limestone x910
          - Gather Sapwood x910
        - External craft (skill_blacksmithing) via Basic Charcoal Kiln Lime x182 -> Lime x1820 (1820 req/0 extra)
        - External craft (skill_building) via Water Well Water x91 -> Water x1820 (1820 req/0 extra)
      - External craft (skill_leatherworking) via Simple Tanning Rack Inferior Leather x364 -> Inferior Leather x3640 (3640 req/0 extra)
    - External craft (skill_leatherworking) via Leatherworking Table Heavy Top Grain Leather x3640 -> Heavy Top Grain Leather x3640 (3640 req/0 extra)
          - Gather Impure Iron Ore x18200
            - Gather Sapwood x72800
          - External craft (skill_building) via Basic Charcoal Kiln Charcoal x1456 -> Charcoal x36400 (36400 req/0 extra)
        - External craft (skill_blacksmithing) via Basic Furnace Iron Ingot x455 -> Iron Ingot x9100 (9100 req/0 extra)
      - External craft (skill_blacksmithing) via Basic Forge Iron Bar x1820 -> Iron Bar x3640 (3640 req/0 extra)
    - External craft (skill_blacksmithing) via Basic Forge Iron Knife Blade x1820 -> Iron Knife Blade x1820 (1820 req/0 extra)
          - Gather Impure Iron Ore x1840
            - Gather Sapwood x7400
          - External craft (skill_building) via Basic Charcoal Kiln Charcoal x148 -> Charcoal x3700 (3680 req/20 extra)
        - External craft (skill_blacksmithing) via Basic Furnace Iron Ingot x46 -> Iron Ingot x920 (910 req/10 extra)
      - External craft (skill_blacksmithing) via Basic Forge Iron Bar x182 -> Iron Bar x364 (364 req/0 extra)
    - External craft (skill_blacksmithing) via Basic Forge Iron Nails x364 -> Iron Nails x18200 (18200 req/0 extra)
      - Gather Flax Seeds x91000
        - Gather Suet x36400
      - External craft (skill_cooking) via Basic Cooking Hearth Tallow x18200 -> Tallow x91000 (91000 req/0 extra)
    - External craft (skill_leatherworking) via Leatherworking Table Linseed Oil x9100 -> Linseed Oil x9100 (9100 req/0 extra)
  - Craft via Basic Fletching Table Fletching Tools x1820 -> Fletching Tools x1820 (1820 req/0 extra)
    - Gather Heartwood x14560
  - External craft (skill_building) via Wood Chopping Block Fine Wood Beam x1456 -> Fine Wood Beam x7280 (7280 req/0 extra)
    - Gather Heartwood x10920
  - External craft (skill_building) via Wood Chopping Block Fine Wooden Plank x1092 -> Fine Wooden Plank x10920 (10920 req/0 extra)
- Craft Fletching Table x1820 (final)"
skill_fletching,23,24,,2,recipe_item_unlock_crafter_fletching_workbench_2,Fletching Tools,,3640,30.0,109200.0,22580.13,Suet-72800; Rough Animal Hide-7280; Impure Iron Ore-40040; Flax Seeds-182000; Limestone-1820; Sapwood-162020,"Fletching Tools x3640 (final)
      - Gather Rough Animal Hide x7280
        - Gather Limestone x1820
        - Gather Sapwood x1820
      - External craft (skill_blacksmithing) via Basic Charcoal Kiln Lime x364 -> Lime x3640 (3640 req/0 extra)
      - External craft (skill_building) via Water Well Water x182 -> Water x3640 (3640 req/0 extra)
    - External craft (skill_leatherworking) via Simple Tanning Rack Inferior Leather x728 -> Inferior Leather x7280 (7280 req/0 extra)
  - External craft (skill_leatherworking) via Leatherworking Table Heavy Top Grain Leather x7280 -> Heavy Top Grain Leather x7280 (7280 req/0 extra)
        - Gather Impure Iron Ore x36400
          - Gather Sapwood x145600
        - External craft (skill_building) via Basic Charcoal Kiln Charcoal x2912 -> Charcoal x72800 (72800 req/0 extra)
      - External craft (skill_blacksmithing) via Basic Furnace Iron Ingot x910 -> Iron Ingot x18200 (18200 req/0 extra)
    - External craft (skill_blacksmithing) via Basic Forge Iron Bar x3640 -> Iron Bar x7280 (7280 req/0 extra)
  - External craft (skill_blacksmithing) via Basic Forge Iron Knife Blade x3640 -> Iron Knife Blade x3640 (3640 req/0 extra)
        - Gather Impure Iron Ore x3640
          - Gather Sapwood x14600
        - External craft (skill_building) via Basic Charcoal Kiln Charcoal x292 -> Charcoal x7300 (7280 req/20 extra)
      - External craft (skill_blacksmithing) via Basic Furnace Iron Ingot x91 -> Iron Ingot x1820 (1820 req/0 extra)
    - External craft (skill_blacksmithing) via Basic Forge Iron Bar x364 -> Iron Bar x728 (728 req/0 extra)
  - External craft (skill_blacksmithing) via Basic Forge Iron Nails x728 -> Iron Nails x36400 (36400 req/0 extra)
    - Gather Flax Seeds x182000
      - Gather Suet x72800
    - External craft (skill_cooking) via Basic Cooking Hearth Tallow x36400 -> Tallow x182000 (182000 req/0 extra)
  - External craft (skill_leatherworking) via Leatherworking Table Linseed Oil x18200 -> Linseed Oil x18200 (18200 req/0 extra)
- Craft Fletching Tools x3640 (final)"
skill_fletching,23,24,,3,recipe_wieldable_bow_2h_0_t2_rare,Warded Longbow,,4963,22.0,109186.0,33200.40,Boar Sinew-24815; Rough Animal Hide-2490; Sapwood-14890; Resin-34741; Token of the Whisper-4963; Furry Collarstone-59556,"Warded Longbow x4963 (final)
  - Gather Furry Collarstone x59556
  - Gather Token of the Whisper x4963
      - Gather Sapwood x14890
    - External craft (skill_building) via Wood Chopping Block Long Wood Stock x2978 -> Long Wood Stock x14890 (14889 req/1 extra)
    - Gather Resin x34741
    - External craft (skill_cooking) via Basic Beehive Beeswax x9926 -> Beeswax x49630 (49630 req/0 extra)
  - Craft via Basic Fletching Table Rough Bow Stave x4963 -> Rough Bow Stave x4963 (4963 req/0 extra)
  - Gather Boar Sinew x24815
        - Gather Rough Animal Hide x2490
      - External craft (skill_leatherworking) via Simple Tanning Rack Rawhide x249 -> Rawhide x2490 (2482 req/8 extra)
    - External craft (skill_leatherworking) via Simple Leatherworking Table Nubuck Leather x2482 -> Nubuck Leather x2482 (2482 req/0 extra)
  - External craft (skill_leatherworking) via Simple Leatherworking Table Coarse Leather Band x2482 -> Coarse Leather Band x49640 (49630 req/10 extra)
- Craft Warded Longbow x4963 (final)"
skill_charcuterie,24,25,,1,recipe_rough-cut_bear,Poorly Parted Bear,,459,280.6,128816.6,58.52,Bear Carcass-459,"Poorly Parted Bear x459 (final)
  - Gather Bear Carcass x459
- Craft Poorly Parted Bear x459 (final)"
skill_charcuterie,24,25,,2,recipe_rough-cut_wolf,Poorly Parted Chamois,,5594,23.0,128662.0,679.67,Chamois Carcass-5594,"Poorly Parted Chamois x5594 (final)
  - Gather Chamois Carcass x5594
- Craft Poorly Parted Chamois x5594 (final)"
skill_charcuterie,24,25,,3,recipe_basic_butchered_bear,Parted Bear,,5594,23.0,128662.0,713.24,Bear Carcass-5594,"Parted Bear x5594 (final)
  - Gather Bear Carcass x5594
- Craft Parted Bear x5594 (final)"
skill_tailoring,25,26,,1,recipe_wearable_cloth_head_magus_cr_t3_common,Magus' Hat of Fractured Time III,,366,411.4,134811.9,2976.19,Antler-1098; Rough Animal Hide-40; Cotton Fiber-17640,"Magus' Hat of Fractured Time III x366 (final)
    - Gather Antler x1098
  - Craft via Tailoring Table Horn Needles x1098 -> Horn Needles x5490 (5490 req/0 extra)
      - Gather Cotton Fiber x14720
    - Craft via Spinning Wheel Cotton Cord x368 -> Cotton Cord x3680 (3675 req/5 extra)
  - Craft via Simple Loom Coarse Cotton Cloth x147 -> Coarse Cotton Cloth x735 (732 req/3 extra)
    - Gather Cotton Fiber x2920
  - Craft via Spinning Wheel Cotton Cord x73 -> Cotton Cord x730 (727 req/3 extra)
        - Gather Rough Animal Hide x40
      - External craft (skill_leatherworking) via Simple Tanning Rack Rawhide x4 -> Rawhide x40 (37 req/3 extra)
    - External craft (skill_leatherworking) via Simple Leatherworking Table Nubuck Leather x37 -> Nubuck Leather x37 (37 req/0 extra)
  - External craft (skill_leatherworking) via Simple Leatherworking Table Coarse Leather Band x37 -> Coarse Leather Band x740 (732 req/8 extra)
- Craft Magus' Hat of Fractured Time III x366 (final)"
skill_tailoring,25,26,,2,recipe_wearable_cloth_legs_magus_am_t3_rare,Magus' Trousers of Dreambind III,,134,1130.5,148313.4,3392.72,Antler-1072; Rough Animal Hide-30; Copper Ore-120; Tin Ore-120; Cotton Fiber-10800; Mandrake-2010; Sapwood-600; Cracked Sigil-1608; Great Amulet of Veil-134,"Magus' Trousers of Dreambind III x134 (final)
  - Gather Cracked Sigil x1608
  - Gather Great Amulet of Veil x134
  - Gather Mandrake x2010
    - Gather Antler x1072
  - Craft via Tailoring Table Horn Needles x1072 -> Horn Needles x5360 (5360 req/0 extra)
      - Gather Cotton Fiber x10800
    - Craft via Spinning Wheel Cotton Cord x270 -> Cotton Cord x2700 (2700 req/0 extra)
  - Craft via Simple Loom Coarse Cotton Cloth x108 -> Coarse Cotton Cloth x540 (536 req/4 extra)
          - Gather Rough Animal Hide x30
        - External craft (skill_leatherworking) via Simple Tanning Rack Rawhide x3 -> Rawhide x30 (27 req/3 extra)
      - External craft (skill_leatherworking) via Simple Leatherworking Table Nubuck Leather x27 -> Nubuck Leather x27 (27 req/0 extra)
    - External craft (skill_leatherworking) via Simple Leatherworking Table Coarse Leather Band x27 -> Coarse Leather Band x540 (536 req/4 extra)
          - Gather Tin Ore x120
          - Gather Copper Ore x120
          - Gather Sapwood x600
        - External craft (skill_blacksmithing) via Basic Furnace Bronze Ingot x6 -> Bronze Ingot x120 (110 req/10 extra)
      - External craft (skill_blacksmithing) via Basic Forge Bronze Sheet x55 -> Bronze Sheet x55 (55 req/0 extra)
    - External craft (skill_blacksmithing) via Basic Forge Bronze Buckle x11 -> Bronze Buckle x275 (268 req/7 extra)
  - External craft (skill_leatherworking) via Simple Leatherworking Table Rough Leather Straps x268 -> Rough Leather Straps x268 (268 req/0 extra)
- Craft Magus' Trousers of Dreambind III x134 (final)"
skill_tailoring,25,26,,3,recipe_wearable_cloth_chest_cleric_ct_t3_rare,Cleric's Alb of Cleansing III,,115,1320.3,149621.7,3465.00,Antler-1150; Rough Animal Hide-30; Sulfur-1725; Copper Ore-140; Silver Ore-115; Tin Ore-140; Cotton Fiber-19320; Sapwood-3000; Great Seal of the Lost Abbot-115; Multifaceted Ethereal Crystal-1380,"Cleric's Alb of Cleansing III x115 (final)
  - Gather Multifaceted Ethereal Crystal x1380
  - Gather Great Seal of the Lost Abbot x115
  - Gather Sulfur x1725
    - Gather Antler x920
  - Craft via Tailoring Table Horn Needles x920 -> Horn Needles x4600 (4600 req/0 extra)
        - Gather Cotton Fiber x9200
      - Craft via Spinning Wheel Cotton Cord x230 -> Cotton Cord x2300 (2300 req/0 extra)
    - Craft via Simple Loom Coarse Cotton Cloth x92 -> Coarse Cotton Cloth x460 (460 req/0 extra)
      - Gather Cotton Fiber x9200
    - Craft via Spinning Wheel Cotton Cord x230 -> Cotton Cord x2300 (2300 req/0 extra)
      - Gather Antler x230
    - Craft via Tailoring Table Horn Needles x230 -> Horn Needles x1150 (1150 req/0 extra)
  - Craft via Tailoring Table Cotton Wadding x230 -> Cotton Wadding x230 (230 req/0 extra)
        - Gather Tin Ore x60
        - Gather Copper Ore x60
        - Gather Sapwood x300
      - External craft (skill_blacksmithing) via Basic Furnace Bronze Ingot x3 -> Bronze Ingot x60 (50 req/10 extra)
    - External craft (skill_blacksmithing) via Basic Forge Bronze Sheet x25 -> Bronze Sheet x25 (25 req/0 extra)
  - External craft (skill_blacksmithing) via Basic Forge Bronze Buckle x5 -> Bronze Buckle x125 (115 req/10 extra)
      - Gather Silver Ore x115
        - Gather Sapwood x2300
      - External craft (skill_building) via Basic Charcoal Kiln Charcoal x46 -> Charcoal x1150 (1150 req/0 extra)
    - External craft (skill_blacksmithing) via Furnace Silver Ingot x23 -> Silver Ingot x115 (115 req/0 extra)
      - Gather Cotton Fiber x920
    - Craft via Spinning Wheel Cotton Cord x23 -> Cotton Cord x230 (230 req/0 extra)
  - Craft via Tailoring Table Silver Buttons x115 -> Silver Buttons x1150 (1150 req/0 extra)
          - Gather Rough Animal Hide x30
        - External craft (skill_leatherworking) via Simple Tanning Rack Rawhide x3 -> Rawhide x30 (23 req/7 extra)
      - External craft (skill_leatherworking) via Simple Leatherworking Table Nubuck Leather x23 -> Nubuck Leather x23 (23 req/0 extra)
    - External craft (skill_leatherworking) via Simple Leatherworking Table Coarse Leather Band x23 -> Coarse Leather Band x460 (460 req/0 extra)
          - Gather Tin Ore x80
          - Gather Copper Ore x80
          - Gather Sapwood x400
        - External craft (skill_blacksmithing) via Basic Furnace Bronze Ingot x4 -> Bronze Ingot x80 (80 req/0 extra)
      - External craft (skill_blacksmithing) via Basic Forge Bronze Sheet x45 -> Bronze Sheet x45 (45 req/0 extra)
    - External craft (skill_blacksmithing) via Basic Forge Bronze Buckle x9 -> Bronze Buckle x225 (220 req/5 extra)
  - External craft (skill_leatherworking) via Simple Leatherworking Table Rough Leather Straps x230 -> Rough Leather Straps x230 (230 req/0 extra)
- Craft Cleric's Alb of Cleansing III x115 (final)"
skill_leatherworking,27,28,,1,recipe_item_material_leather_string,Leather String,,255,735.5,187548.6,152.40,Boar Sinew-255; Rough Animal Hide-1170; Limestone-555; Sapwood-555,"Leather String x255 (final)
          - Gather Rough Animal Hide x1170
            - Gather Limestone x295
            - Gather Sapwood x295
          - External craft (skill_blacksmithing) via Basic Charcoal Kiln Lime x59 -> Lime x590 (585 req/5 extra)
          - External craft (skill_building) via Water Well Water x30 -> Water x600 (585 req/15 extra)
        - Craft via Simple Tanning Rack Inferior Leather x117 -> Inferior Leather x1170 (1170 req/0 extra)
          - Gather Limestone x195
          - Gather Sapwood x195
        - External craft (skill_blacksmithing) via Basic Charcoal Kiln Lime x39 -> Lime x390 (385 req/5 extra)
        - External craft (skill_building) via Water Well Water x19 -> Water x380 (375 req/5 extra)
      - Craft via Tanning Rack Boiled Leather x78 -> Boiled Leather x390 (390 req/0 extra)
        - Gather Limestone x65
        - Gather Sapwood x65
      - External craft (skill_blacksmithing) via Basic Charcoal Kiln Lime x13 -> Lime x130 (125 req/5 extra)
      - External craft (skill_building) via Water Well Water x7 -> Water x140 (125 req/15 extra)
    - Craft via Tanning Rack Fine Leather x26 -> Fine Leather x260 (255 req/5 extra)
  - Craft via Leatherworking Table Medium Top Grain Leather x255 -> Medium Top Grain Leather x255 (255 req/0 extra)
  - Gather Boar Sinew x255
- Craft Leather String x255 (final)"
skill_leatherworking,27,28,,2,recipe_item_material_leather_bands,Leather Band,,274,683.2,187195.2,147.05,Rough Animal Hide-1260; Limestone-595; Sapwood-595,"Leather Band x274 (final)
          - Gather Rough Animal Hide x1260
            - Gather Limestone x315
            - Gather Sapwood x315
          - External craft (skill_blacksmithing) via Basic Charcoal Kiln Lime x63 -> Lime x630 (630 req/0 extra)
          - External craft (skill_building) via Water Well Water x32 -> Water x640 (630 req/10 extra)
        - Craft via Simple Tanning Rack Inferior Leather x126 -> Inferior Leather x1260 (1260 req/0 extra)
          - Gather Limestone x210
          - Gather Sapwood x210
        - External craft (skill_blacksmithing) via Basic Charcoal Kiln Lime x42 -> Lime x420 (420 req/0 extra)
        - External craft (skill_building) via Water Well Water x21 -> Water x420 (410 req/10 extra)
      - Craft via Tanning Rack Boiled Leather x84 -> Boiled Leather x420 (420 req/0 extra)
        - Gather Limestone x70
        - Gather Sapwood x70
      - External craft (skill_blacksmithing) via Basic Charcoal Kiln Lime x14 -> Lime x140 (140 req/0 extra)
      - External craft (skill_building) via Water Well Water x7 -> Water x140 (130 req/10 extra)
    - Craft via Tanning Rack Fine Leather x28 -> Fine Leather x280 (274 req/6 extra)
  - Craft via Leatherworking Table Medium Top Grain Leather x274 -> Medium Top Grain Leather x274 (274 req/0 extra)
- Craft Leather Band x274 (final)"
skill_leatherworking,27,28,,3,recipe_wearable_leather_hands_pilgrim_0_t4_common,Pilgrim's Gloves IV,,92,2046.9,188316.2,471.35,Suet-368; Rough Animal Hide-2070; Cotton Fiber-1840; Flax Seeds-920; Limestone-980; Sapwood-980,"Pilgrim's Gloves IV x92 (final)
          - Gather Rough Animal Hide x2070
            - Gather Limestone x520
            - Gather Sapwood x520
          - External craft (skill_blacksmithing) via Basic Charcoal Kiln Lime x104 -> Lime x1040 (1035 req/5 extra)
          - External craft (skill_building) via Water Well Water x52 -> Water x1040 (1035 req/5 extra)
        - Craft via Simple Tanning Rack Inferior Leather x207 -> Inferior Leather x2070 (2070 req/0 extra)
          - Gather Limestone x345
          - Gather Sapwood x345
        - External craft (skill_blacksmithing) via Basic Charcoal Kiln Lime x69 -> Lime x690 (685 req/5 extra)
        - External craft (skill_building) via Water Well Water x35 -> Water x700 (685 req/15 extra)
      - Craft via Tanning Rack Boiled Leather x138 -> Boiled Leather x690 (690 req/0 extra)
        - Gather Limestone x115
        - Gather Sapwood x115
      - External craft (skill_blacksmithing) via Basic Charcoal Kiln Lime x23 -> Lime x230 (225 req/5 extra)
      - External craft (skill_building) via Water Well Water x11 -> Water x220 (215 req/5 extra)
    - Craft via Tanning Rack Fine Leather x46 -> Fine Leather x460 (460 req/0 extra)
  - Craft via Leatherworking Table Medium Top Grain Leather x460 -> Medium Top Grain Leather x460 (460 req/0 extra)
    - Gather Cotton Fiber x1840
  - External craft (skill_tailoring) via Spinning Wheel Cotton Cord x46 -> Cotton Cord x460 (460 req/0 extra)
    - Gather Flax Seeds x920
      - Gather Suet x368
    - External craft (skill_cooking) via Basic Cooking Hearth Tallow x184 -> Tallow x920 (920 req/0 extra)
  - Craft via Leatherworking Table Linseed Oil x92 -> Linseed Oil x92 (92 req/0 extra)
- Craft Pilgrim's Gloves IV x92 (final)"
skill_building,29,30,,1,recipe_building_prop_door_double_painted,Elegant Wooden Double Door,,27,761.7,20481.6,14.18,Heartwood-870; Impure Iron Ore-1000; Sapwood-5050,"Elegant Wooden Double Door x27 (final)
      - Gather Heartwood x870
    - Craft via Wood Chopping Block Fine Wooden Plank x87 -> Fine Wooden Plank x870 (864 req/6 extra)
            - Gather Impure Iron Ore x240
              - Gather Sapwood x1000
            - Craft via Basic Charcoal Kiln Charcoal x20 -> Charcoal x500 (480 req/20 extra)
          - External craft (skill_blacksmithing) via Basic Furnace Iron Ingot x6 -> Iron Ingot x120 (120 req/0 extra)
            - Gather Sapwood x300
          - Craft via Basic Charcoal Kiln Charcoal x6 -> Charcoal x150 (140 req/10 extra)
        - External craft (skill_blacksmithing) via Basic Furnace Wrought Iron Ingot x4 -> Wrought Iron Ingot x80 (65 req/15 extra)
      - External craft (skill_blacksmithing) via Basic Forge Wrought Iron Bar x13 -> Wrought Iron Bar x26 (26 req/0 extra)
    - External craft (skill_blacksmithing) via Forge Wrought Iron Nails x26 -> Wrought Iron Nails x1300 (1296 req/4 extra)
            - Gather Impure Iron Ore x560
              - Gather Sapwood x2250
            - Craft via Basic Charcoal Kiln Charcoal x45 -> Charcoal x1125 (1110 req/15 extra)
          - External craft (skill_blacksmithing) via Basic Furnace Iron Ingot x14 -> Iron Ingot x280 (270 req/10 extra)
            - Gather Sapwood x700
          - Craft via Basic Charcoal Kiln Charcoal x14 -> Charcoal x350 (345 req/5 extra)
        - External craft (skill_blacksmithing) via Basic Furnace Wrought Iron Ingot x9 -> Wrought Iron Ingot x180 (161 req/19 extra)
      - External craft (skill_blacksmithing) via Forge Wrought Iron Sheet x88 -> Wrought Iron Sheet x88 (88 req/0 extra)
            - Gather Impure Iron Ore x200
              - Gather Sapwood x800
            - Craft via Basic Charcoal Kiln Charcoal x16 -> Charcoal x400 (395 req/5 extra)
          - External craft (skill_blacksmithing) via Basic Furnace Iron Ingot x5 -> Iron Ingot x100 (100 req/0 extra)
        - External craft (skill_blacksmithing) via Basic Forge Iron Bar x22 -> Iron Bar x44 (44 req/0 extra)
      - External craft (skill_blacksmithing) via Basic Forge Iron Nails x44 -> Iron Nails x2200 (2200 req/0 extra)
    - External craft (skill_blacksmithing) via Forge Wrought Iron Hinges x44 -> Wrought Iron Hinges x220 (216 req/4 extra)
  - Craft via Carpenter Workbench Elegant Wooden Door x54 -> item_prop_door_wooden_painted x54 (54 req/0 extra)
- Craft Elegant Wooden Double Door x27 (final)"
skill_building,29,30,,2,recipe_building_prop_door_wooden_painted,Elegant Wooden Door,,53,380.8,20100.8,13.91,Heartwood-850; Impure Iron Ore-960; Sapwood-4800,"Elegant Wooden Door x53 (final)
      - Gather Heartwood x850
    - Craft via Wood Chopping Block Fine Wooden Plank x85 -> Fine Wooden Plank x850 (848 req/2 extra)
            - Gather Impure Iron Ore x240
              - Gather Sapwood x1000
            - Craft via Basic Charcoal Kiln Charcoal x20 -> Charcoal x500 (480 req/20 extra)
          - External craft (skill_blacksmithing) via Basic Furnace Iron Ingot x6 -> Iron Ingot x120 (120 req/0 extra)
            - Gather Sapwood x300
          - Craft via Basic Charcoal Kiln Charcoal x6 -> Charcoal x150 (140 req/10 extra)
        - External craft (skill_blacksmithing) via Basic Furnace Wrought Iron Ingot x4 -> Wrought Iron Ingot x80 (65 req/15 extra)
      - External craft (skill_blacksmithing) via Basic Forge Wrought Iron Bar x13 -> Wrought Iron Bar x26 (26 req/0 extra)
    - External craft (skill_blacksmithing) via Forge Wrought Iron Nails x26 -> Wrought Iron Nails x1300 (1272 req/28 extra)
            - Gather Impure Iron Ore x480
              - Gather Sapwood x1900
            - Craft via Basic Charcoal Kiln Charcoal x38 -> Charcoal x950 (950 req/0 extra)
          - External craft (skill_blacksmithing) via Basic Furnace Iron Ingot x12 -> Iron Ingot x240 (240 req/0 extra)
            - Gather Sapwood x650
          - Craft via Basic Charcoal Kiln Charcoal x13 -> Charcoal x325 (320 req/5 extra)
        - External craft (skill_blacksmithing) via Basic Furnace Wrought Iron Ingot x8 -> Wrought Iron Ingot x160 (157 req/3 extra)
      - External craft (skill_blacksmithing) via Forge Wrought Iron Sheet x86 -> Wrought Iron Sheet x86 (86 req/0 extra)
            - Gather Impure Iron Ore x240
              - Gather Sapwood x950
            - Craft via Basic Charcoal Kiln Charcoal x19 -> Charcoal x475 (475 req/0 extra)
          - External craft (skill_blacksmithing) via Basic Furnace Iron Ingot x6 -> Iron Ingot x120 (110 req/10 extra)
        - External craft (skill_blacksmithing) via Basic Forge Iron Bar x22 -> Iron Bar x44 (43 req/1 extra)
      - External craft (skill_blacksmithing) via Basic Forge Iron Nails x43 -> Iron Nails x2150 (2150 req/0 extra)
    - External craft (skill_blacksmithing) via Forge Wrought Iron Hinges x43 -> Wrought Iron Hinges x215 (212 req/3 extra)
  - Craft via Carpenter Workbench Elegant Wooden Door x53 -> item_prop_door_wooden_painted x53 (53 req/0 extra)
- Craft Elegant Wooden Door x53 (final)"
skill_building,29,30,,3,recipe_building_prop_door_wooden_painted_left,Elegant Wooden Door,,53,380.8,20100.8,13.91,Heartwood-850; Impure Iron Ore-960; Sapwood-4800,"Elegant Wooden Door x53 (final)
      - Gather Heartwood x850
    - Craft via Wood Chopping Block Fine Wooden Plank x85 -> Fine Wooden Plank x850 (848 req/2 extra)
            - Gather Impure Iron Ore x240
              - Gather Sapwood x1000
            - Craft via Basic Charcoal Kiln Charcoal x20 -> Charcoal x500 (480 req/20 extra)
          - External craft (skill_blacksmithing) via Basic Furnace Iron Ingot x6 -> Iron Ingot x120 (120 req/0 extra)
            - Gather Sapwood x300
          - Craft via Basic Charcoal Kiln Charcoal x6 -> Charcoal x150 (140 req/10 extra)
        - External craft (skill_blacksmithing) via Basic Furnace Wrought Iron Ingot x4 -> Wrought Iron Ingot x80 (65 req/15 extra)
      - External craft (skill_blacksmithing) via Basic Forge Wrought Iron Bar x13 -> Wrought Iron Bar x26 (26 req/0 extra)
    - External craft (skill_blacksmithing) via Forge Wrought Iron Nails x26 -> Wrought Iron Nails x1300 (1272 req/28 extra)
            - Gather Impure Iron Ore x480
              - Gather Sapwood x1900
            - Craft via Basic Charcoal Kiln Charcoal x38 -> Charcoal x950 (950 req/0 extra)
          - External craft (skill_blacksmithing) via Basic Furnace Iron Ingot x12 -> Iron Ingot x240 (240 req/0 extra)
            - Gather Sapwood x650
          - Craft via Basic Charcoal Kiln Charcoal x13 -> Charcoal x325 (320 req/5 extra)
        - External craft (skill_blacksmithing) via Basic Furnace Wrought Iron Ingot x8 -> Wrought Iron Ingot x160 (157 req/3 extra)
      - External craft (skill_blacksmithing) via Forge Wrought Iron Sheet x86 -> Wrought Iron Sheet x86 (86 req/0 extra)
            - Gather Impure Iron Ore x240
              - Gather Sapwood x950
            - Craft via Basic Charcoal Kiln Charcoal x19 -> Charcoal x475 (475 req/0 extra)
          - External craft (skill_blacksmithing) via Basic Furnace Iron Ingot x6 -> Iron Ingot x120 (110 req/10 extra)
        - External craft (skill_blacksmithing) via Basic Forge Iron Bar x22 -> Iron Bar x44 (43 req/1 extra)
      - External craft (skill_blacksmithing) via Basic Forge Iron Nails x43 -> Iron Nails x2150 (2150 req/0 extra)
    - External craft (skill_blacksmithing) via Forge Wrought Iron Hinges x43 -> Wrought Iron Hinges x215 (212 req/3 extra)
  - Craft via Carpenter Workbench Elegant Wooden Door x53 -> item_prop_door_wooden_painted x53 (53 req/0 extra)
- Craft Elegant Wooden Door x53 (final)"
skill_armor_smithing,19,20,,1,recipe_crafter_blacksmith_armor_workbench_2,Armorer Workbench,,100,563.5,56346.6,501.25,Heartwood-1400; Rough Animal Hide-200; Copper Ore-1000; Impure Iron Ore-4000; Tin Ore-1000; Limestone-50; Sapwood-25050,"Armorer Workbench x100 (final)
          - Gather Impure Iron Ore x3000
            - Gather Sapwood x12000
          - External craft (skill_building) via Basic Charcoal Kiln Charcoal x240 -> Charcoal x6000 (6000 req/0 extra)
        - External craft (skill_blacksmithing) via Basic Furnace Iron Ingot x75 -> Iron Ingot x1500 (1500 req/0 extra)
          - Gather Sapwood x4000
        - External craft (skill_building) via Basic Charcoal Kiln Charcoal x80 -> Charcoal x2000 (2000 req/0 extra)
      - External craft (skill_blacksmithing) via Basic Furnace Wrought Iron Ingot x50 -> Wrought Iron Ingot x1000 (1000 req/0 extra)
    - External craft (skill_blacksmithing) via Forge Wrought Iron Sheet x500 -> Wrought Iron Sheet x500 (500 req/0 extra)
        - Gather Rough Animal Hide x200
          - Gather Limestone x50
          - Gather Sapwood x50
        - External craft (skill_blacksmithing) via Basic Charcoal Kiln Lime x10 -> Lime x100 (100 req/0 extra)
        - External craft (skill_building) via Water Well Water x5 -> Water x100 (100 req/0 extra)
      - External craft (skill_leatherworking) via Simple Tanning Rack Inferior Leather x20 -> Inferior Leather x200 (200 req/0 extra)
    - External craft (skill_leatherworking) via Leatherworking Table Heavy Top Grain Leather x200 -> Heavy Top Grain Leather x200 (200 req/0 extra)
          - Gather Impure Iron Ore x1000
            - Gather Sapwood x4000
          - External craft (skill_building) via Basic Charcoal Kiln Charcoal x80 -> Charcoal x2000 (2000 req/0 extra)
        - External craft (skill_blacksmithing) via Basic Furnace Iron Ingot x25 -> Iron Ingot x500 (500 req/0 extra)
      - External craft (skill_blacksmithing) via Basic Forge Iron Bar x100 -> Iron Bar x200 (200 req/0 extra)
    - External craft (skill_blacksmithing) via Basic Forge Iron Nails x200 -> Iron Nails x10000 (10000 req/0 extra)
        - Gather Tin Ore x1000
        - Gather Copper Ore x1000
        - Gather Sapwood x5000
      - External craft (skill_blacksmithing) via Basic Furnace Bronze Ingot x50 -> Bronze Ingot x1000 (1000 req/0 extra)
    - External craft (skill_blacksmithing) via Basic Forge Bronze Sheet x500 -> Bronze Sheet x500 (500 req/0 extra)
  - Craft via Basic Armorer Workbench Armorer Tools x100 -> Armorer Tools x100 (100 req/0 extra)
    - Gather Heartwood x800
  - External craft (skill_building) via Wood Chopping Block Fine Wood Beam x80 -> Fine Wood Beam x400 (400 req/0 extra)
    - Gather Heartwood x600
  - External craft (skill_building) via Wood Chopping Block Fine Wooden Plank x60 -> Fine Wooden Plank x600 (600 req/0 extra)
- Craft Armorer Workbench x100 (final)"
skill_armor_smithing,19,20,,2,recipe_wearable_metal_head_ironside_f_t2_rare,Ironside's Helm of Warcry II,,70,807.3,56508.1,997.54,Rough Animal Hide-20; Copper Ore-60; Impure Iron Ore-2840; Tin Ore-60; Sapwood-11700; Worn Out Locket-840; Charm of the Earthcall-70,"Ironside's Helm of Warcry II x70 (final)
  - Gather Worn Out Locket x840
  - Gather Charm of the Earthcall x70
      - Gather Impure Iron Ore x2800
        - Gather Sapwood x11200
      - External craft (skill_building) via Basic Charcoal Kiln Charcoal x224 -> Charcoal x5600 (5600 req/0 extra)
    - External craft (skill_blacksmithing) via Basic Furnace Iron Ingot x70 -> Iron Ingot x1400 (1400 req/0 extra)
  - External craft (skill_blacksmithing) via Basic Forge Iron Sheet x700 -> Iron Sheet x700 (700 req/0 extra)
        - Gather Rough Animal Hide x20
      - External craft (skill_leatherworking) via Simple Tanning Rack Rawhide x2 -> Rawhide x20 (14 req/6 extra)
    - External craft (skill_leatherworking) via Simple Leatherworking Table Nubuck Leather x14 -> Nubuck Leather x14 (14 req/0 extra)
  - External craft (skill_leatherworking) via Simple Leatherworking Table Coarse Leather Band x14 -> Coarse Leather Band x280 (280 req/0 extra)
        - Gather Tin Ore x60
        - Gather Copper Ore x60
        - Gather Sapwood x300
      - External craft (skill_blacksmithing) via Basic Furnace Bronze Ingot x3 -> Bronze Ingot x60 (60 req/0 extra)
    - External craft (skill_blacksmithing) via Basic Forge Bronze Sheet x30 -> Bronze Sheet x30 (30 req/0 extra)
  - External craft (skill_blacksmithing) via Basic Forge Bronze Buckle x6 -> Bronze Buckle x150 (140 req/10 extra)
        - Gather Impure Iron Ore x40
          - Gather Sapwood x200
        - External craft (skill_building) via Basic Charcoal Kiln Charcoal x4 -> Charcoal x100 (80 req/20 extra)
      - External craft (skill_blacksmithing) via Basic Furnace Iron Ingot x1 -> Iron Ingot x20 (20 req/0 extra)
    - External craft (skill_blacksmithing) via Basic Forge Iron Bar x4 -> Iron Bar x8 (7 req/1 extra)
  - External craft (skill_blacksmithing) via Basic Forge Iron Studs x7 -> Iron Studs x1400 (1400 req/0 extra)
- Craft Ironside's Helm of Warcry II x70 (final)"
skill_armor_smithing,19,20,,3,recipe_wearable_metal_feet_warrior_ss_t2_rare,Warrior's Sabatons of Swift March II,,72,790.8,56938.5,1058.33,Rough Animal Hide-10; Copper Ore-60; Impure Iron Ore-2920; Tin Ore-60; Cobra Lily-720; Sapwood-12000; Furry Collarstone-864; Icon of the Choir-72,"Warrior's Sabatons of Swift March II x72 (final)
  - Gather Furry Collarstone x864
  - Gather Icon of the Choir x72
  - Gather Cobra Lily x720
      - Gather Impure Iron Ore x2880
        - Gather Sapwood x11550
      - External craft (skill_building) via Basic Charcoal Kiln Charcoal x231 -> Charcoal x5775 (5760 req/15 extra)
    - External craft (skill_blacksmithing) via Basic Furnace Iron Ingot x72 -> Iron Ingot x1440 (1440 req/0 extra)
  - External craft (skill_blacksmithing) via Basic Forge Iron Sheet x720 -> Iron Sheet x720 (720 req/0 extra)
        - Gather Rough Animal Hide x10
      - External craft (skill_leatherworking) via Simple Tanning Rack Rawhide x1 -> Rawhide x10 (8 req/2 extra)
    - External craft (skill_leatherworking) via Simple Leatherworking Table Nubuck Leather x8 -> Nubuck Leather x8 (8 req/0 extra)
  - External craft (skill_leatherworking) via Simple Leatherworking Table Coarse Leather Band x8 -> Coarse Leather Band x160 (144 req/16 extra)
        - Gather Tin Ore x60
        - Gather Copper Ore x60
        - Gather Sapwood x300
      - External craft (skill_blacksmithing) via Basic Furnace Bronze Ingot x3 -> Bronze Ingot x60 (60 req/0 extra)
    - External craft (skill_blacksmithing) via Basic Forge Bronze Sheet x30 -> Bronze Sheet x30 (30 req/0 extra)
  - External craft (skill_blacksmithing) via Basic Forge Bronze Buckle x6 -> Bronze Buckle x150 (144 req/6 extra)
        - Gather Impure Iron Ore x40
          - Gather Sapwood x150
        - External craft (skill_building) via Basic Charcoal Kiln Charcoal x3 -> Charcoal x75 (65 req/10 extra)
      - External craft (skill_blacksmithing) via Basic Furnace Iron Ingot x1 -> Iron Ingot x20 (20 req/0 extra)
    - External craft (skill_blacksmithing) via Basic Forge Iron Bar x4 -> Iron Bar x8 (8 req/0 extra)
  - External craft (skill_blacksmithing) via Basic Forge Iron Studs x8 -> Iron Studs x1600 (1440 req/160 extra)
- Craft Warrior's Sabatons of Swift March II x72 (final)"
skill_cooking,21,22,,1,recipe_activatable_drink_sirup_hpregen_20,Strawberry Syrup,,274,287.6,78799.3,432.69,Strawberry-1370,"Strawberry Syrup x274 (final)
  - External craft (skill_building) via Water Well Water x69 -> Water x1380 (1370 req/10 extra)
  - Gather Strawberry x1370
- Craft Strawberry Syrup x274 (final)"
skill_cooking,21,22,,2,recipe_activatable_drink_herbal_tea_hpregen_1,Dandelion Herb Infusion,,289,272.7,78822.9,452.19,Dandelion-1445; Rosemary-578,"Dandelion Herb Infusion x289 (final)
  - External craft (skill_building) via Water Well Water x73 -> Water x1460 (1445 req/15 extra)
  - Gather Dandelion x1445
  - Gather Rosemary x578
- Craft Dandelion Herb Infusion x289 (final)"
skill_cooking,21,22,,3,recipe_activatable_drink_herbal_tea_maxhp_4,Fennel Tea,,259,304.8,78933.0,625.11,Pasque Flower-1295; Fennel-1295,"Fennel Tea x259 (final)
  - External craft (skill_building) via Water Well Water x65 -> Water x1300 (1295 req/5 extra)
  - Gather Fennel x1295
  - Gather Pasque Flower x1295
- Craft Fennel Tea x259 (final)"
skill_jewelerycrafting,20,21,,1,recipe_crafter_jewelcrafting_workbench_2,Jeweler Table,,126,533.9,67275.4,631.58,Amber-126; Heartwood-1770; Rough Animal Hide-130; Copper Ore-3780; Tin Ore-3780; Limestone-35; Sapwood-18935,"Jeweler Table x126 (final)
    - Gather Amber x126
        - Gather Rough Animal Hide x130
          - Gather Limestone x35
          - Gather Sapwood x35
        - External craft (skill_blacksmithing) via Basic Charcoal Kiln Lime x7 -> Lime x70 (65 req/5 extra)
        - External craft (skill_building) via Water Well Water x4 -> Water x80 (65 req/15 extra)
      - External craft (skill_leatherworking) via Simple Tanning Rack Inferior Leather x13 -> Inferior Leather x130 (126 req/4 extra)
    - External craft (skill_leatherworking) via Leatherworking Table Heavy Top Grain Leather x126 -> Heavy Top Grain Leather x126 (126 req/0 extra)
        - Gather Tin Ore x3160
        - Gather Copper Ore x3160
        - Gather Sapwood x15800
      - External craft (skill_blacksmithing) via Basic Furnace Bronze Ingot x158 -> Bronze Ingot x3160 (3150 req/10 extra)
    - External craft (skill_blacksmithing) via Basic Forge Bronze Bar x630 -> Bronze Bar x630 (630 req/0 extra)
      - Gather Tin Ore x620
      - Gather Copper Ore x620
      - Gather Sapwood x3100
    - External craft (skill_blacksmithing) via Basic Furnace Bronze Ingot x31 -> Bronze Ingot x620 (620 req/0 extra)
  - Craft via Basic Jeweler Table Jewelcrafting Tools x126 -> Jewelcrafting Tools x126 (126 req/0 extra)
    - Gather Heartwood x1010
  - External craft (skill_building) via Wood Chopping Block Fine Wood Beam x101 -> Fine Wood Beam x505 (504 req/1 extra)
    - Gather Heartwood x760
  - External craft (skill_building) via Wood Chopping Block Fine Wooden Plank x76 -> Fine Wooden Plank x760 (756 req/4 extra)
- Craft Jeweler Table x126 (final)"
skill_jewelerycrafting,20,21,,2,recipe_item_unlock_crafter_jewelcrafting_workbench_2,Jewelcrafting Tools,,246,272.6,67055.2,637.35,Amber-246; Rough Animal Hide-250; Copper Ore-7380; Tin Ore-7380; Limestone-65; Sapwood-36965,"Jewelcrafting Tools x246 (final)
  - Gather Amber x246
      - Gather Rough Animal Hide x250
        - Gather Limestone x65
        - Gather Sapwood x65
      - External craft (skill_blacksmithing) via Basic Charcoal Kiln Lime x13 -> Lime x130 (125 req/5 extra)
      - External craft (skill_building) via Water Well Water x7 -> Water x140 (125 req/15 extra)
    - External craft (skill_leatherworking) via Simple Tanning Rack Inferior Leather x25 -> Inferior Leather x250 (246 req/4 extra)
  - External craft (skill_leatherworking) via Leatherworking Table Heavy Top Grain Leather x246 -> Heavy Top Grain Leather x246 (246 req/0 extra)
      - Gather Tin Ore x6160
      - Gather Copper Ore x6160
      - Gather Sapwood x30800
    - External craft (skill_blacksmithing) via Basic Furnace Bronze Ingot x308 -> Bronze Ingot x6160 (6150 req/10 extra)
  - External craft (skill_blacksmithing) via Basic Forge Bronze Bar x1230 -> Bronze Bar x1230 (1230 req/0 extra)
    - Gather Tin Ore x1220
    - Gather Copper Ore x1220
    - Gather Sapwood x6100
  - External craft (skill_blacksmithing) via Basic Furnace Bronze Ingot x61 -> Bronze Ingot x1220 (1220 req/0 extra)
- Craft Jewelcrafting Tools x246 (final)"
skill_jewelerycrafting,20,21,,3,recipe_wearable_jewellery_bracelet_common_7,Shiny Silver Bracelet,,2478,27.0,66906.0,991.20,Impure Iron Ore-7440; Sapwood-39700,"Shiny Silver Bracelet x2478 (final)
      - Gather Impure Iron Ore x7440
        - Gather Sapwood x29800
      - External craft (skill_building) via Basic Charcoal Kiln Charcoal x596 -> Charcoal x14900 (14880 req/20 extra)
    - External craft (skill_blacksmithing) via Basic Furnace Iron Ingot x186 -> Iron Ingot x3720 (3720 req/0 extra)
      - Gather Sapwood x9900
    - External craft (skill_building) via Basic Charcoal Kiln Charcoal x198 -> Charcoal x4950 (4940 req/10 extra)
  - External craft (skill_blacksmithing) via Basic Furnace Wrought Iron Ingot x124 -> Wrought Iron Ingot x2480 (2478 req/2 extra)
- Craft Shiny Silver Bracelet x2478 (final)"
skill_winery_and_brewing,20,21,,1,recipe_activatable_drink_mead_staminaregen_24,Raspberry Mead,,247,270.9,66907.0,566.68,Raspberry-1235; Barley Grain-260; Rye Grain-260,"Raspberry Mead x247 (final)
  - External craft (skill_cooking) via Basic Beehive Honey x247 -> Honey x1235 (1235 req/0 extra)
      - Gather Barley Grain x260
    - Craft via Basic Fermenter Malt x13 -> Malt x260 (250 req/10 extra)
      - External craft (skill_building) via Water Well Water x13 -> Water x260 (260 req/0 extra)
        - Gather Rye Grain x260
      - External craft (skill_baking) via Millstone Rye Flour x13 -> Rye Flour x260 (260 req/0 extra)
    - External craft (skill_baking) via Basic Fermenter Yeast x13 -> Yeast x260 (250 req/10 extra)
    - External craft (skill_building) via Water Well Water x13 -> Water x260 (250 req/10 extra)
  - Craft via Basic Fermenter Cloudy Mead Base x25 -> Cloudy Mead Base x250 (247 req/3 extra)
  - Gather Raspberry x1235
- Craft Raspberry Mead x247 (final)"
skill_winery_and_brewing,20,21,,2,recipe_activatable_drink_mead_staminaregen_8,Weak Mead,,306,219.0,67018.2,515.10,Barley Grain-320; Rye Grain-320,"Weak Mead x306 (final)
  - External craft (skill_cooking) via Basic Beehive Honey x306 -> Honey x1530 (1530 req/0 extra)
      - Gather Barley Grain x320
    - Craft via Basic Fermenter Malt x16 -> Malt x320 (310 req/10 extra)
      - External craft (skill_building) via Water Well Water x16 -> Water x320 (320 req/0 extra)
        - Gather Rye Grain x320
      - External craft (skill_baking) via Millstone Rye Flour x16 -> Rye Flour x320 (320 req/0 extra)
    - External craft (skill_baking) via Basic Fermenter Yeast x16 -> Yeast x320 (310 req/10 extra)
    - External craft (skill_building) via Water Well Water x16 -> Water x320 (310 req/10 extra)
  - Craft via Basic Fermenter Weak Mead Base x31 -> Weak Mead Base x310 (306 req/4 extra)
- Craft Weak Mead x306 (final)"
skill_winery_and_brewing,20,21,,3,recipe_activatable_drink_mead_damagebuff_27,Strawberry Mead,,375,178.3,66867.4,851.56,Strawberry-1875; Barley Grain-380; Rye Grain-380,"Strawberry Mead x375 (final)
  - External craft (skill_cooking) via Basic Beehive Honey x375 -> Honey x1875 (1875 req/0 extra)
      - Gather Barley Grain x380
    - Craft via Basic Fermenter Malt x19 -> Malt x380 (380 req/0 extra)
      - External craft (skill_building) via Water Well Water x19 -> Water x380 (380 req/0 extra)
        - Gather Rye Grain x380
      - External craft (skill_baking) via Millstone Rye Flour x19 -> Rye Flour x380 (380 req/0 extra)
    - External craft (skill_baking) via Basic Fermenter Yeast x19 -> Yeast x380 (380 req/0 extra)
    - External craft (skill_building) via Water Well Water x19 -> Water x380 (380 req/0 extra)
  - Craft via Basic Fermenter Cloudy Mead Base x38 -> Cloudy Mead Base x380 (375 req/5 extra)
  - Gather Strawberry x1875
- Craft Strawberry Mead x375 (final)"
skill_alchemy,21,22,,1,recipe_crafter_alchemy_reagent_distillery_2,Reagent Distiller,,401,196.8,78916.2,3900.39,Impure Iron Ore-800; Sand-20050; Sapwood-29910,"Reagent Distiller x401 (final)
    - Gather Sapwood x1610
  - External craft (skill_building) via Wood Chopping Block Plank x161 -> Plank x1610 (1604 req/6 extra)
          - Gather Impure Iron Ore x800
            - Gather Sapwood x3200
          - External craft (skill_building) via Basic Charcoal Kiln Charcoal x64 -> Charcoal x1600 (1600 req/0 extra)
        - External craft (skill_blacksmithing) via Basic Furnace Iron Ingot x20 -> Iron Ingot x400 (390 req/10 extra)
          - Gather Sapwood x1050
        - External craft (skill_building) via Basic Charcoal Kiln Charcoal x21 -> Charcoal x525 (520 req/5 extra)
      - External craft (skill_blacksmithing) via Basic Furnace Wrought Iron Ingot x13 -> Wrought Iron Ingot x260 (245 req/15 extra)
    - External craft (skill_blacksmithing) via Basic Forge Wrought Iron Bar x49 -> Wrought Iron Bar x98 (97 req/1 extra)
  - External craft (skill_blacksmithing) via Forge Wrought Iron Nails x97 -> Wrought Iron Nails x4850 (4812 req/38 extra)
    - Gather Sand x20050
      - Gather Sapwood x24050
    - External craft (skill_building) via Basic Charcoal Kiln Charcoal x481 -> Charcoal x12025 (12025 req/0 extra)
  - External craft (skill_building) via Furnace Glass x401 -> Glass x4010 (4010 req/0 extra)
- Craft Reagent Distiller x401 (final)"
skill_alchemy,21,22,,2,recipe_crafter_alchemy_workbench_2,Alchemy Table,,1095,72.0,78840.0,5488.69,Nightshade Fruit-5475; Heartwood-15330; Rough Animal Hide-6570; Copper Ore-27380; Tin Ore-27380; Limestone-2740; Sand-109500; Sapwood-271040,"Alchemy Table x1095 (final)
      - Gather Sand x109500
        - Gather Sapwood x131400
      - External craft (skill_building) via Basic Charcoal Kiln Charcoal x2628 -> Charcoal x65700 (65700 req/0 extra)
    - External craft (skill_building) via Furnace Glass x2190 -> Glass x21900 (21900 req/0 extra)
        - Gather Rough Animal Hide x6570
          - Gather Limestone x1645
          - Gather Sapwood x1645
        - External craft (skill_blacksmithing) via Basic Charcoal Kiln Lime x329 -> Lime x3290 (3285 req/5 extra)
        - External craft (skill_building) via Water Well Water x165 -> Water x3300 (3285 req/15 extra)
      - External craft (skill_leatherworking) via Simple Tanning Rack Inferior Leather x657 -> Inferior Leather x6570 (6570 req/0 extra)
        - Gather Limestone x1095
        - Gather Sapwood x1095
      - External craft (skill_blacksmithing) via Basic Charcoal Kiln Lime x219 -> Lime x2190 (2185 req/5 extra)
      - External craft (skill_building) via Water Well Water x109 -> Water x2180 (2175 req/5 extra)
    - External craft (skill_leatherworking) via Tanning Rack Boiled Leather x438 -> Boiled Leather x2190 (2190 req/0 extra)
        - Gather Tin Ore x27380
        - Gather Copper Ore x27380
        - Gather Sapwood x136900
      - External craft (skill_blacksmithing) via Basic Furnace Bronze Ingot x1369 -> Bronze Ingot x27380 (27375 req/5 extra)
    - External craft (skill_blacksmithing) via Basic Forge Bronze Bar x5475 -> Bronze Bar x5475 (5475 req/0 extra)
    - Gather Nightshade Fruit x5475
  - Craft via Basic Alchemy Table Alchemy Instruments x1095 -> Alchemy Instruments x1095 (1095 req/0 extra)
    - Gather Heartwood x8760
  - External craft (skill_building) via Wood Chopping Block Fine Wood Beam x876 -> Fine Wood Beam x4380 (4380 req/0 extra)
    - Gather Heartwood x6570
  - External craft (skill_building) via Wood Chopping Block Fine Wooden Plank x657 -> Fine Wooden Plank x6570 (6570 req/0 extra)
- Craft Alchemy Table x1095 (final)"
skill_alchemy,21,22,,3,recipe_activatable_potion_potion_of_protection_very_small_32,Aegis Potion V,,2814,28.0,78792.0,10938.25,Castor Plant-2815; Sand-168840; Sapwood-171100,"Aegis Potion V x2814 (final)
    - Gather Castor Plant x2815
      - Gather Sapwood x2300
    - External craft (skill_building) via Basic Charcoal Kiln Charcoal x46 -> Charcoal x1150 (1126 req/24 extra)
    - External craft (skill_building) via Water Well Water x141 -> Water x2820 (2815 req/5 extra)
  - Craft via Basic Reagent Distiller Castor Extract x563 -> Castor Extract x5630 (5628 req/2 extra)
  - External craft (skill_building) via Water Well Water x1126 -> Water x22520 (22507 req/13 extra)
      - Gather Sand x168840
        - Gather Sapwood x168800
      - External craft (skill_building) via Basic Charcoal Kiln Charcoal x3376 -> Charcoal x84400 (84396 req/4 extra)
    - External craft (skill_building) via Basic Furnace Rough Glass x4221 -> Rough Glass x42210 (42210 req/0 extra)
  - External craft (skill_blacksmithing) via Basic Forge Small Vial x2814 -> Small Vial x14070 (14070 req/0 extra)
- Craft Aegis Potion V x2814 (final)"
skill_baking,23,24,,1,recipe_activatable_foodcooked_bread_hpregen_20,Barley and Rye Bread,,7800,14.0,109200.0,7845.50,Suet-6240; Barley Grain-3120; Rye Grain-17160,"Barley and Rye Bread x7800 (final)
      - Gather Barley Grain x3120
    - Craft via Millstone Barley Flour x156 -> Barley Flour x3120 (3120 req/0 extra)
      - External craft (skill_building) via Water Well Water x78 -> Water x1560 (1560 req/0 extra)
        - Gather Rye Grain x1560
      - Craft via Millstone Rye Flour x78 -> Rye Flour x1560 (1560 req/0 extra)
    - Craft via Basic Fermenter Yeast x78 -> Yeast x1560 (1560 req/0 extra)
    - External craft (skill_building) via Water Well Water x390 -> Water x7800 (7800 req/0 extra)
  - Craft via Basic Cooking Workbench Barley Dough x1560 -> Barley Dough x7800 (7800 req/0 extra)
  - Gather Rye Grain x15600
    - Gather Suet x6240
  - External craft (skill_cooking) via Basic Cooking Hearth Tallow x3120 -> Tallow x15600 (15600 req/0 extra)
- Craft Barley and Rye Bread x7800 (final)"
skill_baking,23,24,,2,recipe_activatable_foodcooked_pastry_staminaregen_22,Trail Pie,,6067,18.0,109206.0,29829.42,Animal Fat-24268; Barley Grain-24280; Rye Grain-12140,"Trail Pie x6067 (final)
      - Gather Barley Grain x24280
    - Craft via Millstone Barley Flour x1214 -> Barley Flour x24280 (24268 req/12 extra)
      - External craft (skill_building) via Water Well Water x607 -> Water x12140 (12140 req/0 extra)
        - Gather Rye Grain x12140
      - Craft via Millstone Rye Flour x607 -> Rye Flour x12140 (12140 req/0 extra)
    - Craft via Basic Fermenter Yeast x607 -> Yeast x12140 (12134 req/6 extra)
    - External craft (skill_building) via Water Well Water x3034 -> Water x60680 (60670 req/10 extra)
  - Craft via Basic Cooking Workbench Barley Dough x12134 -> Barley Dough x60670 (60670 req/0 extra)
    - Gather Animal Fat x24268
  - External craft (skill_cooking) via Basic Cooking Hearth Lard x12134 -> Lard x60670 (60670 req/0 extra)
- Craft Trail Pie x6067 (final)"
skill_weapon_smithing,23,24,,1,recipe_wieldable_mace_2h_0_t2_rare,Warded Iron Greatmaul,,119,915.9,108991.3,983.51,Rough Animal Hide-60; Copper Ore-160; Impure Iron Ore-6680; Tin Ore-160; Sapwood-27550; Furry Collarstone-1428; Charm of the Path-119,"Warded Iron Greatmaul x119 (final)
  - Gather Furry Collarstone x1428
  - Gather Charm of the Path x119
        - Gather Impure Iron Ore x480
          - Gather Sapwood x1950
        - External craft (skill_building) via Basic Charcoal Kiln Charcoal x39 -> Charcoal x975 (960 req/15 extra)
      - External craft (skill_blacksmithing) via Basic Furnace Iron Ingot x12 -> Iron Ingot x240 (238 req/2 extra)
    - External craft (skill_blacksmithing) via Basic Forge Iron Sheet x119 -> Iron Sheet x119 (119 req/0 extra)
          - Gather Rough Animal Hide x30
        - External craft (skill_leatherworking) via Simple Tanning Rack Rawhide x3 -> Rawhide x30 (30 req/0 extra)
      - External craft (skill_leatherworking) via Simple Leatherworking Table Nubuck Leather x30 -> Nubuck Leather x30 (30 req/0 extra)
    - External craft (skill_leatherworking) via Simple Leatherworking Table Coarse Leather Band x30 -> Coarse Leather Band x600 (595 req/5 extra)
          - Gather Tin Ore x40
          - Gather Copper Ore x40
          - Gather Sapwood x200
        - External craft (skill_blacksmithing) via Basic Furnace Bronze Ingot x2 -> Bronze Ingot x40 (30 req/10 extra)
      - External craft (skill_blacksmithing) via Basic Forge Bronze Bar x6 -> Bronze Bar x6 (6 req/0 extra)
    - External craft (skill_blacksmithing) via Basic Forge Bronze Studs x6 -> Bronze Studs x1200 (1190 req/10 extra)
  - External craft (skill_blacksmithing) via Basic Forge Mace Grip x119 -> Mace Grip x119 (119 req/0 extra)
    - Gather Impure Iron Ore x240
      - Gather Sapwood x950
    - External craft (skill_building) via Basic Charcoal Kiln Charcoal x19 -> Charcoal x475 (465 req/10 extra)
  - External craft (skill_blacksmithing) via Basic Furnace Iron Ingot x6 -> Iron Ingot x120 (117 req/3 extra)
        - Gather Impure Iron Ore x5960
          - Gather Sapwood x23850
        - External craft (skill_building) via Basic Charcoal Kiln Charcoal x477 -> Charcoal x11925 (11910 req/15 extra)
      - External craft (skill_blacksmithing) via Basic Furnace Iron Ingot x149 -> Iron Ingot x2980 (2972 req/8 extra)
    - External craft (skill_blacksmithing) via Basic Forge Iron Bar x595 -> Iron Bar x1190 (1190 req/0 extra)
  - External craft (skill_blacksmithing) via Basic Forge Iron Spike x238 -> Iron Spike x238 (238 req/0 extra)
        - Gather Rough Animal Hide x30
      - External craft (skill_leatherworking) via Simple Tanning Rack Rawhide x3 -> Rawhide x30 (30 req/0 extra)
    - External craft (skill_leatherworking) via Simple Leatherworking Table Nubuck Leather x30 -> Nubuck Leather x30 (30 req/0 extra)
  - External craft (skill_leatherworking) via Simple Leatherworking Table Coarse Leather Band x30 -> Coarse Leather Band x600 (590 req/10 extra)
        - Gather Tin Ore x120
        - Gather Copper Ore x120
        - Gather Sapwood x600
      - External craft (skill_blacksmithing) via Basic Furnace Bronze Ingot x6 -> Bronze Ingot x120 (110 req/10 extra)
    - External craft (skill_blacksmithing) via Basic Forge Bronze Bar x24 -> Bronze Bar x24 (24 req/0 extra)
  - External craft (skill_blacksmithing) via Basic Forge Bronze Nails x24 -> Bronze Nails x1200 (1190 req/10 extra)
- Craft Warded Iron Greatmaul x119 (final)"
skill_weapon_smithing,23,24,,2,recipe_wieldable_mace_1h_0_t2_rare,Warded Iron Mace,,129,843.4,108804.6,1066.16,Rough Animal Hide-70; Copper Ore-180; Impure Iron Ore-7240; Tin Ore-180; Sapwood-29900; Furry Collarstone-1548; Pendant of the Tide-129,"Warded Iron Mace x129 (final)
  - Gather Furry Collarstone x1548
  - Gather Pendant of the Tide x129
        - Gather Impure Iron Ore x520
          - Gather Sapwood x2100
        - External craft (skill_building) via Basic Charcoal Kiln Charcoal x42 -> Charcoal x1050 (1040 req/10 extra)
      - External craft (skill_blacksmithing) via Basic Furnace Iron Ingot x13 -> Iron Ingot x260 (258 req/2 extra)
    - External craft (skill_blacksmithing) via Basic Forge Iron Sheet x129 -> Iron Sheet x129 (129 req/0 extra)
          - Gather Rough Animal Hide x40
        - External craft (skill_leatherworking) via Simple Tanning Rack Rawhide x4 -> Rawhide x40 (33 req/7 extra)
      - External craft (skill_leatherworking) via Simple Leatherworking Table Nubuck Leather x33 -> Nubuck Leather x33 (33 req/0 extra)
    - External craft (skill_leatherworking) via Simple Leatherworking Table Coarse Leather Band x33 -> Coarse Leather Band x660 (645 req/15 extra)
          - Gather Tin Ore x40
          - Gather Copper Ore x40
          - Gather Sapwood x200
        - External craft (skill_blacksmithing) via Basic Furnace Bronze Ingot x2 -> Bronze Ingot x40 (35 req/5 extra)
      - External craft (skill_blacksmithing) via Basic Forge Bronze Bar x7 -> Bronze Bar x7 (7 req/0 extra)
    - External craft (skill_blacksmithing) via Basic Forge Bronze Studs x7 -> Bronze Studs x1400 (1290 req/110 extra)
  - External craft (skill_blacksmithing) via Basic Forge Mace Grip x129 -> Mace Grip x129 (129 req/0 extra)
    - Gather Impure Iron Ore x280
      - Gather Sapwood x1100
    - External craft (skill_building) via Basic Charcoal Kiln Charcoal x22 -> Charcoal x550 (550 req/0 extra)
  - External craft (skill_blacksmithing) via Basic Furnace Iron Ingot x7 -> Iron Ingot x140 (127 req/13 extra)
        - Gather Impure Iron Ore x6440
          - Gather Sapwood x25800
        - External craft (skill_building) via Basic Charcoal Kiln Charcoal x516 -> Charcoal x12900 (12880 req/20 extra)
      - External craft (skill_blacksmithing) via Basic Furnace Iron Ingot x161 -> Iron Ingot x3220 (3212 req/8 extra)
    - External craft (skill_blacksmithing) via Basic Forge Iron Bar x645 -> Iron Bar x1290 (1290 req/0 extra)
  - External craft (skill_blacksmithing) via Basic Forge Iron Spike x258 -> Iron Spike x258 (258 req/0 extra)
        - Gather Rough Animal Hide x30
      - External craft (skill_leatherworking) via Simple Tanning Rack Rawhide x3 -> Rawhide x30 (25 req/5 extra)
    - External craft (skill_leatherworking) via Simple Leatherworking Table Nubuck Leather x32 -> Nubuck Leather x32 (32 req/0 extra)
  - External craft (skill_leatherworking) via Simple Leatherworking Table Coarse Leather Band x32 -> Coarse Leather Band x640 (630 req/10 extra)
        - Gather Tin Ore x140
        - Gather Copper Ore x140
        - Gather Sapwood x700
      - External craft (skill_blacksmithing) via Basic Furnace Bronze Ingot x7 -> Bronze Ingot x140 (125 req/15 extra)
    - External craft (skill_blacksmithing) via Basic Forge Bronze Bar x26 -> Bronze Bar x26 (26 req/0 extra)
  - External craft (skill_blacksmithing) via Basic Forge Bronze Nails x26 -> Bronze Nails x1300 (1290 req/10 extra)
- Craft Warded Iron Mace x129 (final)"
skill_weapon_smithing,23,24,,3,recipe_wieldable_axe_2h_0_t2_rare,Warded Iron Battleaxe,,116,936.4,108623.4,1421.85,Rough Animal Hide-60; Copper Ore-360; Impure Iron Ore-5600; Tin Ore-360; Sapwood-24435; Orb of the Twilight-116; Yellow Runic Leash-1392,"Warded Iron Battleaxe x116 (final)
  - Gather Yellow Runic Leash x1392
  - Gather Orb of the Twilight x116
      - Gather Sapwood x235
    - External craft (skill_building) via Wood Chopping Block Long Wood Stock x47 -> Long Wood Stock x235 (232 req/3 extra)
          - Gather Rough Animal Hide x30
        - External craft (skill_leatherworking) via Simple Tanning Rack Rawhide x3 -> Rawhide x30 (29 req/1 extra)
      - External craft (skill_leatherworking) via Simple Leatherworking Table Nubuck Leather x29 -> Nubuck Leather x29 (29 req/0 extra)
    - External craft (skill_leatherworking) via Simple Leatherworking Table Coarse Leather Band x29 -> Coarse Leather Band x580 (580 req/0 extra)
          - Gather Tin Ore x120
          - Gather Copper Ore x120
          - Gather Sapwood x600
        - External craft (skill_blacksmithing) via Basic Furnace Bronze Ingot x6 -> Bronze Ingot x120 (120 req/0 extra)
      - External craft (skill_blacksmithing) via Basic Forge Bronze Bar x24 -> Bronze Bar x24 (24 req/0 extra)
    - External craft (skill_blacksmithing) via Basic Forge Bronze Nails x24 -> Bronze Nails x1200 (1160 req/40 extra)
  - External craft (skill_blacksmithing) via Basic Forge Axe Handle x116 -> Axe Handle x116 (116 req/0 extra)
        - Gather Impure Iron Ore x4640
          - Gather Sapwood x18600
        - External craft (skill_building) via Basic Charcoal Kiln Charcoal x372 -> Charcoal x9300 (9280 req/20 extra)
      - External craft (skill_blacksmithing) via Basic Furnace Iron Ingot x116 -> Iron Ingot x2320 (2320 req/0 extra)
    - External craft (skill_blacksmithing) via Basic Forge Iron Sheet x1160 -> Iron Sheet x1160 (1160 req/0 extra)
      - Gather Impure Iron Ore x960
        - Gather Sapwood x3800
      - External craft (skill_building) via Basic Charcoal Kiln Charcoal x76 -> Charcoal x1900 (1900 req/0 extra)
    - External craft (skill_blacksmithing) via Basic Furnace Iron Ingot x24 -> Iron Ingot x480 (464 req/16 extra)
  - External craft (skill_blacksmithing) via Basic Forge Iron Axe Head x232 -> Iron Axe Head x232 (232 req/0 extra)
        - Gather Tin Ore x240
        - Gather Copper Ore x240
        - Gather Sapwood x1200
      - External craft (skill_blacksmithing) via Basic Furnace Bronze Ingot x12 -> Bronze Ingot x240 (230 req/10 extra)
    - External craft (skill_blacksmithing) via Basic Forge Bronze Bar x46 -> Bronze Bar x46 (46 req/0 extra)
  - External craft (skill_blacksmithing) via Basic Forge Bronze Nails x46 -> Bronze Nails x2300 (2280 req/20 extra)
        - Gather Rough Animal Hide x30
      - External craft (skill_leatherworking) via Simple Tanning Rack Rawhide x3 -> Rawhide x30 (28 req/2 extra)
    - External craft (skill_leatherworking) via Simple Leatherworking Table Nubuck Leather x29 -> Nubuck Leather x29 (29 req/0 extra)
  - External craft (skill_leatherworking) via Simple Leatherworking Table Coarse Leather Band x29 -> Coarse Leather Band x580 (580 req/0 extra)
- Craft Warded Iron Battleaxe x116 (final)"
skill_fletching,24,25,,1,recipe_crafter_fletching_workbench_2,Fletching Table,,2383,54.0,128682.0,11944.79,Suet-47660; Heartwood-33370; Rough Animal Hide-4770; Impure Iron Ore-26240; Flax Seeds-119150; Limestone-1195; Sapwood-106195,"Fletching Table x2383 (final)
        - Gather Rough Animal Hide x4770
          - Gather Limestone x1195
          - Gather Sapwood x1195
        - External craft (skill_blacksmithing) via Basic Charcoal Kiln Lime x239 -> Lime x2390 (2385 req/5 extra)
        - External craft (skill_building) via Water Well Water x120 -> Water x2400 (2385 req/15 extra)
      - External craft (skill_leatherworking) via Simple Tanning Rack Inferior Leather x477 -> Inferior Leather x4770 (4766 req/4 extra)
    - External craft (skill_leatherworking) via Leatherworking Table Heavy Top Grain Leather x4766 -> Heavy Top Grain Leather x4766 (4766 req/0 extra)
          - Gather Impure Iron Ore x23840
            - Gather Sapwood x95400
          - External craft (skill_building) via Basic Charcoal Kiln Charcoal x1908 -> Charcoal x47700 (47680 req/20 extra)
        - External craft (skill_blacksmithing) via Basic Furnace Iron Ingot x596 -> Iron Ingot x11920 (11915 req/5 extra)
      - External craft (skill_blacksmithing) via Basic Forge Iron Bar x2383 -> Iron Bar x4766 (4766 req/0 extra)
    - External craft (skill_blacksmithing) via Basic Forge Iron Knife Blade x2383 -> Iron Knife Blade x2383 (2383 req/0 extra)
          - Gather Impure Iron Ore x2400
            - Gather Sapwood x9600
          - External craft (skill_building) via Basic Charcoal Kiln Charcoal x192 -> Charcoal x4800 (4780 req/20 extra)
        - External craft (skill_blacksmithing) via Basic Furnace Iron Ingot x60 -> Iron Ingot x1200 (1190 req/10 extra)
      - External craft (skill_blacksmithing) via Basic Forge Iron Bar x239 -> Iron Bar x478 (477 req/1 extra)
    - External craft (skill_blacksmithing) via Basic Forge Iron Nails x477 -> Iron Nails x23850 (23830 req/20 extra)
      - Gather Flax Seeds x119150
        - Gather Suet x47660
      - External craft (skill_cooking) via Basic Cooking Hearth Tallow x23830 -> Tallow x119150 (119150 req/0 extra)
    - External craft (skill_leatherworking) via Leatherworking Table Linseed Oil x11915 -> Linseed Oil x11915 (11915 req/0 extra)
  - Craft via Basic Fletching Table Fletching Tools x2383 -> Fletching Tools x2383 (2383 req/0 extra)
    - Gather Heartwood x19070
  - External craft (skill_building) via Wood Chopping Block Fine Wood Beam x1907 -> Fine Wood Beam x9535 (9532 req/3 extra)
    - Gather Heartwood x14300
  - External craft (skill_building) via Wood Chopping Block Fine Wooden Plank x1430 -> Fine Wooden Plank x14300 (14298 req/2 extra)
- Craft Fletching Table x2383 (final)"
skill_fletching,24,25,,2,recipe_item_unlock_crafter_fletching_workbench_2,Fletching Tools,,4766,27.0,128682.0,29565.09,Suet-95320; Rough Animal Hide-9540; Impure Iron Ore-52440; Flax Seeds-238300; Limestone-2385; Sapwood-212185,"Fletching Tools x4766 (final)
      - Gather Rough Animal Hide x9540
        - Gather Limestone x2385
        - Gather Sapwood x2385
      - External craft (skill_blacksmithing) via Basic Charcoal Kiln Lime x477 -> Lime x4770 (4770 req/0 extra)
      - External craft (skill_building) via Water Well Water x239 -> Water x4780 (4770 req/10 extra)
    - External craft (skill_leatherworking) via Simple Tanning Rack Inferior Leather x954 -> Inferior Leather x9540 (9532 req/8 extra)
  - External craft (skill_leatherworking) via Leatherworking Table Heavy Top Grain Leather x9532 -> Heavy Top Grain Leather x9532 (9532 req/0 extra)
        - Gather Impure Iron Ore x47680
          - Gather Sapwood x190750
        - External craft (skill_building) via Basic Charcoal Kiln Charcoal x3815 -> Charcoal x95375 (95360 req/15 extra)
      - External craft (skill_blacksmithing) via Basic Furnace Iron Ingot x1192 -> Iron Ingot x23840 (23830 req/10 extra)
    - External craft (skill_blacksmithing) via Basic Forge Iron Bar x4766 -> Iron Bar x9532 (9532 req/0 extra)
  - External craft (skill_blacksmithing) via Basic Forge Iron Knife Blade x4766 -> Iron Knife Blade x4766 (4766 req/0 extra)
        - Gather Impure Iron Ore x4760
          - Gather Sapwood x19050
        - External craft (skill_building) via Basic Charcoal Kiln Charcoal x381 -> Charcoal x9525 (9505 req/20 extra)
      - External craft (skill_blacksmithing) via Basic Furnace Iron Ingot x119 -> Iron Ingot x2380 (2375 req/5 extra)
    - External craft (skill_blacksmithing) via Basic Forge Iron Bar x477 -> Iron Bar x954 (954 req/0 extra)
  - External craft (skill_blacksmithing) via Basic Forge Iron Nails x954 -> Iron Nails x47700 (47660 req/40 extra)
    - Gather Flax Seeds x238300
      - Gather Suet x95320
    - External craft (skill_cooking) via Basic Cooking Hearth Tallow x47660 -> Tallow x238300 (238300 req/0 extra)
  - External craft (skill_leatherworking) via Leatherworking Table Linseed Oil x23830 -> Linseed Oil x23830 (23830 req/0 extra)
- Craft Fletching Tools x4766 (final)"
skill_fletching,24,25,,3,recipe_wieldable_bow_2h_0_t2_rare,Warded Longbow,,6773,19.0,128687.0,45308.55,Boar Sinew-33865; Rough Animal Hide-3390; Sapwood-20320; Resin-47411; Token of the Whisper-6773; Furry Collarstone-81276,"Warded Longbow x6773 (final)
  - Gather Furry Collarstone x81276
  - Gather Token of the Whisper x6773
      - Gather Sapwood x20320
    - External craft (skill_building) via Wood Chopping Block Long Wood Stock x4064 -> Long Wood Stock x20320 (20319 req/1 extra)
    - Gather Resin x47411
    - External craft (skill_cooking) via Basic Beehive Beeswax x13546 -> Beeswax x67730 (67730 req/0 extra)
  - Craft via Basic Fletching Table Rough Bow Stave x6773 -> Rough Bow Stave x6773 (6773 req/0 extra)
  - Gather Boar Sinew x33865
        - Gather Rough Animal Hide x3390
      - External craft (skill_leatherworking) via Simple Tanning Rack Rawhide x339 -> Rawhide x3390 (3387 req/3 extra)
    - External craft (skill_leatherworking) via Simple Leatherworking Table Nubuck Leather x3387 -> Nubuck Leather x3387 (3387 req/0 extra)
  - External craft (skill_leatherworking) via Simple Leatherworking Table Coarse Leather Band x3387 -> Coarse Leather Band x67740 (67730 req/10 extra)
- Craft Warded Longbow x6773 (final)"
skill_charcuterie,25,26,,1,recipe_rough-cut_bear,Poorly Parted Bear,,3761,40.0,150440.0,479.53,Bear Carcass-3761,"Poorly Parted Bear x3761 (final)
  - Gather Bear Carcass x3761
- Craft Poorly Parted Bear x3761 (final)"
skill_charcuterie,25,26,,2,recipe_rough-cut_wolf,Poorly Parted Chamois,,7522,20.0,150440.0,913.92,Chamois Carcass-7522,"Poorly Parted Chamois x7522 (final)
  - Gather Chamois Carcass x7522
- Craft Poorly Parted Chamois x7522 (final)"
skill_charcuterie,25,26,,3,recipe_basic_butchered_bear,Parted Bear,,7522,20.0,150440.0,959.06,Bear Carcass-7522,"Parted Bear x7522 (final)
  - Gather Bear Carcass x7522
- Craft Parted Bear x7522 (final)"
skill_tailoring,26,27,,1,recipe_wearable_cloth_legs_magus_am_t3_rare,Magus' Trousers of Dreambind III,,157,1121.3,172767.4,3975.05,Antler-1256; Rough Animal Hide-40; Copper Ore-140; Tin Ore-140; Cotton Fiber-12600; Mandrake-2355; Sapwood-700; Cracked Sigil-1884; Great Amulet of Veil-157,"Magus' Trousers of Dreambind III x157 (final)
  - Gather Cracked Sigil x1884
  - Gather Great Amulet of Veil x157
  - Gather Mandrake x2355
    - Gather Antler x1256
  - Craft via Tailoring Table Horn Needles x1256 -> Horn Needles x6280 (6280 req/0 extra)
      - Gather Cotton Fiber x12600
    - Craft via Spinning Wheel Cotton Cord x315 -> Cotton Cord x3150 (3150 req/0 extra)
  - Craft via Simple Loom Coarse Cotton Cloth x126 -> Coarse Cotton Cloth x630 (628 req/2 extra)
          - Gather Rough Animal Hide x40
        - External craft (skill_leatherworking) via Simple Tanning Rack Rawhide x4 -> Rawhide x40 (32 req/8 extra)
      - External craft (skill_leatherworking) via Simple Leatherworking Table Nubuck Leather x32 -> Nubuck Leather x32 (32 req/0 extra)
    - External craft (skill_leatherworking) via Simple Leatherworking Table Coarse Leather Band x32 -> Coarse Leather Band x640 (628 req/12 extra)
          - Gather Tin Ore x140
          - Gather Copper Ore x140
          - Gather Sapwood x700
        - External craft (skill_blacksmithing) via Basic Furnace Bronze Ingot x7 -> Bronze Ingot x140 (130 req/10 extra)
      - External craft (skill_blacksmithing) via Basic Forge Bronze Sheet x65 -> Bronze Sheet x65 (65 req/0 extra)
    - External craft (skill_blacksmithing) via Basic Forge Bronze Buckle x13 -> Bronze Buckle x325 (314 req/11 extra)
  - External craft (skill_leatherworking) via Simple Leatherworking Table Rough Leather Straps x314 -> Rough Leather Straps x314 (314 req/0 extra)
- Craft Magus' Trousers of Dreambind III x157 (final)"
skill_tailoring,26,27,,2,recipe_wearable_cloth_legs_magus_m_t3_rare,Magus' Trousers of Entrancement III,,157,1121.3,172767.4,4034.81,Antler-1256; Opal-2355; Rough Animal Hide-40; Copper Ore-140; Tin Ore-140; Cotton Fiber-12600; Sapwood-700; Cracked Sigil-1884; Great Amulet of Holy Wound-157,"Magus' Trousers of Entrancement III x157 (final)
  - Gather Cracked Sigil x1884
  - Gather Great Amulet of Holy Wound x157
  - Gather Opal x2355
    - Gather Antler x1256
  - Craft via Tailoring Table Horn Needles x1256 -> Horn Needles x6280 (6280 req/0 extra)
      - Gather Cotton Fiber x12600
    - Craft via Spinning Wheel Cotton Cord x315 -> Cotton Cord x3150 (3150 req/0 extra)
  - Craft via Simple Loom Coarse Cotton Cloth x126 -> Coarse Cotton Cloth x630 (628 req/2 extra)
          - Gather Rough Animal Hide x40
        - External craft (skill_leatherworking) via Simple Tanning Rack Rawhide x4 -> Rawhide x40 (32 req/8 extra)
      - External craft (skill_leatherworking) via Simple Leatherworking Table Nubuck Leather x32 -> Nubuck Leather x32 (32 req/0 extra)
    - External craft (skill_leatherworking) via Simple Leatherworking Table Coarse Leather Band x32 -> Coarse Leather Band x640 (628 req/12 extra)
          - Gather Tin Ore x140
          - Gather Copper Ore x140
          - Gather Sapwood x700
        - External craft (skill_blacksmithing) via Basic Furnace Bronze Ingot x7 -> Bronze Ingot x140 (130 req/10 extra)
      - External craft (skill_blacksmithing) via Basic Forge Bronze Sheet x65 -> Bronze Sheet x65 (65 req/0 extra)
    - External craft (skill_blacksmithing) via Basic Forge Bronze Buckle x13 -> Bronze Buckle x325 (314 req/11 extra)
  - External craft (skill_leatherworking) via Simple Leatherworking Table Rough Leather Straps x314 -> Rough Leather Straps x314 (314 req/0 extra)
- Craft Magus' Trousers of Entrancement III x157 (final)"
skill_tailoring,26,27,,3,recipe_wearable_cloth_head_magus_cr_t3_rare,Magus' Hat of Fractured Time III,,167,1055.0,169887.1,4153.82,Antler-1336; Rough Animal Hide-20; Cotton Fiber-8040; Snapdragon-2505; Cracked Sigil-2004; Great Echo of Moon-167,"Magus' Hat of Fractured Time III x167 (final)
  - Gather Cracked Sigil x2004
  - Gather Great Echo of Moon x167
  - Gather Snapdragon x2505
    - Gather Antler x1336
  - Craft via Tailoring Table Horn Needles x1336 -> Horn Needles x6680 (6680 req/0 extra)
      - Gather Cotton Fiber x6720
    - Craft via Spinning Wheel Cotton Cord x168 -> Cotton Cord x1680 (1675 req/5 extra)
  - Craft via Simple Loom Coarse Cotton Cloth x67 -> Coarse Cotton Cloth x335 (334 req/1 extra)
    - Gather Cotton Fiber x1320
  - Craft via Spinning Wheel Cotton Cord x33 -> Cotton Cord x330 (329 req/1 extra)
        - Gather Rough Animal Hide x20
      - External craft (skill_leatherworking) via Simple Tanning Rack Rawhide x2 -> Rawhide x20 (17 req/3 extra)
    - External craft (skill_leatherworking) via Simple Leatherworking Table Nubuck Leather x17 -> Nubuck Leather x17 (17 req/0 extra)
  - External craft (skill_leatherworking) via Simple Leatherworking Table Coarse Leather Band x17 -> Coarse Leather Band x340 (334 req/6 extra)
- Craft Magus' Hat of Fractured Time III x167 (final)"
skill_leatherworking,28,29,,1,recipe_item_material_leather_bands,Leather Band,,277,721.6,199884.1,148.66,Rough Animal Hide-1260; Limestone-595; Sapwood-595,"Leather Band x277 (final)
          - Gather Rough Animal Hide x1260
            - Gather Limestone x315
            - Gather Sapwood x315
          - External craft (skill_blacksmithing) via Basic Charcoal Kiln Lime x63 -> Lime x630 (630 req/0 extra)
          - External craft (skill_building) via Water Well Water x32 -> Water x640 (630 req/10 extra)
        - Craft via Simple Tanning Rack Inferior Leather x126 -> Inferior Leather x1260 (1260 req/0 extra)
          - Gather Limestone x210
          - Gather Sapwood x210
        - External craft (skill_blacksmithing) via Basic Charcoal Kiln Lime x42 -> Lime x420 (420 req/0 extra)
        - External craft (skill_building) via Water Well Water x21 -> Water x420 (410 req/10 extra)
      - Craft via Tanning Rack Boiled Leather x84 -> Boiled Leather x420 (420 req/0 extra)
        - Gather Limestone x70
        - Gather Sapwood x70
      - External craft (skill_blacksmithing) via Basic Charcoal Kiln Lime x14 -> Lime x140 (140 req/0 extra)
      - External craft (skill_building) via Water Well Water x7 -> Water x140 (130 req/10 extra)
    - Craft via Tanning Rack Fine Leather x28 -> Fine Leather x280 (277 req/3 extra)
  - Craft via Leatherworking Table Medium Top Grain Leather x277 -> Medium Top Grain Leather x277 (277 req/0 extra)
- Craft Leather Band x277 (final)"
skill_leatherworking,28,29,,2,recipe_item_material_leather_string,Leather String,,270,737.9,199246.0,161.37,Boar Sinew-270; Rough Animal Hide-1220; Limestone-575; Sapwood-575,"Leather String x270 (final)
          - Gather Rough Animal Hide x1220
            - Gather Limestone x305
            - Gather Sapwood x305
          - External craft (skill_blacksmithing) via Basic Charcoal Kiln Lime x61 -> Lime x610 (610 req/0 extra)
          - External craft (skill_building) via Water Well Water x31 -> Water x620 (610 req/10 extra)
        - Craft via Simple Tanning Rack Inferior Leather x122 -> Inferior Leather x1220 (1215 req/5 extra)
          - Gather Limestone x205
          - Gather Sapwood x205
        - External craft (skill_blacksmithing) via Basic Charcoal Kiln Lime x41 -> Lime x410 (405 req/5 extra)
        - External craft (skill_building) via Water Well Water x20 -> Water x400 (395 req/5 extra)
      - Craft via Tanning Rack Boiled Leather x81 -> Boiled Leather x405 (405 req/0 extra)
        - Gather Limestone x65
        - Gather Sapwood x65
      - External craft (skill_blacksmithing) via Basic Charcoal Kiln Lime x13 -> Lime x130 (130 req/0 extra)
      - External craft (skill_building) via Water Well Water x7 -> Water x140 (130 req/10 extra)
    - Craft via Tanning Rack Fine Leather x27 -> Fine Leather x270 (270 req/0 extra)
  - Craft via Leatherworking Table Medium Top Grain Leather x270 -> Medium Top Grain Leather x270 (270 req/0 extra)
  - Gather Boar Sinew x270
- Craft Leather String x270 (final)"
skill_leatherworking,28,29,,3,recipe_wearable_leather_hands_pilgrim_0_t4_common,Pilgrim's Gloves IV,,99,2022.6,200237.6,507.21,Suet-396; Rough Animal Hide-2250; Cotton Fiber-2000; Flax Seeds-990; Limestone-1065; Sapwood-1065,"Pilgrim's Gloves IV x99 (final)
          - Gather Rough Animal Hide x2250
            - Gather Limestone x565
            - Gather Sapwood x565
          - External craft (skill_blacksmithing) via Basic Charcoal Kiln Lime x113 -> Lime x1130 (1125 req/5 extra)
          - External craft (skill_building) via Water Well Water x57 -> Water x1140 (1125 req/15 extra)
        - Craft via Simple Tanning Rack Inferior Leather x225 -> Inferior Leather x2250 (2250 req/0 extra)
          - Gather Limestone x375
          - Gather Sapwood x375
        - External craft (skill_blacksmithing) via Basic Charcoal Kiln Lime x75 -> Lime x750 (745 req/5 extra)
        - External craft (skill_building) via Water Well Water x37 -> Water x740 (735 req/5 extra)
      - Craft via Tanning Rack Boiled Leather x150 -> Boiled Leather x750 (750 req/0 extra)
        - Gather Limestone x125
        - Gather Sapwood x125
      - External craft (skill_blacksmithing) via Basic Charcoal Kiln Lime x25 -> Lime x250 (245 req/5 extra)
      - External craft (skill_building) via Water Well Water x13 -> Water x260 (245 req/15 extra)
    - Craft via Tanning Rack Fine Leather x50 -> Fine Leather x500 (495 req/5 extra)
  - Craft via Leatherworking Table Medium Top Grain Leather x495 -> Medium Top Grain Leather x495 (495 req/0 extra)
    - Gather Cotton Fiber x2000
  - External craft (skill_tailoring) via Spinning Wheel Cotton Cord x50 -> Cotton Cord x500 (495 req/5 extra)
    - Gather Flax Seeds x990
      - Gather Suet x396
    - External craft (skill_cooking) via Basic Cooking Hearth Tallow x198 -> Tallow x990 (990 req/0 extra)
  - Craft via Leatherworking Table Linseed Oil x99 -> Linseed Oil x99 (99 req/0 extra)
- Craft Pilgrim's Gloves IV x99 (final)"
skill_armor_smithing,20,21,,1,recipe_crafter_blacksmith_armor_workbench_2,Armorer Workbench,,126,533.9,67275.4,631.58,Heartwood-1770; Rough Animal Hide-260; Copper Ore-1260; Impure Iron Ore-5040; Tin Ore-1260; Limestone-65; Sapwood-31565,"Armorer Workbench x126 (final)
          - Gather Impure Iron Ore x3800
            - Gather Sapwood x15200
          - External craft (skill_building) via Basic Charcoal Kiln Charcoal x304 -> Charcoal x7600 (7600 req/0 extra)
        - External craft (skill_blacksmithing) via Basic Furnace Iron Ingot x95 -> Iron Ingot x1900 (1890 req/10 extra)
          - Gather Sapwood x5050
        - External craft (skill_building) via Basic Charcoal Kiln Charcoal x101 -> Charcoal x2525 (2520 req/5 extra)
      - External craft (skill_blacksmithing) via Basic Furnace Wrought Iron Ingot x63 -> Wrought Iron Ingot x1260 (1260 req/0 extra)
    - External craft (skill_blacksmithing) via Forge Wrought Iron Sheet x630 -> Wrought Iron Sheet x630 (630 req/0 extra)
        - Gather Rough Animal Hide x260
          - Gather Limestone x65
          - Gather Sapwood x65
        - External craft (skill_blacksmithing) via Basic Charcoal Kiln Lime x13 -> Lime x130 (130 req/0 extra)
        - External craft (skill_building) via Water Well Water x7 -> Water x140 (130 req/10 extra)
      - External craft (skill_leatherworking) via Simple Tanning Rack Inferior Leather x26 -> Inferior Leather x260 (252 req/8 extra)
    - External craft (skill_leatherworking) via Leatherworking Table Heavy Top Grain Leather x252 -> Heavy Top Grain Leather x252 (252 req/0 extra)
          - Gather Impure Iron Ore x1240
            - Gather Sapwood x4950
          - External craft (skill_building) via Basic Charcoal Kiln Charcoal x99 -> Charcoal x2475 (2475 req/0 extra)
        - External craft (skill_blacksmithing) via Basic Furnace Iron Ingot x31 -> Iron Ingot x620 (620 req/0 extra)
      - External craft (skill_blacksmithing) via Basic Forge Iron Bar x126 -> Iron Bar x252 (252 req/0 extra)
    - External craft (skill_blacksmithing) via Basic Forge Iron Nails x252 -> Iron Nails x12600 (12600 req/0 extra)
        - Gather Tin Ore x1260
        - Gather Copper Ore x1260
        - Gather Sapwood x6300
      - External craft (skill_blacksmithing) via Basic Furnace Bronze Ingot x63 -> Bronze Ingot x1260 (1260 req/0 extra)
    - External craft (skill_blacksmithing) via Basic Forge Bronze Sheet x630 -> Bronze Sheet x630 (630 req/0 extra)
  - Craft via Basic Armorer Workbench Armorer Tools x126 -> Armorer Tools x126 (126 req/0 extra)
    - Gather Heartwood x1010
  - External craft (skill_building) via Wood Chopping Block Fine Wood Beam x101 -> Fine Wood Beam x505 (504 req/1 extra)
    - Gather Heartwood x760
  - External craft (skill_building) via Wood Chopping Block Fine Wooden Plank x76 -> Fine Wooden Plank x760 (756 req/4 extra)
- Craft Armorer Workbench x126 (final)"
skill_armor_smithing,20,21,,2,recipe_wearable_metal_head_ironside_f_t2_rare,Ironside's Helm of Warcry II,,85,790.8,67219.1,1211.30,Rough Animal Hide-20; Copper Ore-80; Impure Iron Ore-3480; Tin Ore-80; Sapwood-14350; Worn Out Locket-1020; Charm of the Earthcall-85,"Ironside's Helm of Warcry II x85 (final)
  - Gather Worn Out Locket x1020
  - Gather Charm of the Earthcall x85
      - Gather Impure Iron Ore x3400
        - Gather Sapwood x13600
      - External craft (skill_building) via Basic Charcoal Kiln Charcoal x272 -> Charcoal x6800 (6800 req/0 extra)
    - External craft (skill_blacksmithing) via Basic Furnace Iron Ingot x85 -> Iron Ingot x1700 (1700 req/0 extra)
  - External craft (skill_blacksmithing) via Basic Forge Iron Sheet x850 -> Iron Sheet x850 (850 req/0 extra)
        - Gather Rough Animal Hide x20
      - External craft (skill_leatherworking) via Simple Tanning Rack Rawhide x2 -> Rawhide x20 (17 req/3 extra)
    - External craft (skill_leatherworking) via Simple Leatherworking Table Nubuck Leather x17 -> Nubuck Leather x17 (17 req/0 extra)
  - External craft (skill_leatherworking) via Simple Leatherworking Table Coarse Leather Band x17 -> Coarse Leather Band x340 (340 req/0 extra)
        - Gather Tin Ore x80
        - Gather Copper Ore x80
        - Gather Sapwood x400
      - External craft (skill_blacksmithing) via Basic Furnace Bronze Ingot x4 -> Bronze Ingot x80 (70 req/10 extra)
    - External craft (skill_blacksmithing) via Basic Forge Bronze Sheet x35 -> Bronze Sheet x35 (35 req/0 extra)
  - External craft (skill_blacksmithing) via Basic Forge Bronze Buckle x7 -> Bronze Buckle x175 (170 req/5 extra)
        - Gather Impure Iron Ore x80
          - Gather Sapwood x350
        - External craft (skill_building) via Basic Charcoal Kiln Charcoal x7 -> Charcoal x175 (160 req/15 extra)
      - External craft (skill_blacksmithing) via Basic Furnace Iron Ingot x2 -> Iron Ingot x40 (25 req/15 extra)
    - External craft (skill_blacksmithing) via Basic Forge Iron Bar x5 -> Iron Bar x10 (9 req/1 extra)
  - External craft (skill_blacksmithing) via Basic Forge Iron Studs x9 -> Iron Studs x1800 (1700 req/100 extra)
- Craft Ironside's Helm of Warcry II x85 (final)"
skill_armor_smithing,20,21,,3,recipe_wearable_metal_feet_warrior_ss_t2_rare,Warrior's Sabatons of Swift March II,,90,748.4,67356.9,1322.91,Rough Animal Hide-10; Copper Ore-80; Impure Iron Ore-3680; Tin Ore-80; Cobra Lily-900; Sapwood-15150; Furry Collarstone-1080; Icon of the Choir-90,"Warrior's Sabatons of Swift March II x90 (final)
  - Gather Furry Collarstone x1080
  - Gather Icon of the Choir x90
  - Gather Cobra Lily x900
      - Gather Impure Iron Ore x3600
        - Gather Sapwood x14400
      - External craft (skill_building) via Basic Charcoal Kiln Charcoal x288 -> Charcoal x7200 (7200 req/0 extra)
    - External craft (skill_blacksmithing) via Basic Furnace Iron Ingot x90 -> Iron Ingot x1800 (1800 req/0 extra)
  - External craft (skill_blacksmithing) via Basic Forge Iron Sheet x900 -> Iron Sheet x900 (900 req/0 extra)
        - Gather Rough Animal Hide x10
      - External craft (skill_leatherworking) via Simple Tanning Rack Rawhide x1 -> Rawhide x10 (9 req/1 extra)
    - External craft (skill_leatherworking) via Simple Leatherworking Table Nubuck Leather x9 -> Nubuck Leather x9 (9 req/0 extra)
  - External craft (skill_leatherworking) via Simple Leatherworking Table Coarse Leather Band x9 -> Coarse Leather Band x180 (180 req/0 extra)
        - Gather Tin Ore x80
        - Gather Copper Ore x80
        - Gather Sapwood x400
      - External craft (skill_blacksmithing) via Basic Furnace Bronze Ingot x4 -> Bronze Ingot x80 (80 req/0 extra)
    - External craft (skill_blacksmithing) via Basic Forge Bronze Sheet x40 -> Bronze Sheet x40 (40 req/0 extra)
  - External craft (skill_blacksmithing) via Basic Forge Bronze Buckle x8 -> Bronze Buckle x200 (180 req/20 extra)
        - Gather Impure Iron Ore x80
          - Gather Sapwood x350
        - External craft (skill_building) via Basic Charcoal Kiln Charcoal x7 -> Charcoal x175 (160 req/15 extra)
      - External craft (skill_blacksmithing) via Basic Furnace Iron Ingot x2 -> Iron Ingot x40 (25 req/15 extra)
    - External craft (skill_blacksmithing) via Basic Forge Iron Bar x5 -> Iron Bar x10 (9 req/1 extra)
  - External craft (skill_blacksmithing) via Basic Forge Iron Studs x9 -> Iron Studs x1800 (1800 req/0 extra)
- Craft Warrior's Sabatons of Swift March II x90 (final)"
skill_cooking,22,23,,1,recipe_activatable_drink_sirup_hpregen_20,Strawberry Syrup,,337,272.7,91914.6,532.18,Strawberry-1685,"Strawberry Syrup x337 (final)
  - External craft (skill_building) via Water Well Water x85 -> Water x1700 (1685 req/15 extra)
  - Gather Strawberry x1685
- Craft Strawberry Syrup x337 (final)"
skill_cooking,22,23,,2,recipe_activatable_drink_herbal_tea_maxhp_4,Fennel Tea,,278,331.3,92110.6,670.96,Pasque Flower-1390; Fennel-1390,"Fennel Tea x278 (final)
  - External craft (skill_building) via Water Well Water x70 -> Water x1400 (1390 req/10 extra)
  - Gather Fennel x1390
  - Gather Pasque Flower x1390
- Craft Fennel Tea x278 (final)"
skill_cooking,22,23,,3,recipe_activatable_drink_sirup_hpregen_33,Red Currant Syrup,,332,277.2,92033.7,690.28,Red Currant-1660,"Red Currant Syrup x332 (final)
  - External craft (skill_building) via Water Well Water x83 -> Water x1660 (1660 req/0 extra)
  - Gather Red Currant x1660
- Craft Red Currant Syrup x332 (final)"
skill_jewelerycrafting,21,22,,1,recipe_wearable_jewellery_bracelet_common_7,Shiny Silver Bracelet,,3268,24.0,78432.0,1307.20,Impure Iron Ore-9840; Sapwood-52500,"Shiny Silver Bracelet x3268 (final)
      - Gather Impure Iron Ore x9840
        - Gather Sapwood x39400
      - External craft (skill_building) via Basic Charcoal Kiln Charcoal x788 -> Charcoal x19700 (19680 req/20 extra)
    - External craft (skill_blacksmithing) via Basic Furnace Iron Ingot x246 -> Iron Ingot x4920 (4920 req/0 extra)
      - Gather Sapwood x13100
    - External craft (skill_building) via Basic Charcoal Kiln Charcoal x262 -> Charcoal x6550 (6540 req/10 extra)
  - External craft (skill_blacksmithing) via Basic Furnace Wrought Iron Ingot x164 -> Wrought Iron Ingot x3280 (3268 req/12 extra)
- Craft Shiny Silver Bracelet x3268 (final)"
skill_jewelerycrafting,21,22,,2,recipe_crafter_jewelcrafting_workbench_2,Jeweler Table,,1090,72.0,78480.0,5463.63,Amber-1090; Heartwood-15260; Rough Animal Hide-1090; Copper Ore-32700; Tin Ore-32700; Limestone-275; Sapwood-163775,"Jeweler Table x1090 (final)
    - Gather Amber x1090
        - Gather Rough Animal Hide x1090
          - Gather Limestone x275
          - Gather Sapwood x275
        - External craft (skill_blacksmithing) via Basic Charcoal Kiln Lime x55 -> Lime x550 (545 req/5 extra)
        - External craft (skill_building) via Water Well Water x28 -> Water x560 (545 req/15 extra)
      - External craft (skill_leatherworking) via Simple Tanning Rack Inferior Leather x109 -> Inferior Leather x1090 (1090 req/0 extra)
    - External craft (skill_leatherworking) via Leatherworking Table Heavy Top Grain Leather x1090 -> Heavy Top Grain Leather x1090 (1090 req/0 extra)
        - Gather Tin Ore x27260
        - Gather Copper Ore x27260
        - Gather Sapwood x136300
      - External craft (skill_blacksmithing) via Basic Furnace Bronze Ingot x1363 -> Bronze Ingot x27260 (27250 req/10 extra)
    - External craft (skill_blacksmithing) via Basic Forge Bronze Bar x5450 -> Bronze Bar x5450 (5450 req/0 extra)
      - Gather Tin Ore x5440
      - Gather Copper Ore x5440
      - Gather Sapwood x27200
    - External craft (skill_blacksmithing) via Basic Furnace Bronze Ingot x272 -> Bronze Ingot x5440 (5440 req/0 extra)
  - Craft via Basic Jeweler Table Jewelcrafting Tools x1090 -> Jewelcrafting Tools x1090 (1090 req/0 extra)
    - Gather Heartwood x8720
  - External craft (skill_building) via Wood Chopping Block Fine Wood Beam x872 -> Fine Wood Beam x4360 (4360 req/0 extra)
    - Gather Heartwood x6540
  - External craft (skill_building) via Wood Chopping Block Fine Wooden Plank x654 -> Fine Wooden Plank x6540 (6540 req/0 extra)
- Craft Jeweler Table x1090 (final)"
skill_jewelerycrafting,21,22,,3,recipe_wearable_jewellery_bracelet_poor_9,Small Silver Bracelet,,4901,16.0,78416.0,1960.40,Impure Iron Ore-14760; Sapwood-78750,"Small Silver Bracelet x4901 (final)
      - Gather Impure Iron Ore x14760
        - Gather Sapwood x59050
      - External craft (skill_building) via Basic Charcoal Kiln Charcoal x1181 -> Charcoal x29525 (29520 req/5 extra)
    - External craft (skill_blacksmithing) via Basic Furnace Iron Ingot x369 -> Iron Ingot x7380 (7380 req/0 extra)
      - Gather Sapwood x19700
    - External craft (skill_building) via Basic Charcoal Kiln Charcoal x394 -> Charcoal x9850 (9835 req/15 extra)
  - External craft (skill_blacksmithing) via Basic Furnace Wrought Iron Ingot x246 -> Wrought Iron Ingot x4920 (4901 req/19 extra)
- Craft Small Silver Bracelet x4901 (final)"
skill_winery_and_brewing,21,22,,1,recipe_activatable_drink_mead_staminaregen_24,Raspberry Mead,,282,279.7,78867.0,646.98,Raspberry-1410; Barley Grain-300; Rye Grain-300,"Raspberry Mead x282 (final)
  - External craft (skill_cooking) via Basic Beehive Honey x282 -> Honey x1410 (1410 req/0 extra)
      - Gather Barley Grain x300
    - Craft via Basic Fermenter Malt x15 -> Malt x300 (290 req/10 extra)
      - External craft (skill_building) via Water Well Water x15 -> Water x300 (300 req/0 extra)
        - Gather Rye Grain x300
      - External craft (skill_baking) via Millstone Rye Flour x15 -> Rye Flour x300 (300 req/0 extra)
    - External craft (skill_baking) via Basic Fermenter Yeast x15 -> Yeast x300 (290 req/10 extra)
    - External craft (skill_building) via Water Well Water x15 -> Water x300 (290 req/10 extra)
  - Craft via Basic Fermenter Cloudy Mead Base x29 -> Cloudy Mead Base x290 (282 req/8 extra)
  - Gather Raspberry x1410
- Craft Raspberry Mead x282 (final)"
skill_winery_and_brewing,21,22,,2,recipe_activatable_drink_mead_damagebuff_27,Strawberry Mead,,370,213.1,78841.8,840.21,Strawberry-1850; Barley Grain-380; Rye Grain-380,"Strawberry Mead x370 (final)
  - External craft (skill_cooking) via Basic Beehive Honey x370 -> Honey x1850 (1850 req/0 extra)
      - Gather Barley Grain x380
    - Craft via Basic Fermenter Malt x19 -> Malt x380 (370 req/10 extra)
      - External craft (skill_building) via Water Well Water x19 -> Water x380 (380 req/0 extra)
        - Gather Rye Grain x380
      - External craft (skill_baking) via Millstone Rye Flour x19 -> Rye Flour x380 (380 req/0 extra)
    - External craft (skill_baking) via Basic Fermenter Yeast x19 -> Yeast x380 (370 req/10 extra)
    - External craft (skill_building) via Water Well Water x19 -> Water x380 (370 req/10 extra)
  - Craft via Basic Fermenter Cloudy Mead Base x37 -> Cloudy Mead Base x370 (370 req/0 extra)
  - Gather Strawberry x1850
- Craft Strawberry Mead x370 (final)"
skill_winery_and_brewing,21,22,,3,recipe_crafter_wine_barrel_1,Wine Barrel,,232,340.6,79011.0,1223.80,Copper Ore-3260; Impure Iron Ore-240; Tin Ore-2320; Sand-92800; Sapwood-128610,"Wine Barrel x232 (final)
      - Gather Copper Ore x940
        - Gather Sapwood x2850
      - External craft (skill_building) via Basic Charcoal Kiln Charcoal x57 -> Charcoal x1425 (1410 req/15 extra)
    - External craft (skill_blacksmithing) via Basic Furnace Copper Ingot x47 -> Copper Ingot x470 (464 req/6 extra)
        - Gather Sand x92800
          - Gather Sapwood x111350
        - External craft (skill_building) via Basic Charcoal Kiln Charcoal x2227 -> Charcoal x55675 (55665 req/10 extra)
      - External craft (skill_building) via Furnace Glass x1856 -> Glass x18560 (18560 req/0 extra)
    - External craft (skill_blacksmithing) via Forge Vial x928 -> Vial x4640 (4640 req/0 extra)
        - Gather Tin Ore x2320
        - Gather Copper Ore x2320
        - Gather Sapwood x11600
      - External craft (skill_blacksmithing) via Basic Furnace Bronze Ingot x116 -> Bronze Ingot x2320 (2320 req/0 extra)
    - External craft (skill_blacksmithing) via Basic Forge Bronze Sheet x1160 -> Bronze Sheet x1160 (1160 req/0 extra)
  - Craft via Basic Cooking Workbench Barrel Pieces x232 -> Barrel Pieces x232 (232 req/0 extra)
    - Gather Sapwood x1860
  - External craft (skill_building) via Wood Chopping Block Plank x186 -> Plank x1860 (1856 req/4 extra)
        - Gather Impure Iron Ore x240
          - Gather Sapwood x950
        - External craft (skill_building) via Basic Charcoal Kiln Charcoal x19 -> Charcoal x475 (470 req/5 extra)
      - External craft (skill_blacksmithing) via Basic Furnace Iron Ingot x6 -> Iron Ingot x120 (120 req/0 extra)
    - External craft (skill_blacksmithing) via Basic Forge Iron Bar x24 -> Iron Bar x48 (47 req/1 extra)
  - External craft (skill_blacksmithing) via Basic Forge Iron Nails x47 -> Iron Nails x2350 (2320 req/30 extra)
- Craft Wine Barrel x232 (final)"
skill_alchemy,22,23,,1,recipe_crafter_alchemy_reagent_distillery_2,Reagent Distiller,,424,217.1,92042.2,4124.11,Impure Iron Ore-800; Sand-21200; Sapwood-31400,"Reagent Distiller x424 (final)
    - Gather Sapwood x1700
  - External craft (skill_building) via Wood Chopping Block Plank x170 -> Plank x1700 (1696 req/4 extra)
          - Gather Impure Iron Ore x800
            - Gather Sapwood x3200
          - External craft (skill_building) via Basic Charcoal Kiln Charcoal x64 -> Charcoal x1600 (1600 req/0 extra)
        - External craft (skill_blacksmithing) via Basic Furnace Iron Ingot x20 -> Iron Ingot x400 (390 req/10 extra)
          - Gather Sapwood x1050
        - External craft (skill_building) via Basic Charcoal Kiln Charcoal x21 -> Charcoal x525 (520 req/5 extra)
      - External craft (skill_blacksmithing) via Basic Furnace Wrought Iron Ingot x13 -> Wrought Iron Ingot x260 (255 req/5 extra)
    - External craft (skill_blacksmithing) via Basic Forge Wrought Iron Bar x51 -> Wrought Iron Bar x102 (102 req/0 extra)
  - External craft (skill_blacksmithing) via Forge Wrought Iron Nails x102 -> Wrought Iron Nails x5100 (5088 req/12 extra)
    - Gather Sand x21200
      - Gather Sapwood x25450
    - External craft (skill_building) via Basic Charcoal Kiln Charcoal x509 -> Charcoal x12725 (12715 req/10 extra)
  - External craft (skill_building) via Furnace Glass x424 -> Glass x4240 (4240 req/0 extra)
- Craft Reagent Distiller x424 (final)"
skill_alchemy,22,23,,2,recipe_crafter_alchemy_workbench_2,Alchemy Table,,1392,66.0,91872.0,6977.40,Nightshade Fruit-6960; Heartwood-19500; Rough Animal Hide-8360; Copper Ore-34800; Tin Ore-34800; Limestone-3485; Sand-139200; Sapwood-344535,"Alchemy Table x1392 (final)
      - Gather Sand x139200
        - Gather Sapwood x167050
      - External craft (skill_building) via Basic Charcoal Kiln Charcoal x3341 -> Charcoal x83525 (83520 req/5 extra)
    - External craft (skill_building) via Furnace Glass x2784 -> Glass x27840 (27840 req/0 extra)
        - Gather Rough Animal Hide x8360
          - Gather Limestone x2090
          - Gather Sapwood x2090
        - External craft (skill_blacksmithing) via Basic Charcoal Kiln Lime x418 -> Lime x4180 (4180 req/0 extra)
        - External craft (skill_building) via Water Well Water x209 -> Water x4180 (4180 req/0 extra)
      - External craft (skill_leatherworking) via Simple Tanning Rack Inferior Leather x836 -> Inferior Leather x8360 (8355 req/5 extra)
        - Gather Limestone x1395
        - Gather Sapwood x1395
      - External craft (skill_blacksmithing) via Basic Charcoal Kiln Lime x279 -> Lime x2790 (2785 req/5 extra)
      - External craft (skill_building) via Water Well Water x140 -> Water x2800 (2785 req/15 extra)
    - External craft (skill_leatherworking) via Tanning Rack Boiled Leather x557 -> Boiled Leather x2785 (2784 req/1 extra)
        - Gather Tin Ore x34800
        - Gather Copper Ore x34800
        - Gather Sapwood x174000
      - External craft (skill_blacksmithing) via Basic Furnace Bronze Ingot x1740 -> Bronze Ingot x34800 (34800 req/0 extra)
    - External craft (skill_blacksmithing) via Basic Forge Bronze Bar x6960 -> Bronze Bar x6960 (6960 req/0 extra)
    - Gather Nightshade Fruit x6960
  - Craft via Basic Alchemy Table Alchemy Instruments x1392 -> Alchemy Instruments x1392 (1392 req/0 extra)
    - Gather Heartwood x11140
  - External craft (skill_building) via Wood Chopping Block Fine Wood Beam x1114 -> Fine Wood Beam x5570 (5568 req/2 extra)
    - Gather Heartwood x8360
  - External craft (skill_building) via Wood Chopping Block Fine Wooden Plank x836 -> Fine Wooden Plank x8360 (8352 req/8 extra)
- Craft Alchemy Table x1392 (final)"
skill_alchemy,22,23,,3,recipe_activatable_potion_potion_of_protection_very_small_32,Aegis Potion V,,3675,25.0,91875.0,14285.03,Castor Plant-3675; Sand-220520; Sapwood-223500,"Aegis Potion V x3675 (final)
    - Gather Castor Plant x3675
      - Gather Sapwood x2950
    - External craft (skill_building) via Basic Charcoal Kiln Charcoal x59 -> Charcoal x1475 (1470 req/5 extra)
    - External craft (skill_building) via Water Well Water x184 -> Water x3680 (3675 req/5 extra)
  - Craft via Basic Reagent Distiller Castor Extract x735 -> Castor Extract x7350 (7350 req/0 extra)
  - External craft (skill_building) via Water Well Water x1470 -> Water x29400 (29395 req/5 extra)
      - Gather Sand x220520
        - Gather Sapwood x220550
      - External craft (skill_building) via Basic Charcoal Kiln Charcoal x4411 -> Charcoal x110275 (110255 req/20 extra)
    - External craft (skill_building) via Basic Furnace Rough Glass x5513 -> Rough Glass x55130 (55125 req/5 extra)
  - External craft (skill_blacksmithing) via Basic Forge Small Vial x3675 -> Small Vial x18375 (18375 req/0 extra)
- Craft Aegis Potion V x3675 (final)"
skill_baking,24,25,,1,recipe_activatable_foodcooked_bread_hpregen_20,Barley and Rye Bread,,11700,11.0,128700.0,11768.25,Suet-9360; Barley Grain-4680; Rye Grain-25740,"Barley and Rye Bread x11700 (final)
      - Gather Barley Grain x4680
    - Craft via Millstone Barley Flour x234 -> Barley Flour x4680 (4680 req/0 extra)
      - External craft (skill_building) via Water Well Water x117 -> Water x2340 (2340 req/0 extra)
        - Gather Rye Grain x2340
      - Craft via Millstone Rye Flour x117 -> Rye Flour x2340 (2340 req/0 extra)
    - Craft via Basic Fermenter Yeast x117 -> Yeast x2340 (2340 req/0 extra)
    - External craft (skill_building) via Water Well Water x585 -> Water x11700 (11700 req/0 extra)
  - Craft via Basic Cooking Workbench Barley Dough x2340 -> Barley Dough x11700 (11700 req/0 extra)
  - Gather Rye Grain x23400
    - Gather Suet x9360
  - External craft (skill_cooking) via Basic Cooking Hearth Tallow x4680 -> Tallow x23400 (23400 req/0 extra)
- Craft Barley and Rye Bread x11700 (final)"
skill_baking,24,25,,2,recipe_activatable_foodcooked_pastry_staminaregen_22,Trail Pie,,8580,15.0,128700.0,42185.00,Animal Fat-34320; Barley Grain-34320; Rye Grain-17160,"Trail Pie x8580 (final)
      - Gather Barley Grain x34320
    - Craft via Millstone Barley Flour x1716 -> Barley Flour x34320 (34320 req/0 extra)
      - External craft (skill_building) via Water Well Water x858 -> Water x17160 (17160 req/0 extra)
        - Gather Rye Grain x17160
      - Craft via Millstone Rye Flour x858 -> Rye Flour x17160 (17160 req/0 extra)
    - Craft via Basic Fermenter Yeast x858 -> Yeast x17160 (17160 req/0 extra)
    - External craft (skill_building) via Water Well Water x4290 -> Water x85800 (85800 req/0 extra)
  - Craft via Basic Cooking Workbench Barley Dough x17160 -> Barley Dough x85800 (85800 req/0 extra)
    - Gather Animal Fat x34320
  - External craft (skill_cooking) via Basic Cooking Hearth Lard x17160 -> Lard x85800 (85800 req/0 extra)
- Craft Trail Pie x8580 (final)"
skill_weapon_smithing,24,25,,1,recipe_wieldable_mace_2h_0_t2_rare,Warded Iron Greatmaul,,149,865.3,128933.5,1231.45,Rough Animal Hide-80; Copper Ore-200; Impure Iron Ore-8360; Tin Ore-200; Sapwood-34450; Furry Collarstone-1788; Charm of the Path-149,"Warded Iron Greatmaul x149 (final)
  - Gather Furry Collarstone x1788
  - Gather Charm of the Path x149
        - Gather Impure Iron Ore x600
          - Gather Sapwood x2400
        - External craft (skill_building) via Basic Charcoal Kiln Charcoal x48 -> Charcoal x1200 (1200 req/0 extra)
      - External craft (skill_blacksmithing) via Basic Furnace Iron Ingot x15 -> Iron Ingot x300 (298 req/2 extra)
    - External craft (skill_blacksmithing) via Basic Forge Iron Sheet x149 -> Iron Sheet x149 (149 req/0 extra)
          - Gather Rough Animal Hide x40
        - External craft (skill_leatherworking) via Simple Tanning Rack Rawhide x4 -> Rawhide x40 (38 req/2 extra)
      - External craft (skill_leatherworking) via Simple Leatherworking Table Nubuck Leather x38 -> Nubuck Leather x38 (38 req/0 extra)
    - External craft (skill_leatherworking) via Simple Leatherworking Table Coarse Leather Band x38 -> Coarse Leather Band x760 (745 req/15 extra)
          - Gather Tin Ore x40
          - Gather Copper Ore x40
          - Gather Sapwood x200
        - External craft (skill_blacksmithing) via Basic Furnace Bronze Ingot x2 -> Bronze Ingot x40 (40 req/0 extra)
      - External craft (skill_blacksmithing) via Basic Forge Bronze Bar x8 -> Bronze Bar x8 (8 req/0 extra)
    - External craft (skill_blacksmithing) via Basic Forge Bronze Studs x8 -> Bronze Studs x1600 (1490 req/110 extra)
  - External craft (skill_blacksmithing) via Basic Forge Mace Grip x149 -> Mace Grip x149 (149 req/0 extra)
    - Gather Impure Iron Ore x320
      - Gather Sapwood x1300
    - External craft (skill_building) via Basic Charcoal Kiln Charcoal x26 -> Charcoal x650 (640 req/10 extra)
  - External craft (skill_blacksmithing) via Basic Furnace Iron Ingot x8 -> Iron Ingot x160 (147 req/13 extra)
        - Gather Impure Iron Ore x7440
          - Gather Sapwood x29750
        - External craft (skill_building) via Basic Charcoal Kiln Charcoal x595 -> Charcoal x14875 (14870 req/5 extra)
      - External craft (skill_blacksmithing) via Basic Furnace Iron Ingot x186 -> Iron Ingot x3720 (3712 req/8 extra)
    - External craft (skill_blacksmithing) via Basic Forge Iron Bar x745 -> Iron Bar x1490 (1490 req/0 extra)
  - External craft (skill_blacksmithing) via Basic Forge Iron Spike x298 -> Iron Spike x298 (298 req/0 extra)
        - Gather Rough Animal Hide x40
      - External craft (skill_leatherworking) via Simple Tanning Rack Rawhide x4 -> Rawhide x40 (35 req/5 extra)
    - External craft (skill_leatherworking) via Simple Leatherworking Table Nubuck Leather x37 -> Nubuck Leather x37 (37 req/0 extra)
  - External craft (skill_leatherworking) via Simple Leatherworking Table Coarse Leather Band x37 -> Coarse Leather Band x740 (730 req/10 extra)
        - Gather Tin Ore x160
        - Gather Copper Ore x160
        - Gather Sapwood x800
      - External craft (skill_blacksmithing) via Basic Furnace Bronze Ingot x8 -> Bronze Ingot x160 (150 req/10 extra)
    - External craft (skill_blacksmithing) via Basic Forge Bronze Bar x30 -> Bronze Bar x30 (30 req/0 extra)
  - External craft (skill_blacksmithing) via Basic Forge Bronze Nails x30 -> Bronze Nails x1500 (1490 req/10 extra)
- Craft Warded Iron Greatmaul x149 (final)"
skill_weapon_smithing,24,25,,2,recipe_wieldable_axe_2h_0_t2_rare,Warded Iron Battleaxe,,141,915.9,129141.0,1728.28,Rough Animal Hide-80; Copper Ore-440; Impure Iron Ore-6800; Tin Ore-440; Sapwood-29685; Orb of the Twilight-141; Yellow Runic Leash-1692,"Warded Iron Battleaxe x141 (final)
  - Gather Yellow Runic Leash x1692
  - Gather Orb of the Twilight x141
      - Gather Sapwood x285
    - External craft (skill_building) via Wood Chopping Block Long Wood Stock x57 -> Long Wood Stock x285 (282 req/3 extra)
          - Gather Rough Animal Hide x40
        - External craft (skill_leatherworking) via Simple Tanning Rack Rawhide x4 -> Rawhide x40 (36 req/4 extra)
      - External craft (skill_leatherworking) via Simple Leatherworking Table Nubuck Leather x36 -> Nubuck Leather x36 (36 req/0 extra)
    - External craft (skill_leatherworking) via Simple Leatherworking Table Coarse Leather Band x36 -> Coarse Leather Band x720 (705 req/15 extra)
          - Gather Tin Ore x160
          - Gather Copper Ore x160
          - Gather Sapwood x800
        - External craft (skill_blacksmithing) via Basic Furnace Bronze Ingot x8 -> Bronze Ingot x160 (145 req/15 extra)
      - External craft (skill_blacksmithing) via Basic Forge Bronze Bar x29 -> Bronze Bar x29 (29 req/0 extra)
    - External craft (skill_blacksmithing) via Basic Forge Bronze Nails x29 -> Bronze Nails x1450 (1410 req/40 extra)
  - External craft (skill_blacksmithing) via Basic Forge Axe Handle x141 -> Axe Handle x141 (141 req/0 extra)
        - Gather Impure Iron Ore x5640
          - Gather Sapwood x22600
        - External craft (skill_building) via Basic Charcoal Kiln Charcoal x452 -> Charcoal x11300 (11280 req/20 extra)
      - External craft (skill_blacksmithing) via Basic Furnace Iron Ingot x141 -> Iron Ingot x2820 (2820 req/0 extra)
    - External craft (skill_blacksmithing) via Basic Forge Iron Sheet x1410 -> Iron Sheet x1410 (1410 req/0 extra)
      - Gather Impure Iron Ore x1160
        - Gather Sapwood x4600
      - External craft (skill_building) via Basic Charcoal Kiln Charcoal x92 -> Charcoal x2300 (2300 req/0 extra)
    - External craft (skill_blacksmithing) via Basic Furnace Iron Ingot x29 -> Iron Ingot x580 (564 req/16 extra)
  - External craft (skill_blacksmithing) via Basic Forge Iron Axe Head x282 -> Iron Axe Head x282 (282 req/0 extra)
        - Gather Tin Ore x280
        - Gather Copper Ore x280
        - Gather Sapwood x1400
      - External craft (skill_blacksmithing) via Basic Furnace Bronze Ingot x14 -> Bronze Ingot x280 (265 req/15 extra)
    - External craft (skill_blacksmithing) via Basic Forge Bronze Bar x56 -> Bronze Bar x56 (56 req/0 extra)
  - External craft (skill_blacksmithing) via Basic Forge Bronze Nails x56 -> Bronze Nails x2800 (2780 req/20 extra)
        - Gather Rough Animal Hide x40
      - External craft (skill_leatherworking) via Simple Tanning Rack Rawhide x4 -> Rawhide x40 (31 req/9 extra)
    - External craft (skill_leatherworking) via Simple Leatherworking Table Nubuck Leather x35 -> Nubuck Leather x35 (35 req/0 extra)
  - External craft (skill_leatherworking) via Simple Leatherworking Table Coarse Leather Band x35 -> Coarse Leather Band x700 (690 req/10 extra)
- Craft Warded Iron Battleaxe x141 (final)"
skill_weapon_smithing,24,25,,3,recipe_crafter_blacksmith_weapon_workbench_2,Weaponsmith Workbench,,2376,54.0,128304.0,11909.70,Heartwood-33270; Rough Animal Hide-4760; Copper Ore-23760; Impure Iron Ore-95040; Tin Ore-23760; Limestone-1190; Sapwood-595190,"Weaponsmith Workbench x2376 (final)
          - Gather Impure Iron Ore x71280
            - Gather Sapwood x285150
          - External craft (skill_building) via Basic Charcoal Kiln Charcoal x5703 -> Charcoal x142575 (142560 req/15 extra)
        - External craft (skill_blacksmithing) via Basic Furnace Iron Ingot x1782 -> Iron Ingot x35640 (35640 req/0 extra)
          - Gather Sapwood x95050
        - External craft (skill_building) via Basic Charcoal Kiln Charcoal x1901 -> Charcoal x47525 (47505 req/20 extra)
      - External craft (skill_blacksmithing) via Basic Furnace Wrought Iron Ingot x1188 -> Wrought Iron Ingot x23760 (23760 req/0 extra)
    - External craft (skill_blacksmithing) via Forge Wrought Iron Sheet x11880 -> Wrought Iron Sheet x11880 (11880 req/0 extra)
        - Gather Rough Animal Hide x4760
          - Gather Limestone x1190
          - Gather Sapwood x1190
        - External craft (skill_blacksmithing) via Basic Charcoal Kiln Lime x238 -> Lime x2380 (2380 req/0 extra)
        - External craft (skill_building) via Water Well Water x119 -> Water x2380 (2380 req/0 extra)
      - External craft (skill_leatherworking) via Simple Tanning Rack Inferior Leather x476 -> Inferior Leather x4760 (4752 req/8 extra)
    - External craft (skill_leatherworking) via Leatherworking Table Heavy Top Grain Leather x4752 -> Heavy Top Grain Leather x4752 (4752 req/0 extra)
          - Gather Impure Iron Ore x23760
            - Gather Sapwood x95000
          - External craft (skill_building) via Basic Charcoal Kiln Charcoal x1900 -> Charcoal x47500 (47500 req/0 extra)
        - External craft (skill_blacksmithing) via Basic Furnace Iron Ingot x594 -> Iron Ingot x11880 (11880 req/0 extra)
      - External craft (skill_blacksmithing) via Basic Forge Iron Bar x2376 -> Iron Bar x4752 (4752 req/0 extra)
    - External craft (skill_blacksmithing) via Basic Forge Iron Nails x4752 -> Iron Nails x237600 (237600 req/0 extra)
        - Gather Tin Ore x23760
        - Gather Copper Ore x23760
        - Gather Sapwood x118800
      - External craft (skill_blacksmithing) via Basic Furnace Bronze Ingot x1188 -> Bronze Ingot x23760 (23760 req/0 extra)
    - External craft (skill_blacksmithing) via Basic Forge Bronze Sheet x11880 -> Bronze Sheet x11880 (11880 req/0 extra)
  - Craft via Basic Weaponsmith Workbench Weaponsmithing Tools x2376 -> Weaponsmithing Tools x2376 (2376 req/0 extra)
    - Gather Heartwood x19010
  - External craft (skill_building) via Wood Chopping Block Fine Wood Beam x1901 -> Fine Wood Beam x9505 (9504 req/1 extra)
    - Gather Heartwood x14260
  - External craft (skill_building) via Wood Chopping Block Fine Wooden Plank x1426 -> Fine Wooden Plank x14260 (14256 req/4 extra)
- Craft Weaponsmith Workbench x2376 (final)"
skill_fletching,25,26,,1,recipe_crafter_fletching_workbench_2,Fletching Table,,3138,48.0,150624.0,15729.23,Suet-62760; Heartwood-43940; Rough Animal Hide-6280; Impure Iron Ore-34520; Flax Seeds-156900; Limestone-1570; Sapwood-139670,"Fletching Table x3138 (final)
        - Gather Rough Animal Hide x6280
          - Gather Limestone x1570
          - Gather Sapwood x1570
        - External craft (skill_blacksmithing) via Basic Charcoal Kiln Lime x314 -> Lime x3140 (3140 req/0 extra)
        - External craft (skill_building) via Water Well Water x157 -> Water x3140 (3140 req/0 extra)
      - External craft (skill_leatherworking) via Simple Tanning Rack Inferior Leather x628 -> Inferior Leather x6280 (6276 req/4 extra)
    - External craft (skill_leatherworking) via Leatherworking Table Heavy Top Grain Leather x6276 -> Heavy Top Grain Leather x6276 (6276 req/0 extra)
          - Gather Impure Iron Ore x31400
            - Gather Sapwood x125600
          - External craft (skill_building) via Basic Charcoal Kiln Charcoal x2512 -> Charcoal x62800 (62800 req/0 extra)
        - External craft (skill_blacksmithing) via Basic Furnace Iron Ingot x785 -> Iron Ingot x15700 (15690 req/10 extra)
      - External craft (skill_blacksmithing) via Basic Forge Iron Bar x3138 -> Iron Bar x6276 (6276 req/0 extra)
    - External craft (skill_blacksmithing) via Basic Forge Iron Knife Blade x3138 -> Iron Knife Blade x3138 (3138 req/0 extra)
          - Gather Impure Iron Ore x3120
            - Gather Sapwood x12500
          - External craft (skill_building) via Basic Charcoal Kiln Charcoal x250 -> Charcoal x6250 (6240 req/10 extra)
        - External craft (skill_blacksmithing) via Basic Furnace Iron Ingot x78 -> Iron Ingot x1560 (1560 req/0 extra)
      - External craft (skill_blacksmithing) via Basic Forge Iron Bar x314 -> Iron Bar x628 (628 req/0 extra)
    - External craft (skill_blacksmithing) via Basic Forge Iron Nails x628 -> Iron Nails x31400 (31380 req/20 extra)
      - Gather Flax Seeds x156900
        - Gather Suet x62760
      - External craft (skill_cooking) via Basic Cooking Hearth Tallow x31380 -> Tallow x156900 (156900 req/0 extra)
    - External craft (skill_leatherworking) via Leatherworking Table Linseed Oil x15690 -> Linseed Oil x15690 (15690 req/0 extra)
  - Craft via Basic Fletching Table Fletching Tools x3138 -> Fletching Tools x3138 (3138 req/0 extra)
    - Gather Heartwood x25110
  - External craft (skill_building) via Wood Chopping Block Fine Wood Beam x2511 -> Fine Wood Beam x12555 (12552 req/3 extra)
    - Gather Heartwood x18830
  - External craft (skill_building) via Wood Chopping Block Fine Wooden Plank x1883 -> Fine Wooden Plank x18830 (18828 req/2 extra)
- Craft Fletching Table x3138 (final)"
skill_fletching,25,26,,2,recipe_item_unlock_crafter_fletching_workbench_2,Fletching Tools,,6275,24.0,150600.0,38925.92,Suet-125500; Rough Animal Hide-12550; Impure Iron Ore-69040; Flax Seeds-313750; Limestone-3140; Sapwood-279340,"Fletching Tools x6275 (final)
      - Gather Rough Animal Hide x12550
        - Gather Limestone x3140
        - Gather Sapwood x3140
      - External craft (skill_blacksmithing) via Basic Charcoal Kiln Lime x628 -> Lime x6280 (6275 req/5 extra)
      - External craft (skill_building) via Water Well Water x314 -> Water x6280 (6275 req/5 extra)
    - External craft (skill_leatherworking) via Simple Tanning Rack Inferior Leather x1255 -> Inferior Leather x12550 (12550 req/0 extra)
  - External craft (skill_leatherworking) via Leatherworking Table Heavy Top Grain Leather x12550 -> Heavy Top Grain Leather x12550 (12550 req/0 extra)
        - Gather Impure Iron Ore x62760
          - Gather Sapwood x251050
        - External craft (skill_building) via Basic Charcoal Kiln Charcoal x5021 -> Charcoal x125525 (125520 req/5 extra)
      - External craft (skill_blacksmithing) via Basic Furnace Iron Ingot x1569 -> Iron Ingot x31380 (31375 req/5 extra)
    - External craft (skill_blacksmithing) via Basic Forge Iron Bar x6275 -> Iron Bar x12550 (12550 req/0 extra)
  - External craft (skill_blacksmithing) via Basic Forge Iron Knife Blade x6275 -> Iron Knife Blade x6275 (6275 req/0 extra)
        - Gather Impure Iron Ore x6280
          - Gather Sapwood x25150
        - External craft (skill_building) via Basic Charcoal Kiln Charcoal x503 -> Charcoal x12575 (12555 req/20 extra)
      - External craft (skill_blacksmithing) via Basic Furnace Iron Ingot x157 -> Iron Ingot x3140 (3135 req/5 extra)
    - External craft (skill_blacksmithing) via Basic Forge Iron Bar x628 -> Iron Bar x1256 (1255 req/1 extra)
  - External craft (skill_blacksmithing) via Basic Forge Iron Nails x1255 -> Iron Nails x62750 (62750 req/0 extra)
    - Gather Flax Seeds x313750
      - Gather Suet x125500
    - External craft (skill_cooking) via Basic Cooking Hearth Tallow x62750 -> Tallow x313750 (313750 req/0 extra)
  - External craft (skill_leatherworking) via Leatherworking Table Linseed Oil x31375 -> Linseed Oil x31375 (31375 req/0 extra)
- Craft Fletching Tools x6275 (final)"
skill_fletching,25,26,,3,recipe_wieldable_bow_2h_0_t2_rare,Warded Longbow,,9412,16.0,150592.0,62962.36,Boar Sinew-47060; Rough Animal Hide-4710; Sapwood-28240; Resin-65884; Token of the Whisper-9412; Furry Collarstone-112944,"Warded Longbow x9412 (final)
  - Gather Furry Collarstone x112944
  - Gather Token of the Whisper x9412
      - Gather Sapwood x28240
    - External craft (skill_building) via Wood Chopping Block Long Wood Stock x5648 -> Long Wood Stock x28240 (28236 req/4 extra)
    - Gather Resin x65884
    - External craft (skill_cooking) via Basic Beehive Beeswax x18824 -> Beeswax x94120 (94120 req/0 extra)
  - Craft via Basic Fletching Table Rough Bow Stave x9412 -> Rough Bow Stave x9412 (9412 req/0 extra)
  - Gather Boar Sinew x47060
        - Gather Rough Animal Hide x4710
      - External craft (skill_leatherworking) via Simple Tanning Rack Rawhide x471 -> Rawhide x4710 (4706 req/4 extra)
    - External craft (skill_leatherworking) via Simple Leatherworking Table Nubuck Leather x4706 -> Nubuck Leather x4706 (4706 req/0 extra)
  - External craft (skill_leatherworking) via Simple Leatherworking Table Coarse Leather Band x4706 -> Coarse Leather Band x94120 (94120 req/0 extra)
- Craft Warded Longbow x9412 (final)"
skill_charcuterie,26,27,,1,recipe_rough-cut_bear,Poorly Parted Bear,,4735,37.0,175195.0,603.71,Bear Carcass-4735,"Poorly Parted Bear x4735 (final)
  - Gather Bear Carcass x4735
- Craft Poorly Parted Bear x4735 (final)"
skill_charcuterie,26,27,,2,recipe_rough-cut_wolf,Poorly Parted Chamois,,10305,17.0,175185.0,1252.06,Chamois Carcass-10305,"Poorly Parted Chamois x10305 (final)
  - Gather Chamois Carcass x10305
- Craft Poorly Parted Chamois x10305 (final)"
skill_charcuterie,26,27,,3,recipe_basic_butchered_bear,Parted Bear,,10305,17.0,175185.0,1313.89,Bear Carcass-10305,"Parted Bear x10305 (final)
  - Gather Bear Carcass x10305
- Craft Parted Bear x10305 (final)"
skill_tailoring,27,28,,1,recipe_wearable_cloth_head_magus_cr_t3_rare,Magus' Hat of Fractured Time III,,161,1166.8,182663.6,4004.58,Antler-1288; Rough Animal Hide-20; Cotton Fiber-7800; Snapdragon-2415; Cracked Sigil-1932; Great Echo of Moon-161,"Magus' Hat of Fractured Time III x161 (final)
  - Gather Cracked Sigil x1932
  - Gather Great Echo of Moon x161
  - Gather Snapdragon x2415
    - Gather Antler x1288
  - Craft via Tailoring Table Horn Needles x1288 -> Horn Needles x6440 (6440 req/0 extra)
      - Gather Cotton Fiber x6520
    - Craft via Spinning Wheel Cotton Cord x163 -> Cotton Cord x1630 (1625 req/5 extra)
  - Craft via Simple Loom Coarse Cotton Cloth x65 -> Coarse Cotton Cloth x325 (322 req/3 extra)
    - Gather Cotton Fiber x1280
  - Craft via Spinning Wheel Cotton Cord x32 -> Cotton Cord x320 (317 req/3 extra)
        - Gather Rough Animal Hide x20
      - External craft (skill_leatherworking) via Simple Tanning Rack Rawhide x2 -> Rawhide x20 (17 req/3 extra)
    - External craft (skill_leatherworking) via Simple Leatherworking Table Nubuck Leather x17 -> Nubuck Leather x17 (17 req/0 extra)
  - External craft (skill_leatherworking) via Simple Leatherworking Table Coarse Leather Band x17 -> Coarse Leather Band x340 (322 req/18 extra)
- Craft Magus' Hat of Fractured Time III x161 (final)"
skill_tailoring,27,28,,2,recipe_wearable_cloth_legs_magus_am_t3_rare,Magus' Trousers of Dreambind III,,174,1081.3,185047.8,4405.47,Antler-1392; Rough Animal Hide-40; Copper Ore-140; Tin Ore-140; Cotton Fiber-14000; Mandrake-2610; Sapwood-700; Cracked Sigil-2088; Great Amulet of Veil-174,"Magus' Trousers of Dreambind III x174 (final)
  - Gather Cracked Sigil x2088
  - Gather Great Amulet of Veil x174
  - Gather Mandrake x2610
    - Gather Antler x1392
  - Craft via Tailoring Table Horn Needles x1392 -> Horn Needles x6960 (6960 req/0 extra)
      - Gather Cotton Fiber x14000
    - Craft via Spinning Wheel Cotton Cord x350 -> Cotton Cord x3500 (3500 req/0 extra)
  - Craft via Simple Loom Coarse Cotton Cloth x140 -> Coarse Cotton Cloth x700 (696 req/4 extra)
          - Gather Rough Animal Hide x40
        - External craft (skill_leatherworking) via Simple Tanning Rack Rawhide x4 -> Rawhide x40 (35 req/5 extra)
      - External craft (skill_leatherworking) via Simple Leatherworking Table Nubuck Leather x35 -> Nubuck Leather x35 (35 req/0 extra)
    - External craft (skill_leatherworking) via Simple Leatherworking Table Coarse Leather Band x35 -> Coarse Leather Band x700 (696 req/4 extra)
          - Gather Tin Ore x140
          - Gather Copper Ore x140
          - Gather Sapwood x700
        - External craft (skill_blacksmithing) via Basic Furnace Bronze Ingot x7 -> Bronze Ingot x140 (140 req/0 extra)
      - External craft (skill_blacksmithing) via Basic Forge Bronze Sheet x70 -> Bronze Sheet x70 (70 req/0 extra)
    - External craft (skill_blacksmithing) via Basic Forge Bronze Buckle x14 -> Bronze Buckle x350 (348 req/2 extra)
  - External craft (skill_leatherworking) via Simple Leatherworking Table Rough Leather Straps x348 -> Rough Leather Straps x348 (348 req/0 extra)
- Craft Magus' Trousers of Dreambind III x174 (final)"
skill_tailoring,27,28,,3,recipe_wearable_cloth_legs_magus_m_t3_rare,Magus' Trousers of Entrancement III,,174,1081.3,185047.8,4471.70,Antler-1392; Opal-2610; Rough Animal Hide-40; Copper Ore-140; Tin Ore-140; Cotton Fiber-14000; Sapwood-700; Cracked Sigil-2088; Great Amulet of Holy Wound-174,"Magus' Trousers of Entrancement III x174 (final)
  - Gather Cracked Sigil x2088
  - Gather Great Amulet of Holy Wound x174
  - Gather Opal x2610
    - Gather Antler x1392
  - Craft via Tailoring Table Horn Needles x1392 -> Horn Needles x6960 (6960 req/0 extra)
      - Gather Cotton Fiber x14000
    - Craft via Spinning Wheel Cotton Cord x350 -> Cotton Cord x3500 (3500 req/0 extra)
  - Craft via Simple Loom Coarse Cotton Cloth x140 -> Coarse Cotton Cloth x700 (696 req/4 extra)
          - Gather Rough Animal Hide x40
        - External craft (skill_leatherworking) via Simple Tanning Rack Rawhide x4 -> Rawhide x40 (35 req/5 extra)
      - External craft (skill_leatherworking) via Simple Leatherworking Table Nubuck Leather x35 -> Nubuck Leather x35 (35 req/0 extra)
    - External craft (skill_leatherworking) via Simple Leatherworking Table Coarse Leather Band x35 -> Coarse Leather Band x700 (696 req/4 extra)
          - Gather Tin Ore x140
          - Gather Copper Ore x140
          - Gather Sapwood x700
        - External craft (skill_blacksmithing) via Basic Furnace Bronze Ingot x7 -> Bronze Ingot x140 (140 req/0 extra)
      - External craft (skill_blacksmithing) via Basic Forge Bronze Sheet x70 -> Bronze Sheet x70 (70 req/0 extra)
    - External craft (skill_blacksmithing) via Basic Forge Bronze Buckle x14 -> Bronze Buckle x350 (348 req/2 extra)
  - External craft (skill_leatherworking) via Simple Leatherworking Table Rough Leather Straps x348 -> Rough Leather Straps x348 (348 req/0 extra)
- Craft Magus' Trousers of Entrancement III x174 (final)"
skill_leatherworking,29,30,,1,recipe_item_material_leather_bands,Leather Band,,289,732.8,211785.7,155.10,Rough Animal Hide-1310; Limestone-620; Sapwood-620,"Leather Band x289 (final)
          - Gather Rough Animal Hide x1310
            - Gather Limestone x330
            - Gather Sapwood x330
          - External craft (skill_blacksmithing) via Basic Charcoal Kiln Lime x66 -> Lime x660 (655 req/5 extra)
          - External craft (skill_building) via Water Well Water x33 -> Water x660 (655 req/5 extra)
        - Craft via Simple Tanning Rack Inferior Leather x131 -> Inferior Leather x1310 (1305 req/5 extra)
          - Gather Limestone x215
          - Gather Sapwood x215
        - External craft (skill_blacksmithing) via Basic Charcoal Kiln Lime x43 -> Lime x430 (430 req/0 extra)
        - External craft (skill_building) via Water Well Water x22 -> Water x440 (430 req/10 extra)
      - Craft via Tanning Rack Boiled Leather x87 -> Boiled Leather x435 (435 req/0 extra)
        - Gather Limestone x75
        - Gather Sapwood x75
      - External craft (skill_blacksmithing) via Basic Charcoal Kiln Lime x15 -> Lime x150 (145 req/5 extra)
      - External craft (skill_building) via Water Well Water x7 -> Water x140 (135 req/5 extra)
    - Craft via Tanning Rack Fine Leather x29 -> Fine Leather x290 (289 req/1 extra)
  - Craft via Leatherworking Table Medium Top Grain Leather x289 -> Medium Top Grain Leather x289 (289 req/0 extra)
- Craft Leather Band x289 (final)"
skill_leatherworking,29,30,,2,recipe_item_material_leather_string,Leather String,,298,710.4,211705.8,178.10,Boar Sinew-298; Rough Animal Hide-1350; Limestone-640; Sapwood-640,"Leather String x298 (final)
          - Gather Rough Animal Hide x1350
            - Gather Limestone x340
            - Gather Sapwood x340
          - External craft (skill_blacksmithing) via Basic Charcoal Kiln Lime x68 -> Lime x680 (675 req/5 extra)
          - External craft (skill_building) via Water Well Water x34 -> Water x680 (675 req/5 extra)
        - Craft via Simple Tanning Rack Inferior Leather x135 -> Inferior Leather x1350 (1350 req/0 extra)
          - Gather Limestone x225
          - Gather Sapwood x225
        - External craft (skill_blacksmithing) via Basic Charcoal Kiln Lime x45 -> Lime x450 (445 req/5 extra)
        - External craft (skill_building) via Water Well Water x23 -> Water x460 (445 req/15 extra)
      - Craft via Tanning Rack Boiled Leather x90 -> Boiled Leather x450 (450 req/0 extra)
        - Gather Limestone x75
        - Gather Sapwood x75
      - External craft (skill_blacksmithing) via Basic Charcoal Kiln Lime x15 -> Lime x150 (145 req/5 extra)
      - External craft (skill_building) via Water Well Water x7 -> Water x140 (135 req/5 extra)
    - Craft via Tanning Rack Fine Leather x30 -> Fine Leather x300 (298 req/2 extra)
  - Craft via Leatherworking Table Medium Top Grain Leather x298 -> Medium Top Grain Leather x298 (298 req/0 extra)
  - Gather Boar Sinew x298
- Craft Leather String x298 (final)"
skill_leatherworking,29,30,,3,recipe_wearable_leather_hands_pilgrim_0_t4_common,Pilgrim's Gloves IV,,109,1955.1,213101.2,558.44,Suet-436; Rough Animal Hide-2480; Cotton Fiber-2200; Flax Seeds-1090; Limestone-1170; Sapwood-1170,"Pilgrim's Gloves IV x109 (final)
          - Gather Rough Animal Hide x2480
            - Gather Limestone x620
            - Gather Sapwood x620
          - External craft (skill_blacksmithing) via Basic Charcoal Kiln Lime x124 -> Lime x1240 (1240 req/0 extra)
          - External craft (skill_building) via Water Well Water x62 -> Water x1240 (1240 req/0 extra)
        - Craft via Simple Tanning Rack Inferior Leather x248 -> Inferior Leather x2480 (2475 req/5 extra)
          - Gather Limestone x415
          - Gather Sapwood x415
        - External craft (skill_blacksmithing) via Basic Charcoal Kiln Lime x83 -> Lime x830 (825 req/5 extra)
        - External craft (skill_building) via Water Well Water x42 -> Water x840 (825 req/15 extra)
      - Craft via Tanning Rack Boiled Leather x165 -> Boiled Leather x825 (825 req/0 extra)
        - Gather Limestone x135
        - Gather Sapwood x135
      - External craft (skill_blacksmithing) via Basic Charcoal Kiln Lime x27 -> Lime x270 (270 req/0 extra)
      - External craft (skill_building) via Water Well Water x13 -> Water x260 (260 req/0 extra)
    - Craft via Tanning Rack Fine Leather x55 -> Fine Leather x550 (545 req/5 extra)
  - Craft via Leatherworking Table Medium Top Grain Leather x545 -> Medium Top Grain Leather x545 (545 req/0 extra)
    - Gather Cotton Fiber x2200
  - External craft (skill_tailoring) via Spinning Wheel Cotton Cord x55 -> Cotton Cord x550 (545 req/5 extra)
    - Gather Flax Seeds x1090
      - Gather Suet x436
    - External craft (skill_cooking) via Basic Cooking Hearth Tallow x218 -> Tallow x1090 (1090 req/0 extra)
  - Craft via Leatherworking Table Linseed Oil x109 -> Linseed Oil x109 (109 req/0 extra)
- Craft Pilgrim's Gloves IV x109 (final)"
skill_armor_smithing,21,22,,1,recipe_wearable_metal_head_ironside_f_t2_rare,Ironside's Helm of Warcry II,,105,748.4,78583.0,1496.32,Rough Animal Hide-30; Copper Ore-100; Impure Iron Ore-4280; Tin Ore-100; Sapwood-17650; Worn Out Locket-1260; Charm of the Earthcall-105,"Ironside's Helm of Warcry II x105 (final)
  - Gather Worn Out Locket x1260
  - Gather Charm of the Earthcall x105
      - Gather Impure Iron Ore x4200
        - Gather Sapwood x16800
      - External craft (skill_building) via Basic Charcoal Kiln Charcoal x336 -> Charcoal x8400 (8400 req/0 extra)
    - External craft (skill_blacksmithing) via Basic Furnace Iron Ingot x105 -> Iron Ingot x2100 (2100 req/0 extra)
  - External craft (skill_blacksmithing) via Basic Forge Iron Sheet x1050 -> Iron Sheet x1050 (1050 req/0 extra)
        - Gather Rough Animal Hide x30
      - External craft (skill_leatherworking) via Simple Tanning Rack Rawhide x3 -> Rawhide x30 (21 req/9 extra)
    - External craft (skill_leatherworking) via Simple Leatherworking Table Nubuck Leather x21 -> Nubuck Leather x21 (21 req/0 extra)
  - External craft (skill_leatherworking) via Simple Leatherworking Table Coarse Leather Band x21 -> Coarse Leather Band x420 (420 req/0 extra)
        - Gather Tin Ore x100
        - Gather Copper Ore x100
        - Gather Sapwood x500
      - External craft (skill_blacksmithing) via Basic Furnace Bronze Ingot x5 -> Bronze Ingot x100 (90 req/10 extra)
    - External craft (skill_blacksmithing) via Basic Forge Bronze Sheet x45 -> Bronze Sheet x45 (45 req/0 extra)
  - External craft (skill_blacksmithing) via Basic Forge Bronze Buckle x9 -> Bronze Buckle x225 (210 req/15 extra)
        - Gather Impure Iron Ore x80
          - Gather Sapwood x350
        - External craft (skill_building) via Basic Charcoal Kiln Charcoal x7 -> Charcoal x175 (160 req/15 extra)
      - External craft (skill_blacksmithing) via Basic Furnace Iron Ingot x2 -> Iron Ingot x40 (30 req/10 extra)
    - External craft (skill_blacksmithing) via Basic Forge Iron Bar x6 -> Iron Bar x12 (11 req/1 extra)
  - External craft (skill_blacksmithing) via Basic Forge Iron Studs x11 -> Iron Studs x2200 (2100 req/100 extra)
- Craft Ironside's Helm of Warcry II x105 (final)"
skill_armor_smithing,21,22,,2,recipe_wearable_metal_head_herald_di_t2_rare,Herald's Helm of the Immovable II,,101,784.0,79188.9,1654.32,Rough Animal Hide-30; Copper Ore-100; Impure Iron Ore-4120; Tin Ore-100; Hemlock Sap-1010; Sapwood-17000; Worn Out Locket-1212; Blessed Ligarius-101,"Herald's Helm of the Immovable II x101 (final)
  - Gather Worn Out Locket x1212
  - Gather Blessed Ligarius x101
  - Gather Hemlock Sap x1010
      - Gather Impure Iron Ore x4040
        - Gather Sapwood x16200
      - External craft (skill_building) via Basic Charcoal Kiln Charcoal x324 -> Charcoal x8100 (8080 req/20 extra)
    - External craft (skill_blacksmithing) via Basic Furnace Iron Ingot x101 -> Iron Ingot x2020 (2020 req/0 extra)
  - External craft (skill_blacksmithing) via Basic Forge Iron Sheet x1010 -> Iron Sheet x1010 (1010 req/0 extra)
        - Gather Rough Animal Hide x30
      - External craft (skill_leatherworking) via Simple Tanning Rack Rawhide x3 -> Rawhide x30 (21 req/9 extra)
    - External craft (skill_leatherworking) via Simple Leatherworking Table Nubuck Leather x21 -> Nubuck Leather x21 (21 req/0 extra)
  - External craft (skill_leatherworking) via Simple Leatherworking Table Coarse Leather Band x21 -> Coarse Leather Band x420 (404 req/16 extra)
        - Gather Tin Ore x100
        - Gather Copper Ore x100
        - Gather Sapwood x500
      - External craft (skill_blacksmithing) via Basic Furnace Bronze Ingot x5 -> Bronze Ingot x100 (90 req/10 extra)
    - External craft (skill_blacksmithing) via Basic Forge Bronze Sheet x45 -> Bronze Sheet x45 (45 req/0 extra)
  - External craft (skill_blacksmithing) via Basic Forge Bronze Buckle x9 -> Bronze Buckle x225 (202 req/23 extra)
        - Gather Impure Iron Ore x80
          - Gather Sapwood x300
        - External craft (skill_building) via Basic Charcoal Kiln Charcoal x6 -> Charcoal x150 (140 req/10 extra)
      - External craft (skill_blacksmithing) via Basic Furnace Iron Ingot x2 -> Iron Ingot x40 (30 req/10 extra)
    - External craft (skill_blacksmithing) via Basic Forge Iron Bar x6 -> Iron Bar x12 (11 req/1 extra)
  - External craft (skill_blacksmithing) via Basic Forge Iron Studs x11 -> Iron Studs x2200 (2020 req/180 extra)
- Craft Herald's Helm of the Immovable II x101 (final)"
skill_armor_smithing,21,22,,3,recipe_wearable_metal_head_warrior_qr_t2_rare,Warrior's Helm of Second Breath II,,101,784.0,79188.9,1781.59,Rough Animal Hide-30; Copper Ore-100; Impure Iron Ore-4120; Tin Ore-100; Daisy-505; Sapwood-17400; Furry Collarstone-1212; Veiled Doctrine-101,"Warrior's Helm of Second Breath II x101 (final)
  - Gather Furry Collarstone x1212
  - Gather Veiled Doctrine x101
    - Gather Daisy x505
      - Gather Sapwood x450
    - External craft (skill_building) via Basic Charcoal Kiln Charcoal x9 -> Charcoal x225 (202 req/23 extra)
    - External craft (skill_building) via Water Well Water x26 -> Water x520 (505 req/15 extra)
  - External craft (skill_alchemy) via Basic Reagent Distiller Daisy Extract x101 -> Daisy Extract x1010 (1010 req/0 extra)
      - Gather Impure Iron Ore x4040
        - Gather Sapwood x16150
      - External craft (skill_building) via Basic Charcoal Kiln Charcoal x323 -> Charcoal x8075 (8057 req/18 extra)
    - External craft (skill_blacksmithing) via Basic Furnace Iron Ingot x101 -> Iron Ingot x2020 (2020 req/0 extra)
  - External craft (skill_blacksmithing) via Basic Forge Iron Sheet x1010 -> Iron Sheet x1010 (1010 req/0 extra)
        - Gather Rough Animal Hide x30
      - External craft (skill_leatherworking) via Simple Tanning Rack Rawhide x3 -> Rawhide x30 (21 req/9 extra)
    - External craft (skill_leatherworking) via Simple Leatherworking Table Nubuck Leather x21 -> Nubuck Leather x21 (21 req/0 extra)
  - External craft (skill_leatherworking) via Simple Leatherworking Table Coarse Leather Band x21 -> Coarse Leather Band x420 (404 req/16 extra)
        - Gather Tin Ore x100
        - Gather Copper Ore x100
        - Gather Sapwood x500
      - External craft (skill_blacksmithing) via Basic Furnace Bronze Ingot x5 -> Bronze Ingot x100 (90 req/10 extra)
    - External craft (skill_blacksmithing) via Basic Forge Bronze Sheet x45 -> Bronze Sheet x45 (45 req/0 extra)
  - External craft (skill_blacksmithing) via Basic Forge Bronze Buckle x9 -> Bronze Buckle x225 (202 req/23 extra)
        - Gather Impure Iron Ore x80
          - Gather Sapwood x300
        - External craft (skill_building) via Basic Charcoal Kiln Charcoal x6 -> Charcoal x150 (142 req/8 extra)
      - External craft (skill_blacksmithing) via Basic Furnace Iron Ingot x2 -> Iron Ingot x40 (30 req/10 extra)
    - External craft (skill_blacksmithing) via Basic Forge Iron Bar x6 -> Iron Bar x12 (11 req/1 extra)
  - External craft (skill_blacksmithing) via Basic Forge Iron Studs x11 -> Iron Studs x2200 (2020 req/180 extra)
- Craft Warrior's Helm of Second Breath II x101 (final)"
skill_cooking,23,24,,1,recipe_activatable_drink_sirup_hpregen_33,Red Currant Syrup,,344,317.3,109164.2,715.23,Red Currant-1720,"Red Currant Syrup x344 (final)
  - External craft (skill_building) via Water Well Water x86 -> Water x1720 (1720 req/0 extra)
  - Gather Red Currant x1720
- Craft Red Currant Syrup x344 (final)"
skill_cooking,23,24,,2,recipe_activatable_drink_herbal_tea_maxhp_4,Fennel Tea,,321,340.6,109322.3,774.75,Pasque Flower-1605; Fennel-1605,"Fennel Tea x321 (final)
  - External craft (skill_building) via Water Well Water x81 -> Water x1620 (1605 req/15 extra)
  - Gather Fennel x1605
  - Gather Pasque Flower x1605
- Craft Fennel Tea x321 (final)"
skill_cooking,23,24,,3,recipe_activatable_drink_sirup_hpregen_44,Elderberry Syrup,,554,197.1,109208.9,994.31,Elderberry-2770,"Elderberry Syrup x554 (final)
  - External craft (skill_building) via Water Well Water x139 -> Water x2780 (2770 req/10 extra)
  - Gather Elderberry x2770
- Craft Elderberry Syrup x554 (final)"
skill_jewelerycrafting,22,23,,1,recipe_wearable_jewellery_bracelet_common_7,Shiny Silver Bracelet,,4380,21.0,91980.0,1752.00,Impure Iron Ore-13160; Sapwood-70200,"Shiny Silver Bracelet x4380 (final)
      - Gather Impure Iron Ore x13160
        - Gather Sapwood x52650
      - External craft (skill_building) via Basic Charcoal Kiln Charcoal x1053 -> Charcoal x26325 (26320 req/5 extra)
    - External craft (skill_blacksmithing) via Basic Furnace Iron Ingot x329 -> Iron Ingot x6580 (6570 req/10 extra)
      - Gather Sapwood x17550
    - External craft (skill_building) via Basic Charcoal Kiln Charcoal x351 -> Charcoal x8775 (8755 req/20 extra)
  - External craft (skill_blacksmithing) via Basic Furnace Wrought Iron Ingot x219 -> Wrought Iron Ingot x4380 (4380 req/0 extra)
- Craft Shiny Silver Bracelet x4380 (final)"
skill_jewelerycrafting,22,23,,2,recipe_crafter_jewelcrafting_workbench_2,Jeweler Table,,1394,66.0,92004.0,6987.43,Amber-1394; Heartwood-19530; Rough Animal Hide-1400; Copper Ore-41820; Tin Ore-41820; Limestone-350; Sapwood-209450,"Jeweler Table x1394 (final)
    - Gather Amber x1394
        - Gather Rough Animal Hide x1400
          - Gather Limestone x350
          - Gather Sapwood x350
        - External craft (skill_blacksmithing) via Basic Charcoal Kiln Lime x70 -> Lime x700 (700 req/0 extra)
        - External craft (skill_building) via Water Well Water x35 -> Water x700 (700 req/0 extra)
      - External craft (skill_leatherworking) via Simple Tanning Rack Inferior Leather x140 -> Inferior Leather x1400 (1394 req/6 extra)
    - External craft (skill_leatherworking) via Leatherworking Table Heavy Top Grain Leather x1394 -> Heavy Top Grain Leather x1394 (1394 req/0 extra)
        - Gather Tin Ore x34860
        - Gather Copper Ore x34860
        - Gather Sapwood x174300
      - External craft (skill_blacksmithing) via Basic Furnace Bronze Ingot x1743 -> Bronze Ingot x34860 (34850 req/10 extra)
    - External craft (skill_blacksmithing) via Basic Forge Bronze Bar x6970 -> Bronze Bar x6970 (6970 req/0 extra)
      - Gather Tin Ore x6960
      - Gather Copper Ore x6960
      - Gather Sapwood x34800
    - External craft (skill_blacksmithing) via Basic Furnace Bronze Ingot x348 -> Bronze Ingot x6960 (6960 req/0 extra)
  - Craft via Basic Jeweler Table Jewelcrafting Tools x1394 -> Jewelcrafting Tools x1394 (1394 req/0 extra)
    - Gather Heartwood x11160
  - External craft (skill_building) via Wood Chopping Block Fine Wood Beam x1116 -> Fine Wood Beam x5580 (5576 req/4 extra)
    - Gather Heartwood x8370
  - External craft (skill_building) via Wood Chopping Block Fine Wooden Plank x837 -> Fine Wooden Plank x8370 (8364 req/6 extra)
- Craft Jeweler Table x1394 (final)"
skill_jewelerycrafting,22,23,,3,recipe_wearable_jewellery_bracelet_poor_9,Small Silver Bracelet,,7076,13.0,91988.0,2830.40,Impure Iron Ore-21240; Sapwood-113300,"Small Silver Bracelet x7076 (final)
      - Gather Impure Iron Ore x21240
        - Gather Sapwood x85000
      - External craft (skill_building) via Basic Charcoal Kiln Charcoal x1700 -> Charcoal x42500 (42480 req/20 extra)
    - External craft (skill_blacksmithing) via Basic Furnace Iron Ingot x531 -> Iron Ingot x10620 (10620 req/0 extra)
      - Gather Sapwood x28300
    - External craft (skill_building) via Basic Charcoal Kiln Charcoal x566 -> Charcoal x14150 (14140 req/10 extra)
  - External craft (skill_blacksmithing) via Basic Furnace Wrought Iron Ingot x354 -> Wrought Iron Ingot x7080 (7076 req/4 extra)
- Craft Small Silver Bracelet x7076 (final)"
skill_winery_and_brewing,22,23,,1,recipe_activatable_drink_mead_staminaregen_24,Raspberry Mead,,334,275.1,91878.4,766.29,Raspberry-1670; Barley Grain-340; Rye Grain-340,"Raspberry Mead x334 (final)
  - External craft (skill_cooking) via Basic Beehive Honey x334 -> Honey x1670 (1670 req/0 extra)
      - Gather Barley Grain x340
    - Craft via Basic Fermenter Malt x17 -> Malt x340 (340 req/0 extra)
      - External craft (skill_building) via Water Well Water x17 -> Water x340 (340 req/0 extra)
        - Gather Rye Grain x340
      - External craft (skill_baking) via Millstone Rye Flour x17 -> Rye Flour x340 (340 req/0 extra)
    - External craft (skill_baking) via Basic Fermenter Yeast x17 -> Yeast x340 (340 req/0 extra)
    - External craft (skill_building) via Water Well Water x17 -> Water x340 (340 req/0 extra)
  - Craft via Basic Fermenter Cloudy Mead Base x34 -> Cloudy Mead Base x340 (334 req/6 extra)
  - Gather Raspberry x1670
- Craft Raspberry Mead x334 (final)"
skill_winery_and_brewing,22,23,,2,recipe_activatable_drink_mead_damagebuff_27,Strawberry Mead,,364,252.7,91967.1,826.58,Strawberry-1820; Barley Grain-380; Rye Grain-380,"Strawberry Mead x364 (final)
  - External craft (skill_cooking) via Basic Beehive Honey x364 -> Honey x1820 (1820 req/0 extra)
      - Gather Barley Grain x380
    - Craft via Basic Fermenter Malt x19 -> Malt x380 (370 req/10 extra)
      - External craft (skill_building) via Water Well Water x19 -> Water x380 (380 req/0 extra)
        - Gather Rye Grain x380
      - External craft (skill_baking) via Millstone Rye Flour x19 -> Rye Flour x380 (380 req/0 extra)
    - External craft (skill_baking) via Basic Fermenter Yeast x19 -> Yeast x380 (370 req/10 extra)
    - External craft (skill_building) via Water Well Water x19 -> Water x380 (370 req/10 extra)
  - Craft via Basic Fermenter Cloudy Mead Base x37 -> Cloudy Mead Base x370 (364 req/6 extra)
  - Gather Strawberry x1820
- Craft Strawberry Mead x364 (final)"
skill_winery_and_brewing,22,23,,3,recipe_crafter_wine_barrel_1,Wine Barrel,,237,387.8,91906.3,1250.18,Copper Ore-3340; Impure Iron Ore-240; Tin Ore-2380; Sand-94800; Sapwood-131400,"Wine Barrel x237 (final)
      - Gather Copper Ore x960
        - Gather Sapwood x2900
      - External craft (skill_building) via Basic Charcoal Kiln Charcoal x58 -> Charcoal x1450 (1440 req/10 extra)
    - External craft (skill_blacksmithing) via Basic Furnace Copper Ingot x48 -> Copper Ingot x480 (474 req/6 extra)
        - Gather Sand x94800
          - Gather Sapwood x113750
        - External craft (skill_building) via Basic Charcoal Kiln Charcoal x2275 -> Charcoal x56875 (56870 req/5 extra)
      - External craft (skill_building) via Furnace Glass x1896 -> Glass x18960 (18960 req/0 extra)
    - External craft (skill_blacksmithing) via Forge Vial x948 -> Vial x4740 (4740 req/0 extra)
        - Gather Tin Ore x2380
        - Gather Copper Ore x2380
        - Gather Sapwood x11900
      - External craft (skill_blacksmithing) via Basic Furnace Bronze Ingot x119 -> Bronze Ingot x2380 (2370 req/10 extra)
    - External craft (skill_blacksmithing) via Basic Forge Bronze Sheet x1185 -> Bronze Sheet x1185 (1185 req/0 extra)
  - Craft via Basic Cooking Workbench Barrel Pieces x237 -> Barrel Pieces x237 (237 req/0 extra)
    - Gather Sapwood x1900
  - External craft (skill_building) via Wood Chopping Block Plank x190 -> Plank x1900 (1896 req/4 extra)
        - Gather Impure Iron Ore x240
          - Gather Sapwood x950
        - External craft (skill_building) via Basic Charcoal Kiln Charcoal x19 -> Charcoal x475 (475 req/0 extra)
      - External craft (skill_blacksmithing) via Basic Furnace Iron Ingot x6 -> Iron Ingot x120 (120 req/0 extra)
    - External craft (skill_blacksmithing) via Basic Forge Iron Bar x24 -> Iron Bar x48 (48 req/0 extra)
  - External craft (skill_blacksmithing) via Basic Forge Iron Nails x48 -> Iron Nails x2400 (2370 req/30 extra)
- Craft Wine Barrel x237 (final)"
skill_alchemy,23,24,,1,recipe_crafter_alchemy_reagent_distillery_2,Reagent Distiller,,441,247.2,109021.8,4289.46,Impure Iron Ore-840; Sand-22050; Sapwood-32720,"Reagent Distiller x441 (final)
    - Gather Sapwood x1770
  - External craft (skill_building) via Wood Chopping Block Plank x177 -> Plank x1770 (1764 req/6 extra)
          - Gather Impure Iron Ore x840
            - Gather Sapwood x3400
          - External craft (skill_building) via Basic Charcoal Kiln Charcoal x68 -> Charcoal x1700 (1680 req/20 extra)
        - External craft (skill_blacksmithing) via Basic Furnace Iron Ingot x21 -> Iron Ingot x420 (420 req/0 extra)
          - Gather Sapwood x1100
        - External craft (skill_building) via Basic Charcoal Kiln Charcoal x22 -> Charcoal x550 (540 req/10 extra)
      - External craft (skill_blacksmithing) via Basic Furnace Wrought Iron Ingot x14 -> Wrought Iron Ingot x280 (265 req/15 extra)
    - External craft (skill_blacksmithing) via Basic Forge Wrought Iron Bar x53 -> Wrought Iron Bar x106 (106 req/0 extra)
  - External craft (skill_blacksmithing) via Forge Wrought Iron Nails x106 -> Wrought Iron Nails x5300 (5292 req/8 extra)
    - Gather Sand x22050
      - Gather Sapwood x26450
    - External craft (skill_building) via Basic Charcoal Kiln Charcoal x529 -> Charcoal x13225 (13220 req/5 extra)
  - External craft (skill_building) via Furnace Glass x441 -> Glass x4410 (4410 req/0 extra)
- Craft Reagent Distiller x441 (final)"
skill_alchemy,23,24,,2,recipe_crafter_alchemy_workbench_2,Alchemy Table,,1817,60.0,109020.0,9107.71,Nightshade Fruit-9085; Heartwood-25450; Rough Animal Hide-10910; Copper Ore-45440; Tin Ore-45440; Limestone-4545; Sand-181700; Sapwood-449795,"Alchemy Table x1817 (final)
      - Gather Sand x181700
        - Gather Sapwood x218050
      - External craft (skill_building) via Basic Charcoal Kiln Charcoal x4361 -> Charcoal x109025 (109020 req/5 extra)
    - External craft (skill_building) via Furnace Glass x3634 -> Glass x36340 (36340 req/0 extra)
        - Gather Rough Animal Hide x10910
          - Gather Limestone x2730
          - Gather Sapwood x2730
        - External craft (skill_blacksmithing) via Basic Charcoal Kiln Lime x546 -> Lime x5460 (5455 req/5 extra)
        - External craft (skill_building) via Water Well Water x273 -> Water x5460 (5455 req/5 extra)
      - External craft (skill_leatherworking) via Simple Tanning Rack Inferior Leather x1091 -> Inferior Leather x10910 (10905 req/5 extra)
        - Gather Limestone x1815
        - Gather Sapwood x1815
      - External craft (skill_blacksmithing) via Basic Charcoal Kiln Lime x363 -> Lime x3630 (3630 req/0 extra)
      - External craft (skill_building) via Water Well Water x182 -> Water x3640 (3630 req/10 extra)
    - External craft (skill_leatherworking) via Tanning Rack Boiled Leather x727 -> Boiled Leather x3635 (3634 req/1 extra)
        - Gather Tin Ore x45440
        - Gather Copper Ore x45440
        - Gather Sapwood x227200
      - External craft (skill_blacksmithing) via Basic Furnace Bronze Ingot x2272 -> Bronze Ingot x45440 (45425 req/15 extra)
    - External craft (skill_blacksmithing) via Basic Forge Bronze Bar x9085 -> Bronze Bar x9085 (9085 req/0 extra)
    - Gather Nightshade Fruit x9085
  - Craft via Basic Alchemy Table Alchemy Instruments x1817 -> Alchemy Instruments x1817 (1817 req/0 extra)
    - Gather Heartwood x14540
  - External craft (skill_building) via Wood Chopping Block Fine Wood Beam x1454 -> Fine Wood Beam x7270 (7268 req/2 extra)
    - Gather Heartwood x10910
  - External craft (skill_building) via Wood Chopping Block Fine Wooden Plank x1091 -> Fine Wooden Plank x10910 (10902 req/8 extra)
- Craft Alchemy Table x1817 (final)"
skill_alchemy,23,24,,3,recipe_activatable_potion_potion_of_protection_very_small_32,Aegis Potion V,,4956,22.0,109032.0,19264.39,Castor Plant-4960; Sand-297360; Sapwood-301350,"Aegis Potion V x4956 (final)
    - Gather Castor Plant x4960
      - Gather Sapwood x4000
    - External craft (skill_building) via Basic Charcoal Kiln Charcoal x80 -> Charcoal x2000 (1984 req/16 extra)
    - External craft (skill_building) via Water Well Water x248 -> Water x4960 (4960 req/0 extra)
  - Craft via Basic Reagent Distiller Castor Extract x992 -> Castor Extract x9920 (9912 req/8 extra)
  - External craft (skill_building) via Water Well Water x1983 -> Water x39660 (39648 req/12 extra)
      - Gather Sand x297360
        - Gather Sapwood x297350
      - External craft (skill_building) via Basic Charcoal Kiln Charcoal x5947 -> Charcoal x148675 (148664 req/11 extra)
    - External craft (skill_building) via Basic Furnace Rough Glass x7434 -> Rough Glass x74340 (74340 req/0 extra)
  - External craft (skill_blacksmithing) via Basic Forge Small Vial x4956 -> Small Vial x24780 (24780 req/0 extra)
- Craft Aegis Potion V x4956 (final)"
skill_baking,25,26,,1,recipe_activatable_foodcooked_bread_hpregen_20,Barley and Rye Bread,,18824,8.0,150592.0,18933.81,Suet-15060; Barley Grain-7540; Rye Grain-41428,"Barley and Rye Bread x18824 (final)
      - Gather Barley Grain x7540
    - Craft via Millstone Barley Flour x377 -> Barley Flour x7540 (7530 req/10 extra)
      - External craft (skill_building) via Water Well Water x189 -> Water x3780 (3780 req/0 extra)
        - Gather Rye Grain x3780
      - Craft via Millstone Rye Flour x189 -> Rye Flour x3780 (3780 req/0 extra)
    - Craft via Basic Fermenter Yeast x189 -> Yeast x3780 (3765 req/15 extra)
    - External craft (skill_building) via Water Well Water x942 -> Water x18840 (18825 req/15 extra)
  - Craft via Basic Cooking Workbench Barley Dough x3765 -> Barley Dough x18825 (18824 req/1 extra)
  - Gather Rye Grain x37648
    - Gather Suet x15060
  - External craft (skill_cooking) via Basic Cooking Hearth Tallow x7530 -> Tallow x37650 (37648 req/2 extra)
- Craft Barley and Rye Bread x18824 (final)"
skill_baking,25,26,,2,recipe_activatable_foodcooked_pastry_staminaregen_22,Trail Pie,,12550,12.0,150600.0,61704.17,Animal Fat-50200; Barley Grain-50200; Rye Grain-25100,"Trail Pie x12550 (final)
      - Gather Barley Grain x50200
    - Craft via Millstone Barley Flour x2510 -> Barley Flour x50200 (50200 req/0 extra)
      - External craft (skill_building) via Water Well Water x1255 -> Water x25100 (25100 req/0 extra)
        - Gather Rye Grain x25100
      - Craft via Millstone Rye Flour x1255 -> Rye Flour x25100 (25100 req/0 extra)
    - Craft via Basic Fermenter Yeast x1255 -> Yeast x25100 (25100 req/0 extra)
    - External craft (skill_building) via Water Well Water x6275 -> Water x125500 (125500 req/0 extra)
  - Craft via Basic Cooking Workbench Barley Dough x25100 -> Barley Dough x125500 (125500 req/0 extra)
    - Gather Animal Fat x50200
  - External craft (skill_cooking) via Basic Cooking Hearth Lard x25100 -> Lard x125500 (125500 req/0 extra)
- Craft Trail Pie x12550 (final)"
skill_weapon_smithing,25,26,,1,recipe_wieldable_axe_2h_0_t2_rare,Warded Iron Battleaxe,,174,865.3,150566.7,2132.77,Rough Animal Hide-90; Copper Ore-540; Impure Iron Ore-8360; Tin Ore-540; Sapwood-36500; Orb of the Twilight-174; Yellow Runic Leash-2088,"Warded Iron Battleaxe x174 (final)
  - Gather Yellow Runic Leash x2088
  - Gather Orb of the Twilight x174
      - Gather Sapwood x350
    - External craft (skill_building) via Wood Chopping Block Long Wood Stock x70 -> Long Wood Stock x350 (348 req/2 extra)
          - Gather Rough Animal Hide x50
        - External craft (skill_leatherworking) via Simple Tanning Rack Rawhide x5 -> Rawhide x50 (44 req/6 extra)
      - External craft (skill_leatherworking) via Simple Leatherworking Table Nubuck Leather x44 -> Nubuck Leather x44 (44 req/0 extra)
    - External craft (skill_leatherworking) via Simple Leatherworking Table Coarse Leather Band x44 -> Coarse Leather Band x880 (870 req/10 extra)
          - Gather Tin Ore x180
          - Gather Copper Ore x180
          - Gather Sapwood x900
        - External craft (skill_blacksmithing) via Basic Furnace Bronze Ingot x9 -> Bronze Ingot x180 (175 req/5 extra)
      - External craft (skill_blacksmithing) via Basic Forge Bronze Bar x35 -> Bronze Bar x35 (35 req/0 extra)
    - External craft (skill_blacksmithing) via Basic Forge Bronze Nails x35 -> Bronze Nails x1750 (1740 req/10 extra)
  - External craft (skill_blacksmithing) via Basic Forge Axe Handle x174 -> Axe Handle x174 (174 req/0 extra)
        - Gather Impure Iron Ore x6960
          - Gather Sapwood x27850
        - External craft (skill_building) via Basic Charcoal Kiln Charcoal x557 -> Charcoal x13925 (13920 req/5 extra)
      - External craft (skill_blacksmithing) via Basic Furnace Iron Ingot x174 -> Iron Ingot x3480 (3480 req/0 extra)
    - External craft (skill_blacksmithing) via Basic Forge Iron Sheet x1740 -> Iron Sheet x1740 (1740 req/0 extra)
      - Gather Impure Iron Ore x1400
        - Gather Sapwood x5600
      - External craft (skill_building) via Basic Charcoal Kiln Charcoal x112 -> Charcoal x2800 (2795 req/5 extra)
    - External craft (skill_blacksmithing) via Basic Furnace Iron Ingot x35 -> Iron Ingot x700 (696 req/4 extra)
  - External craft (skill_blacksmithing) via Basic Forge Iron Axe Head x348 -> Iron Axe Head x348 (348 req/0 extra)
        - Gather Tin Ore x360
        - Gather Copper Ore x360
        - Gather Sapwood x1800
      - External craft (skill_blacksmithing) via Basic Furnace Bronze Ingot x18 -> Bronze Ingot x360 (345 req/15 extra)
    - External craft (skill_blacksmithing) via Basic Forge Bronze Bar x70 -> Bronze Bar x70 (70 req/0 extra)
  - External craft (skill_blacksmithing) via Basic Forge Bronze Nails x70 -> Bronze Nails x3500 (3470 req/30 extra)
        - Gather Rough Animal Hide x40
      - External craft (skill_leatherworking) via Simple Tanning Rack Rawhide x4 -> Rawhide x40 (37 req/3 extra)
    - External craft (skill_leatherworking) via Simple Leatherworking Table Nubuck Leather x43 -> Nubuck Leather x43 (43 req/0 extra)
  - External craft (skill_leatherworking) via Simple Leatherworking Table Coarse Leather Band x43 -> Coarse Leather Band x860 (860 req/0 extra)
- Craft Warded Iron Battleaxe x174 (final)"
skill_weapon_smithing,25,26,,2,recipe_crafter_blacksmith_weapon_workbench_2,Weaponsmith Workbench,,3124,48.0,149952.0,15659.05,Heartwood-43750; Rough Animal Hide-6250; Copper Ore-31240; Impure Iron Ore-124960; Tin Ore-31240; Limestone-1565; Sapwood-782565,"Weaponsmith Workbench x3124 (final)
          - Gather Impure Iron Ore x93720
            - Gather Sapwood x374900
          - External craft (skill_building) via Basic Charcoal Kiln Charcoal x7498 -> Charcoal x187450 (187440 req/10 extra)
        - External craft (skill_blacksmithing) via Basic Furnace Iron Ingot x2343 -> Iron Ingot x46860 (46860 req/0 extra)
          - Gather Sapwood x124950
        - External craft (skill_building) via Basic Charcoal Kiln Charcoal x2499 -> Charcoal x62475 (62470 req/5 extra)
      - External craft (skill_blacksmithing) via Basic Furnace Wrought Iron Ingot x1562 -> Wrought Iron Ingot x31240 (31240 req/0 extra)
    - External craft (skill_blacksmithing) via Forge Wrought Iron Sheet x15620 -> Wrought Iron Sheet x15620 (15620 req/0 extra)
        - Gather Rough Animal Hide x6250
          - Gather Limestone x1565
          - Gather Sapwood x1565
        - External craft (skill_blacksmithing) via Basic Charcoal Kiln Lime x313 -> Lime x3130 (3125 req/5 extra)
        - External craft (skill_building) via Water Well Water x157 -> Water x3140 (3125 req/15 extra)
      - External craft (skill_leatherworking) via Simple Tanning Rack Inferior Leather x625 -> Inferior Leather x6250 (6248 req/2 extra)
    - External craft (skill_leatherworking) via Leatherworking Table Heavy Top Grain Leather x6248 -> Heavy Top Grain Leather x6248 (6248 req/0 extra)
          - Gather Impure Iron Ore x31240
            - Gather Sapwood x124950
          - External craft (skill_building) via Basic Charcoal Kiln Charcoal x2499 -> Charcoal x62475 (62475 req/0 extra)
        - External craft (skill_blacksmithing) via Basic Furnace Iron Ingot x781 -> Iron Ingot x15620 (15620 req/0 extra)
      - External craft (skill_blacksmithing) via Basic Forge Iron Bar x3124 -> Iron Bar x6248 (6248 req/0 extra)
    - External craft (skill_blacksmithing) via Basic Forge Iron Nails x6248 -> Iron Nails x312400 (312400 req/0 extra)
        - Gather Tin Ore x31240
        - Gather Copper Ore x31240
        - Gather Sapwood x156200
      - External craft (skill_blacksmithing) via Basic Furnace Bronze Ingot x1562 -> Bronze Ingot x31240 (31240 req/0 extra)
    - External craft (skill_blacksmithing) via Basic Forge Bronze Sheet x15620 -> Bronze Sheet x15620 (15620 req/0 extra)
  - Craft via Basic Weaponsmith Workbench Weaponsmithing Tools x3124 -> Weaponsmithing Tools x3124 (3124 req/0 extra)
    - Gather Heartwood x25000
  - External craft (skill_building) via Wood Chopping Block Fine Wood Beam x2500 -> Fine Wood Beam x12500 (12496 req/4 extra)
    - Gather Heartwood x18750
  - External craft (skill_building) via Wood Chopping Block Fine Wooden Plank x1875 -> Fine Wooden Plank x18750 (18744 req/6 extra)
- Craft Weaponsmith Workbench x3124 (final)"
skill_weapon_smithing,25,26,,3,recipe_wieldable_tool_skinning_knife_t2_rare,Honed Iron Skinning Knife,,4686,32.0,149952.0,23971.82,Rough Animal Hide-470; Impure Iron Ore-65640; Sapwood-267290; Furry Collarstone-56232; Whisper of the Star-4686,"Honed Iron Skinning Knife x4686 (final)
  - Gather Furry Collarstone x56232
  - Gather Whisper of the Star x4686
        - Gather Impure Iron Ore x46880
          - Gather Sapwood x187550
        - External craft (skill_building) via Basic Charcoal Kiln Charcoal x3751 -> Charcoal x93775 (93760 req/15 extra)
      - External craft (skill_blacksmithing) via Basic Furnace Iron Ingot x1172 -> Iron Ingot x23440 (23430 req/10 extra)
    - External craft (skill_blacksmithing) via Basic Forge Iron Bar x4686 -> Iron Bar x9372 (9372 req/0 extra)
  - External craft (skill_blacksmithing) via Basic Forge Iron Knife Blade x4686 -> Iron Knife Blade x4686 (4686 req/0 extra)
    - Gather Sapwood x4690
  - External craft (skill_building) via Wood Chopping Block Long Wood Stock x938 -> Long Wood Stock x4690 (4686 req/4 extra)
      - Gather Impure Iron Ore x18760
        - Gather Sapwood x75050
      - External craft (skill_building) via Basic Charcoal Kiln Charcoal x1501 -> Charcoal x37525 (37505 req/20 extra)
    - External craft (skill_blacksmithing) via Basic Furnace Iron Ingot x469 -> Iron Ingot x9380 (9362 req/18 extra)
  - External craft (skill_blacksmithing) via Basic Forge Iron Sheet x4686 -> Iron Sheet x4686 (4686 req/0 extra)
        - Gather Rough Animal Hide x470
      - External craft (skill_leatherworking) via Simple Tanning Rack Rawhide x47 -> Rawhide x470 (469 req/1 extra)
    - External craft (skill_leatherworking) via Simple Leatherworking Table Nubuck Leather x469 -> Nubuck Leather x469 (469 req/0 extra)
  - External craft (skill_leatherworking) via Simple Leatherworking Table Coarse Leather Band x469 -> Coarse Leather Band x9380 (9372 req/8 extra)
- Craft Honed Iron Skinning Knife x4686 (final)"
skill_fletching,26,27,,1,recipe_crafter_fletching_workbench_2,Fletching Table,,4171,42.0,175182.0,20907.14,Suet-83420; Heartwood-58400; Rough Animal Hide-8350; Impure Iron Ore-45920; Flax Seeds-208550; Limestone-2090; Sapwood-185790,"Fletching Table x4171 (final)
        - Gather Rough Animal Hide x8350
          - Gather Limestone x2090
          - Gather Sapwood x2090
        - External craft (skill_blacksmithing) via Basic Charcoal Kiln Lime x418 -> Lime x4180 (4175 req/5 extra)
        - External craft (skill_building) via Water Well Water x209 -> Water x4180 (4175 req/5 extra)
      - External craft (skill_leatherworking) via Simple Tanning Rack Inferior Leather x835 -> Inferior Leather x8350 (8342 req/8 extra)
    - External craft (skill_leatherworking) via Leatherworking Table Heavy Top Grain Leather x8342 -> Heavy Top Grain Leather x8342 (8342 req/0 extra)
          - Gather Impure Iron Ore x41720
            - Gather Sapwood x166900
          - External craft (skill_building) via Basic Charcoal Kiln Charcoal x3338 -> Charcoal x83450 (83440 req/10 extra)
        - External craft (skill_blacksmithing) via Basic Furnace Iron Ingot x1043 -> Iron Ingot x20860 (20855 req/5 extra)
      - External craft (skill_blacksmithing) via Basic Forge Iron Bar x4171 -> Iron Bar x8342 (8342 req/0 extra)
    - External craft (skill_blacksmithing) via Basic Forge Iron Knife Blade x4171 -> Iron Knife Blade x4171 (4171 req/0 extra)
          - Gather Impure Iron Ore x4200
            - Gather Sapwood x16800
          - External craft (skill_building) via Basic Charcoal Kiln Charcoal x336 -> Charcoal x8400 (8390 req/10 extra)
        - External craft (skill_blacksmithing) via Basic Furnace Iron Ingot x105 -> Iron Ingot x2100 (2085 req/15 extra)
      - External craft (skill_blacksmithing) via Basic Forge Iron Bar x418 -> Iron Bar x836 (835 req/1 extra)
    - External craft (skill_blacksmithing) via Basic Forge Iron Nails x835 -> Iron Nails x41750 (41710 req/40 extra)
      - Gather Flax Seeds x208550
        - Gather Suet x83420
      - External craft (skill_cooking) via Basic Cooking Hearth Tallow x41710 -> Tallow x208550 (208550 req/0 extra)
    - External craft (skill_leatherworking) via Leatherworking Table Linseed Oil x20855 -> Linseed Oil x20855 (20855 req/0 extra)
  - Craft via Basic Fletching Table Fletching Tools x4171 -> Fletching Tools x4171 (4171 req/0 extra)
    - Gather Heartwood x33370
  - External craft (skill_building) via Wood Chopping Block Fine Wood Beam x3337 -> Fine Wood Beam x16685 (16684 req/1 extra)
    - Gather Heartwood x25030
  - External craft (skill_building) via Wood Chopping Block Fine Wooden Plank x2503 -> Fine Wooden Plank x25030 (25026 req/4 extra)
- Craft Fletching Table x4171 (final)"
skill_fletching,26,27,,2,recipe_item_unlock_crafter_fletching_workbench_2,Fletching Tools,,8342,21.0,175182.0,51748.21,Suet-166840; Rough Animal Hide-16690; Impure Iron Ore-91800; Flax Seeds-417100; Limestone-4175; Sapwood-371375,"Fletching Tools x8342 (final)
      - Gather Rough Animal Hide x16690
        - Gather Limestone x4175
        - Gather Sapwood x4175
      - External craft (skill_blacksmithing) via Basic Charcoal Kiln Lime x835 -> Lime x8350 (8345 req/5 extra)
      - External craft (skill_building) via Water Well Water x418 -> Water x8360 (8345 req/15 extra)
    - External craft (skill_leatherworking) via Simple Tanning Rack Inferior Leather x1669 -> Inferior Leather x16690 (16684 req/6 extra)
  - External craft (skill_leatherworking) via Leatherworking Table Heavy Top Grain Leather x16684 -> Heavy Top Grain Leather x16684 (16684 req/0 extra)
        - Gather Impure Iron Ore x83440
          - Gather Sapwood x333800
        - External craft (skill_building) via Basic Charcoal Kiln Charcoal x6676 -> Charcoal x166900 (166880 req/20 extra)
      - External craft (skill_blacksmithing) via Basic Furnace Iron Ingot x2086 -> Iron Ingot x41720 (41710 req/10 extra)
    - External craft (skill_blacksmithing) via Basic Forge Iron Bar x8342 -> Iron Bar x16684 (16684 req/0 extra)
  - External craft (skill_blacksmithing) via Basic Forge Iron Knife Blade x8342 -> Iron Knife Blade x8342 (8342 req/0 extra)
        - Gather Impure Iron Ore x8360
          - Gather Sapwood x33400
        - External craft (skill_building) via Basic Charcoal Kiln Charcoal x668 -> Charcoal x16700 (16700 req/0 extra)
      - External craft (skill_blacksmithing) via Basic Furnace Iron Ingot x209 -> Iron Ingot x4180 (4165 req/15 extra)
    - External craft (skill_blacksmithing) via Basic Forge Iron Bar x835 -> Iron Bar x1670 (1669 req/1 extra)
  - External craft (skill_blacksmithing) via Basic Forge Iron Nails x1669 -> Iron Nails x83450 (83420 req/30 extra)
    - Gather Flax Seeds x417100
      - Gather Suet x166840
    - External craft (skill_cooking) via Basic Cooking Hearth Tallow x83420 -> Tallow x417100 (417100 req/0 extra)
  - External craft (skill_leatherworking) via Leatherworking Table Linseed Oil x41710 -> Linseed Oil x41710 (41710 req/0 extra)
- Craft Fletching Tools x8342 (final)"
skill_fletching,26,27,,3,recipe_wieldable_bow_2h_0_t2_rare,Warded Longbow,,13475,13.0,175175.0,90142.14,Boar Sinew-67375; Rough Animal Hide-6740; Sapwood-40425; Resin-94325; Token of the Whisper-13475; Furry Collarstone-161700,"Warded Longbow x13475 (final)
  - Gather Furry Collarstone x161700
  - Gather Token of the Whisper x13475
      - Gather Sapwood x40425
    - External craft (skill_building) via Wood Chopping Block Long Wood Stock x8085 -> Long Wood Stock x40425 (40425 req/0 extra)
    - Gather Resin x94325
    - External craft (skill_cooking) via Basic Beehive Beeswax x26950 -> Beeswax x134750 (134750 req/0 extra)
  - Craft via Basic Fletching Table Rough Bow Stave x13475 -> Rough Bow Stave x13475 (13475 req/0 extra)
  - Gather Boar Sinew x67375
        - Gather Rough Animal Hide x6740
      - External craft (skill_leatherworking) via Simple Tanning Rack Rawhide x674 -> Rawhide x6740 (6738 req/2 extra)
    - External craft (skill_leatherworking) via Simple Leatherworking Table Nubuck Leather x6738 -> Nubuck Leather x6738 (6738 req/0 extra)
  - External craft (skill_leatherworking) via Simple Leatherworking Table Coarse Leather Band x6738 -> Coarse Leather Band x134760 (134750 req/10 extra)
- Craft Warded Longbow x13475 (final)"
skill_charcuterie,27,28,,1,recipe_rough-cut_bear,Poorly Parted Bear,,5512,34.0,187408.0,702.78,Bear Carcass-5512,"Poorly Parted Bear x5512 (final)
  - Gather Bear Carcass x5512
- Craft Poorly Parted Bear x5512 (final)"
skill_charcuterie,27,28,,2,recipe_rough-cut_wolf,Poorly Parted Chamois,,13385,14.0,187390.0,1626.28,Chamois Carcass-13385,"Poorly Parted Chamois x13385 (final)
  - Gather Chamois Carcass x13385
- Craft Poorly Parted Chamois x13385 (final)"
skill_charcuterie,27,28,,3,recipe_basic_butchered_bear,Parted Bear,,13385,14.0,187390.0,1706.59,Bear Carcass-13385,"Parted Bear x13385 (final)
  - Gather Bear Carcass x13385
- Craft Parted Bear x13385 (final)"
skill_tailoring,28,29,,1,recipe_wearable_cloth_head_magus_cr_t3_rare,Magus' Hat of Fractured Time III,,161,1244.6,196059.9,4004.58,Antler-1288; Rough Animal Hide-20; Cotton Fiber-7800; Snapdragon-2415; Cracked Sigil-1932; Great Echo of Moon-161,"Magus' Hat of Fractured Time III x161 (final)
  - Gather Cracked Sigil x1932
  - Gather Great Echo of Moon x161
  - Gather Snapdragon x2415
    - Gather Antler x1288
  - Craft via Tailoring Table Horn Needles x1288 -> Horn Needles x6440 (6440 req/0 extra)
      - Gather Cotton Fiber x6520
    - Craft via Spinning Wheel Cotton Cord x163 -> Cotton Cord x1630 (1625 req/5 extra)
  - Craft via Simple Loom Coarse Cotton Cloth x65 -> Coarse Cotton Cloth x325 (322 req/3 extra)
    - Gather Cotton Fiber x1280
  - Craft via Spinning Wheel Cotton Cord x32 -> Cotton Cord x320 (317 req/3 extra)
        - Gather Rough Animal Hide x20
      - External craft (skill_leatherworking) via Simple Tanning Rack Rawhide x2 -> Rawhide x20 (17 req/3 extra)
    - External craft (skill_leatherworking) via Simple Leatherworking Table Nubuck Leather x17 -> Nubuck Leather x17 (17 req/0 extra)
  - External craft (skill_leatherworking) via Simple Leatherworking Table Coarse Leather Band x17 -> Coarse Leather Band x340 (322 req/18 extra)
- Craft Magus' Hat of Fractured Time III x161 (final)"
skill_tailoring,28,29,,2,recipe_wearable_cloth_legs_magus_am_t3_rare,Magus' Trousers of Dreambind III,,197,1015.6,197126.9,4987.80,Antler-1576; Rough Animal Hide-40; Copper Ore-160; Tin Ore-160; Cotton Fiber-15800; Mandrake-2955; Sapwood-800; Cracked Sigil-2364; Great Amulet of Veil-197,"Magus' Trousers of Dreambind III x197 (final)
  - Gather Cracked Sigil x2364
  - Gather Great Amulet of Veil x197
  - Gather Mandrake x2955
    - Gather Antler x1576
  - Craft via Tailoring Table Horn Needles x1576 -> Horn Needles x7880 (7880 req/0 extra)
      - Gather Cotton Fiber x15800
    - Craft via Spinning Wheel Cotton Cord x395 -> Cotton Cord x3950 (3950 req/0 extra)
  - Craft via Simple Loom Coarse Cotton Cloth x158 -> Coarse Cotton Cloth x790 (788 req/2 extra)
          - Gather Rough Animal Hide x40
        - External craft (skill_leatherworking) via Simple Tanning Rack Rawhide x4 -> Rawhide x40 (40 req/0 extra)
      - External craft (skill_leatherworking) via Simple Leatherworking Table Nubuck Leather x40 -> Nubuck Leather x40 (40 req/0 extra)
    - External craft (skill_leatherworking) via Simple Leatherworking Table Coarse Leather Band x40 -> Coarse Leather Band x800 (788 req/12 extra)
          - Gather Tin Ore x160
          - Gather Copper Ore x160
          - Gather Sapwood x800
        - External craft (skill_blacksmithing) via Basic Furnace Bronze Ingot x8 -> Bronze Ingot x160 (160 req/0 extra)
      - External craft (skill_blacksmithing) via Basic Forge Bronze Sheet x80 -> Bronze Sheet x80 (80 req/0 extra)
    - External craft (skill_blacksmithing) via Basic Forge Bronze Buckle x16 -> Bronze Buckle x400 (394 req/6 extra)
  - External craft (skill_leatherworking) via Simple Leatherworking Table Rough Leather Straps x394 -> Rough Leather Straps x394 (394 req/0 extra)
- Craft Magus' Trousers of Dreambind III x197 (final)"
skill_tailoring,28,29,,3,recipe_wearable_cloth_legs_magus_m_t3_rare,Magus' Trousers of Entrancement III,,197,1015.6,197126.9,5062.79,Antler-1576; Opal-2955; Rough Animal Hide-40; Copper Ore-160; Tin Ore-160; Cotton Fiber-15800; Sapwood-800; Cracked Sigil-2364; Great Amulet of Holy Wound-197,"Magus' Trousers of Entrancement III x197 (final)
  - Gather Cracked Sigil x2364
  - Gather Great Amulet of Holy Wound x197
  - Gather Opal x2955
    - Gather Antler x1576
  - Craft via Tailoring Table Horn Needles x1576 -> Horn Needles x7880 (7880 req/0 extra)
      - Gather Cotton Fiber x15800
    - Craft via Spinning Wheel Cotton Cord x395 -> Cotton Cord x3950 (3950 req/0 extra)
  - Craft via Simple Loom Coarse Cotton Cloth x158 -> Coarse Cotton Cloth x790 (788 req/2 extra)
          - Gather Rough Animal Hide x40
        - External craft (skill_leatherworking) via Simple Tanning Rack Rawhide x4 -> Rawhide x40 (40 req/0 extra)
      - External craft (skill_leatherworking) via Simple Leatherworking Table Nubuck Leather x40 -> Nubuck Leather x40 (40 req/0 extra)
    - External craft (skill_leatherworking) via Simple Leatherworking Table Coarse Leather Band x40 -> Coarse Leather Band x800 (788 req/12 extra)
          - Gather Tin Ore x160
          - Gather Copper Ore x160
          - Gather Sapwood x800
        - External craft (skill_blacksmithing) via Basic Furnace Bronze Ingot x8 -> Bronze Ingot x160 (160 req/0 extra)
      - External craft (skill_blacksmithing) via Basic Forge Bronze Sheet x80 -> Bronze Sheet x80 (80 req/0 extra)
    - External craft (skill_blacksmithing) via Basic Forge Bronze Buckle x16 -> Bronze Buckle x400 (394 req/6 extra)
  - External craft (skill_leatherworking) via Simple Leatherworking Table Rough Leather Straps x394 -> Rough Leather Straps x394 (394 req/0 extra)
- Craft Magus' Trousers of Entrancement III x197 (final)"
skill_armor_smithing,22,23,,1,recipe_crafter_blacksmith_armor_workbench_2,Armorer Workbench,,1392,66.0,91872.0,6977.40,Heartwood-19500; Rough Animal Hide-2790; Copper Ore-13920; Impure Iron Ore-55680; Tin Ore-13920; Limestone-700; Sapwood-348700,"Armorer Workbench x1392 (final)
          - Gather Impure Iron Ore x41760
            - Gather Sapwood x167050
          - External craft (skill_building) via Basic Charcoal Kiln Charcoal x3341 -> Charcoal x83525 (83520 req/5 extra)
        - External craft (skill_blacksmithing) via Basic Furnace Iron Ingot x1044 -> Iron Ingot x20880 (20880 req/0 extra)
          - Gather Sapwood x55700
        - External craft (skill_building) via Basic Charcoal Kiln Charcoal x1114 -> Charcoal x27850 (27835 req/15 extra)
      - External craft (skill_blacksmithing) via Basic Furnace Wrought Iron Ingot x696 -> Wrought Iron Ingot x13920 (13920 req/0 extra)
    - External craft (skill_blacksmithing) via Forge Wrought Iron Sheet x6960 -> Wrought Iron Sheet x6960 (6960 req/0 extra)
        - Gather Rough Animal Hide x2790
          - Gather Limestone x700
          - Gather Sapwood x700
        - External craft (skill_blacksmithing) via Basic Charcoal Kiln Lime x140 -> Lime x1400 (1395 req/5 extra)
        - External craft (skill_building) via Water Well Water x70 -> Water x1400 (1395 req/5 extra)
      - External craft (skill_leatherworking) via Simple Tanning Rack Inferior Leather x279 -> Inferior Leather x2790 (2784 req/6 extra)
    - External craft (skill_leatherworking) via Leatherworking Table Heavy Top Grain Leather x2784 -> Heavy Top Grain Leather x2784 (2784 req/0 extra)
          - Gather Impure Iron Ore x13920
            - Gather Sapwood x55650
          - External craft (skill_building) via Basic Charcoal Kiln Charcoal x1113 -> Charcoal x27825 (27825 req/0 extra)
        - External craft (skill_blacksmithing) via Basic Furnace Iron Ingot x348 -> Iron Ingot x6960 (6960 req/0 extra)
      - External craft (skill_blacksmithing) via Basic Forge Iron Bar x1392 -> Iron Bar x2784 (2784 req/0 extra)
    - External craft (skill_blacksmithing) via Basic Forge Iron Nails x2784 -> Iron Nails x139200 (139200 req/0 extra)
        - Gather Tin Ore x13920
        - Gather Copper Ore x13920
        - Gather Sapwood x69600
      - External craft (skill_blacksmithing) via Basic Furnace Bronze Ingot x696 -> Bronze Ingot x13920 (13920 req/0 extra)
    - External craft (skill_blacksmithing) via Basic Forge Bronze Sheet x6960 -> Bronze Sheet x6960 (6960 req/0 extra)
  - Craft via Basic Armorer Workbench Armorer Tools x1392 -> Armorer Tools x1392 (1392 req/0 extra)
    - Gather Heartwood x11140
  - External craft (skill_building) via Wood Chopping Block Fine Wood Beam x1114 -> Fine Wood Beam x5570 (5568 req/2 extra)
    - Gather Heartwood x8360
  - External craft (skill_building) via Wood Chopping Block Fine Wooden Plank x836 -> Fine Wooden Plank x8360 (8352 req/8 extra)
- Craft Armorer Workbench x1392 (final)"
skill_armor_smithing,22,23,,2,recipe_wearable_metal_head_ironside_f_t2_rare,Ironside's Helm of Warcry II,,2482,37.0,91834.0,35370.05,Rough Animal Hide-500; Copper Ore-2000; Impure Iron Ore-100560; Tin Ore-2000; Sapwood-412250; Worn Out Locket-29784; Charm of the Earthcall-2482,"Ironside's Helm of Warcry II x2482 (final)
  - Gather Worn Out Locket x29784
  - Gather Charm of the Earthcall x2482
      - Gather Impure Iron Ore x99280
        - Gather Sapwood x397150
      - External craft (skill_building) via Basic Charcoal Kiln Charcoal x7943 -> Charcoal x198575 (198560 req/15 extra)
    - External craft (skill_blacksmithing) via Basic Furnace Iron Ingot x2482 -> Iron Ingot x49640 (49640 req/0 extra)
  - External craft (skill_blacksmithing) via Basic Forge Iron Sheet x24820 -> Iron Sheet x24820 (24820 req/0 extra)
        - Gather Rough Animal Hide x500
      - External craft (skill_leatherworking) via Simple Tanning Rack Rawhide x50 -> Rawhide x500 (497 req/3 extra)
    - External craft (skill_leatherworking) via Simple Leatherworking Table Nubuck Leather x497 -> Nubuck Leather x497 (497 req/0 extra)
  - External craft (skill_leatherworking) via Simple Leatherworking Table Coarse Leather Band x497 -> Coarse Leather Band x9940 (9928 req/12 extra)
        - Gather Tin Ore x2000
        - Gather Copper Ore x2000
        - Gather Sapwood x10000
      - External craft (skill_blacksmithing) via Basic Furnace Bronze Ingot x100 -> Bronze Ingot x2000 (1990 req/10 extra)
    - External craft (skill_blacksmithing) via Basic Forge Bronze Sheet x995 -> Bronze Sheet x995 (995 req/0 extra)
  - External craft (skill_blacksmithing) via Basic Forge Bronze Buckle x199 -> Bronze Buckle x4975 (4964 req/11 extra)
        - Gather Impure Iron Ore x1280
          - Gather Sapwood x5100
        - External craft (skill_building) via Basic Charcoal Kiln Charcoal x102 -> Charcoal x2550 (2545 req/5 extra)
      - External craft (skill_blacksmithing) via Basic Furnace Iron Ingot x32 -> Iron Ingot x640 (625 req/15 extra)
    - External craft (skill_blacksmithing) via Basic Forge Iron Bar x125 -> Iron Bar x250 (249 req/1 extra)
  - External craft (skill_blacksmithing) via Basic Forge Iron Studs x249 -> Iron Studs x49800 (49640 req/160 extra)
- Craft Ironside's Helm of Warcry II x2482 (final)"
skill_armor_smithing,22,23,,3,recipe_wearable_metal_head_herald_di_t2_rare,Herald's Helm of the Immovable II,,2482,37.0,91834.0,40653.61,Rough Animal Hide-500; Copper Ore-2000; Impure Iron Ore-100560; Tin Ore-2000; Hemlock Sap-24820; Sapwood-412250; Worn Out Locket-29784; Blessed Ligarius-2482,"Herald's Helm of the Immovable II x2482 (final)
  - Gather Worn Out Locket x29784
  - Gather Blessed Ligarius x2482
  - Gather Hemlock Sap x24820
      - Gather Impure Iron Ore x99280
        - Gather Sapwood x397150
      - External craft (skill_building) via Basic Charcoal Kiln Charcoal x7943 -> Charcoal x198575 (198560 req/15 extra)
    - External craft (skill_blacksmithing) via Basic Furnace Iron Ingot x2482 -> Iron Ingot x49640 (49640 req/0 extra)
  - External craft (skill_blacksmithing) via Basic Forge Iron Sheet x24820 -> Iron Sheet x24820 (24820 req/0 extra)
        - Gather Rough Animal Hide x500
      - External craft (skill_leatherworking) via Simple Tanning Rack Rawhide x50 -> Rawhide x500 (497 req/3 extra)
    - External craft (skill_leatherworking) via Simple Leatherworking Table Nubuck Leather x497 -> Nubuck Leather x497 (497 req/0 extra)
  - External craft (skill_leatherworking) via Simple Leatherworking Table Coarse Leather Band x497 -> Coarse Leather Band x9940 (9928 req/12 extra)
        - Gather Tin Ore x2000
        - Gather Copper Ore x2000
        - Gather Sapwood x10000
      - External craft (skill_blacksmithing) via Basic Furnace Bronze Ingot x100 -> Bronze Ingot x2000 (1990 req/10 extra)
    - External craft (skill_blacksmithing) via Basic Forge Bronze Sheet x995 -> Bronze Sheet x995 (995 req/0 extra)
  - External craft (skill_blacksmithing) via Basic Forge Bronze Buckle x199 -> Bronze Buckle x4975 (4964 req/11 extra)
        - Gather Impure Iron Ore x1280
          - Gather Sapwood x5100
        - External craft (skill_building) via Basic Charcoal Kiln Charcoal x102 -> Charcoal x2550 (2545 req/5 extra)
      - External craft (skill_blacksmithing) via Basic Furnace Iron Ingot x32 -> Iron Ingot x640 (625 req/15 extra)
    - External craft (skill_blacksmithing) via Basic Forge Iron Bar x125 -> Iron Bar x250 (249 req/1 extra)
  - External craft (skill_blacksmithing) via Basic Forge Iron Studs x249 -> Iron Studs x49800 (49640 req/160 extra)
- Craft Herald's Helm of the Immovable II x2482 (final)"
skill_cooking,24,25,,1,recipe_activatable_drink_sirup_hpregen_33,Red Currant Syrup,,374,344.5,128841.1,777.61,Red Currant-1870,"Red Currant Syrup x374 (final)
  - External craft (skill_building) via Water Well Water x94 -> Water x1880 (1870 req/10 extra)
  - Gather Red Currant x1870
- Craft Red Currant Syrup x374 (final)"
skill_cooking,24,25,,2,recipe_activatable_drink_herbal_tea_maxhp_4,Fennel Tea,,386,333.8,128865.5,931.63,Pasque Flower-1930; Fennel-1930,"Fennel Tea x386 (final)
  - External craft (skill_building) via Water Well Water x97 -> Water x1940 (1930 req/10 extra)
  - Gather Fennel x1930
  - Gather Pasque Flower x1930
- Craft Fennel Tea x386 (final)"
skill_cooking,24,25,,3,recipe_activatable_drink_herbal_tea_maxhp_9,Rosemary Tea,,467,275.5,128678.2,1066.71,Red Poppy-2335; Rosemary-2335,"Rosemary Tea x467 (final)
  - External craft (skill_building) via Water Well Water x117 -> Water x2340 (2335 req/5 extra)
  - Gather Rosemary x2335
  - Gather Red Poppy x2335
- Craft Rosemary Tea x467 (final)"
skill_jewelerycrafting,23,24,,1,recipe_wearable_jewellery_bracelet_common_7,Shiny Silver Bracelet,,6067,18.0,109206.0,2426.80,Impure Iron Ore-18240; Sapwood-97300,"Shiny Silver Bracelet x6067 (final)
      - Gather Impure Iron Ore x18240
        - Gather Sapwood x73000
      - External craft (skill_building) via Basic Charcoal Kiln Charcoal x1460 -> Charcoal x36500 (36480 req/20 extra)
    - External craft (skill_blacksmithing) via Basic Furnace Iron Ingot x456 -> Iron Ingot x9120 (9120 req/0 extra)
      - Gather Sapwood x24300
    - External craft (skill_building) via Basic Charcoal Kiln Charcoal x486 -> Charcoal x12150 (12140 req/10 extra)
  - External craft (skill_blacksmithing) via Basic Furnace Wrought Iron Ingot x304 -> Wrought Iron Ingot x6080 (6067 req/13 extra)
- Craft Shiny Silver Bracelet x6067 (final)"
skill_jewelerycrafting,23,24,,2,recipe_crafter_jewelcrafting_workbench_2,Jeweler Table,,1820,60.0,109200.0,9122.75,Amber-1820; Heartwood-25480; Rough Animal Hide-1820; Copper Ore-54600; Tin Ore-54600; Limestone-455; Sapwood-273455,"Jeweler Table x1820 (final)
    - Gather Amber x1820
        - Gather Rough Animal Hide x1820
          - Gather Limestone x455
          - Gather Sapwood x455
        - External craft (skill_blacksmithing) via Basic Charcoal Kiln Lime x91 -> Lime x910 (910 req/0 extra)
        - External craft (skill_building) via Water Well Water x46 -> Water x920 (910 req/10 extra)
      - External craft (skill_leatherworking) via Simple Tanning Rack Inferior Leather x182 -> Inferior Leather x1820 (1820 req/0 extra)
    - External craft (skill_leatherworking) via Leatherworking Table Heavy Top Grain Leather x1820 -> Heavy Top Grain Leather x1820 (1820 req/0 extra)
        - Gather Tin Ore x45500
        - Gather Copper Ore x45500
        - Gather Sapwood x227500
      - External craft (skill_blacksmithing) via Basic Furnace Bronze Ingot x2275 -> Bronze Ingot x45500 (45500 req/0 extra)
    - External craft (skill_blacksmithing) via Basic Forge Bronze Bar x9100 -> Bronze Bar x9100 (9100 req/0 extra)
      - Gather Tin Ore x9100
      - Gather Copper Ore x9100
      - Gather Sapwood x45500
    - External craft (skill_blacksmithing) via Basic Furnace Bronze Ingot x455 -> Bronze Ingot x9100 (9100 req/0 extra)
  - Craft via Basic Jeweler Table Jewelcrafting Tools x1820 -> Jewelcrafting Tools x1820 (1820 req/0 extra)
    - Gather Heartwood x14560
  - External craft (skill_building) via Wood Chopping Block Fine Wood Beam x1456 -> Fine Wood Beam x7280 (7280 req/0 extra)
    - Gather Heartwood x10920
  - External craft (skill_building) via Wood Chopping Block Fine Wooden Plank x1092 -> Fine Wooden Plank x10920 (10920 req/0 extra)
- Craft Jeweler Table x1820 (final)"
skill_jewelerycrafting,23,24,,3,recipe_item_unlock_crafter_jewelcrafting_workbench_2,Jewelcrafting Tools,,3640,30.0,109200.0,9430.63,Amber-3640; Rough Animal Hide-3640; Copper Ore-109200; Tin Ore-109200; Limestone-910; Sapwood-546910,"Jewelcrafting Tools x3640 (final)
  - Gather Amber x3640
      - Gather Rough Animal Hide x3640
        - Gather Limestone x910
        - Gather Sapwood x910
      - External craft (skill_blacksmithing) via Basic Charcoal Kiln Lime x182 -> Lime x1820 (1820 req/0 extra)
      - External craft (skill_building) via Water Well Water x91 -> Water x1820 (1820 req/0 extra)
    - External craft (skill_leatherworking) via Simple Tanning Rack Inferior Leather x364 -> Inferior Leather x3640 (3640 req/0 extra)
  - External craft (skill_leatherworking) via Leatherworking Table Heavy Top Grain Leather x3640 -> Heavy Top Grain Leather x3640 (3640 req/0 extra)
      - Gather Tin Ore x91000
      - Gather Copper Ore x91000
      - Gather Sapwood x455000
    - External craft (skill_blacksmithing) via Basic Furnace Bronze Ingot x4550 -> Bronze Ingot x91000 (91000 req/0 extra)
  - External craft (skill_blacksmithing) via Basic Forge Bronze Bar x18200 -> Bronze Bar x18200 (18200 req/0 extra)
    - Gather Tin Ore x18200
    - Gather Copper Ore x18200
    - Gather Sapwood x91000
  - External craft (skill_blacksmithing) via Basic Furnace Bronze Ingot x910 -> Bronze Ingot x18200 (18200 req/0 extra)
- Craft Jewelcrafting Tools x3640 (final)"
skill_winery_and_brewing,23,24,,1,recipe_activatable_drink_mead_damagebuff_27,Strawberry Mead,,378,289.2,109329.3,858.37,Strawberry-1890; Barley Grain-380; Rye Grain-380,"Strawberry Mead x378 (final)
  - External craft (skill_cooking) via Basic Beehive Honey x378 -> Honey x1890 (1890 req/0 extra)
      - Gather Barley Grain x380
    - Craft via Basic Fermenter Malt x19 -> Malt x380 (380 req/0 extra)
      - External craft (skill_building) via Water Well Water x19 -> Water x380 (380 req/0 extra)
        - Gather Rye Grain x380
      - External craft (skill_baking) via Millstone Rye Flour x19 -> Rye Flour x380 (380 req/0 extra)
    - External craft (skill_baking) via Basic Fermenter Yeast x19 -> Yeast x380 (380 req/0 extra)
    - External craft (skill_building) via Water Well Water x19 -> Water x380 (380 req/0 extra)
  - Craft via Basic Fermenter Cloudy Mead Base x38 -> Cloudy Mead Base x380 (378 req/2 extra)
  - Gather Strawberry x1890
- Craft Strawberry Mead x378 (final)"
skill_winery_and_brewing,23,24,,2,recipe_activatable_drink_mead_staminaregen_24,Raspberry Mead,,419,260.9,109310.9,961.30,Raspberry-2095; Barley Grain-420; Rye Grain-420,"Raspberry Mead x419 (final)
  - External craft (skill_cooking) via Basic Beehive Honey x419 -> Honey x2095 (2095 req/0 extra)
      - Gather Barley Grain x420
    - Craft via Basic Fermenter Malt x21 -> Malt x420 (420 req/0 extra)
      - External craft (skill_building) via Water Well Water x21 -> Water x420 (420 req/0 extra)
        - Gather Rye Grain x420
      - External craft (skill_baking) via Millstone Rye Flour x21 -> Rye Flour x420 (420 req/0 extra)
    - External craft (skill_baking) via Basic Fermenter Yeast x21 -> Yeast x420 (420 req/0 extra)
    - External craft (skill_building) via Water Well Water x21 -> Water x420 (420 req/0 extra)
  - Craft via Basic Fermenter Cloudy Mead Base x42 -> Cloudy Mead Base x420 (419 req/1 extra)
  - Gather Raspberry x2095
- Craft Raspberry Mead x419 (final)"
skill_winery_and_brewing,23,24,,3,recipe_crafter_wine_barrel_1,Wine Barrel,,242,452.7,109548.2,1276.55,Copper Ore-3400; Impure Iron Ore-280; Tin Ore-2420; Sand-96800; Sapwood-134290,"Wine Barrel x242 (final)
      - Gather Copper Ore x980
        - Gather Sapwood x2950
      - External craft (skill_building) via Basic Charcoal Kiln Charcoal x59 -> Charcoal x1475 (1470 req/5 extra)
    - External craft (skill_blacksmithing) via Basic Furnace Copper Ingot x49 -> Copper Ingot x490 (484 req/6 extra)
        - Gather Sand x96800
          - Gather Sapwood x116150
        - External craft (skill_building) via Basic Charcoal Kiln Charcoal x2323 -> Charcoal x58075 (58075 req/0 extra)
      - External craft (skill_building) via Furnace Glass x1936 -> Glass x19360 (19360 req/0 extra)
    - External craft (skill_blacksmithing) via Forge Vial x968 -> Vial x4840 (4840 req/0 extra)
        - Gather Tin Ore x2420
        - Gather Copper Ore x2420
        - Gather Sapwood x12100
      - External craft (skill_blacksmithing) via Basic Furnace Bronze Ingot x121 -> Bronze Ingot x2420 (2420 req/0 extra)
    - External craft (skill_blacksmithing) via Basic Forge Bronze Sheet x1210 -> Bronze Sheet x1210 (1210 req/0 extra)
  - Craft via Basic Cooking Workbench Barrel Pieces x242 -> Barrel Pieces x242 (242 req/0 extra)
    - Gather Sapwood x1940
  - External craft (skill_building) via Wood Chopping Block Plank x194 -> Plank x1940 (1936 req/4 extra)
        - Gather Impure Iron Ore x280
          - Gather Sapwood x1150
        - External craft (skill_building) via Basic Charcoal Kiln Charcoal x23 -> Charcoal x575 (560 req/15 extra)
      - External craft (skill_blacksmithing) via Basic Furnace Iron Ingot x7 -> Iron Ingot x140 (125 req/15 extra)
    - External craft (skill_blacksmithing) via Basic Forge Iron Bar x25 -> Iron Bar x50 (49 req/1 extra)
  - External craft (skill_blacksmithing) via Basic Forge Iron Nails x49 -> Iron Nails x2450 (2420 req/30 extra)
- Craft Wine Barrel x242 (final)"
skill_alchemy,24,25,,1,recipe_crafter_alchemy_reagent_distillery_2,Reagent Distiller,,448,287.8,128925.0,4357.55,Impure Iron Ore-840; Sand-22400; Sapwood-33200,"Reagent Distiller x448 (final)
    - Gather Sapwood x1800
  - External craft (skill_building) via Wood Chopping Block Plank x180 -> Plank x1800 (1792 req/8 extra)
          - Gather Impure Iron Ore x840
            - Gather Sapwood x3400
          - External craft (skill_building) via Basic Charcoal Kiln Charcoal x68 -> Charcoal x1700 (1680 req/20 extra)
        - External craft (skill_blacksmithing) via Basic Furnace Iron Ingot x21 -> Iron Ingot x420 (420 req/0 extra)
          - Gather Sapwood x1100
        - External craft (skill_building) via Basic Charcoal Kiln Charcoal x22 -> Charcoal x550 (540 req/10 extra)
      - External craft (skill_blacksmithing) via Basic Furnace Wrought Iron Ingot x14 -> Wrought Iron Ingot x280 (270 req/10 extra)
    - External craft (skill_blacksmithing) via Basic Forge Wrought Iron Bar x54 -> Wrought Iron Bar x108 (108 req/0 extra)
  - External craft (skill_blacksmithing) via Forge Wrought Iron Nails x108 -> Wrought Iron Nails x5400 (5376 req/24 extra)
    - Gather Sand x22400
      - Gather Sapwood x26900
    - External craft (skill_building) via Basic Charcoal Kiln Charcoal x538 -> Charcoal x13450 (13430 req/20 extra)
  - External craft (skill_building) via Furnace Glass x448 -> Glass x4480 (4480 req/0 extra)
- Craft Reagent Distiller x448 (final)"
skill_alchemy,24,25,,2,recipe_crafter_alchemy_workbench_2,Alchemy Table,,2384,54.0,128736.0,11949.80,Nightshade Fruit-11920; Heartwood-33390; Rough Animal Hide-14310; Copper Ore-59600; Tin Ore-59600; Limestone-5965; Sand-238400; Sapwood-590065,"Alchemy Table x2384 (final)
      - Gather Sand x238400
        - Gather Sapwood x286100
      - External craft (skill_building) via Basic Charcoal Kiln Charcoal x5722 -> Charcoal x143050 (143040 req/10 extra)
    - External craft (skill_building) via Furnace Glass x4768 -> Glass x47680 (47680 req/0 extra)
        - Gather Rough Animal Hide x14310
          - Gather Limestone x3580
          - Gather Sapwood x3580
        - External craft (skill_blacksmithing) via Basic Charcoal Kiln Lime x716 -> Lime x7160 (7155 req/5 extra)
        - External craft (skill_building) via Water Well Water x358 -> Water x7160 (7155 req/5 extra)
      - External craft (skill_leatherworking) via Simple Tanning Rack Inferior Leather x1431 -> Inferior Leather x14310 (14310 req/0 extra)
        - Gather Limestone x2385
        - Gather Sapwood x2385
      - External craft (skill_blacksmithing) via Basic Charcoal Kiln Lime x477 -> Lime x4770 (4765 req/5 extra)
      - External craft (skill_building) via Water Well Water x239 -> Water x4780 (4765 req/15 extra)
    - External craft (skill_leatherworking) via Tanning Rack Boiled Leather x954 -> Boiled Leather x4770 (4768 req/2 extra)
        - Gather Tin Ore x59600
        - Gather Copper Ore x59600
        - Gather Sapwood x298000
      - External craft (skill_blacksmithing) via Basic Furnace Bronze Ingot x2980 -> Bronze Ingot x59600 (59600 req/0 extra)
    - External craft (skill_blacksmithing) via Basic Forge Bronze Bar x11920 -> Bronze Bar x11920 (11920 req/0 extra)
    - Gather Nightshade Fruit x11920
  - Craft via Basic Alchemy Table Alchemy Instruments x2384 -> Alchemy Instruments x2384 (2384 req/0 extra)
    - Gather Heartwood x19080
  - External craft (skill_building) via Wood Chopping Block Fine Wood Beam x1908 -> Fine Wood Beam x9540 (9536 req/4 extra)
    - Gather Heartwood x14310
  - External craft (skill_building) via Wood Chopping Block Fine Wooden Plank x1431 -> Fine Wooden Plank x14310 (14304 req/6 extra)
- Craft Alchemy Table x2384 (final)"
skill_alchemy,24,25,,3,recipe_activatable_potion_potion_of_protection_very_small_32,Aegis Potion V,,6774,19.0,128706.0,26331.10,Castor Plant-6775; Sand-406440; Sapwood-411900,"Aegis Potion V x6774 (final)
    - Gather Castor Plant x6775
      - Gather Sapwood x5450
    - External craft (skill_building) via Basic Charcoal Kiln Charcoal x109 -> Charcoal x2725 (2710 req/15 extra)
    - External craft (skill_building) via Water Well Water x339 -> Water x6780 (6775 req/5 extra)
  - Craft via Basic Reagent Distiller Castor Extract x1355 -> Castor Extract x13550 (13548 req/2 extra)
  - External craft (skill_building) via Water Well Water x2710 -> Water x54200 (54187 req/13 extra)
      - Gather Sand x406440
        - Gather Sapwood x406450
      - External craft (skill_building) via Basic Charcoal Kiln Charcoal x8129 -> Charcoal x203225 (203205 req/20 extra)
    - External craft (skill_building) via Basic Furnace Rough Glass x10161 -> Rough Glass x101610 (101610 req/0 extra)
  - External craft (skill_blacksmithing) via Basic Forge Small Vial x6774 -> Small Vial x33870 (33870 req/0 extra)
- Craft Aegis Potion V x6774 (final)"
skill_baking,26,27,,1,recipe_activatable_foodcooked_bread_hpregen_20,Barley and Rye Bread,,35040,5.0,175200.0,35244.40,Suet-28032; Barley Grain-14020; Rye Grain-77100,"Barley and Rye Bread x35040 (final)
      - Gather Barley Grain x14020
    - Craft via Millstone Barley Flour x701 -> Barley Flour x14020 (14016 req/4 extra)
      - External craft (skill_building) via Water Well Water x351 -> Water x7020 (7020 req/0 extra)
        - Gather Rye Grain x7020
      - Craft via Millstone Rye Flour x351 -> Rye Flour x7020 (7020 req/0 extra)
    - Craft via Basic Fermenter Yeast x351 -> Yeast x7020 (7008 req/12 extra)
    - External craft (skill_building) via Water Well Water x1752 -> Water x35040 (35040 req/0 extra)
  - Craft via Basic Cooking Workbench Barley Dough x7008 -> Barley Dough x35040 (35040 req/0 extra)
  - Gather Rye Grain x70080
    - Gather Suet x28032
  - External craft (skill_cooking) via Basic Cooking Hearth Tallow x14016 -> Tallow x70080 (70080 req/0 extra)
- Craft Barley and Rye Bread x35040 (final)"
skill_baking,26,27,,2,recipe_activatable_foodcooked_pastry_staminaregen_22,Trail Pie,,19467,9.0,175203.0,95712.75,Animal Fat-77868; Barley Grain-77880; Rye Grain-38940,"Trail Pie x19467 (final)
      - Gather Barley Grain x77880
    - Craft via Millstone Barley Flour x3894 -> Barley Flour x77880 (77868 req/12 extra)
      - External craft (skill_building) via Water Well Water x1947 -> Water x38940 (38940 req/0 extra)
        - Gather Rye Grain x38940
      - Craft via Millstone Rye Flour x1947 -> Rye Flour x38940 (38940 req/0 extra)
    - Craft via Basic Fermenter Yeast x1947 -> Yeast x38940 (38934 req/6 extra)
    - External craft (skill_building) via Water Well Water x9734 -> Water x194680 (194670 req/10 extra)
  - Craft via Basic Cooking Workbench Barley Dough x38934 -> Barley Dough x194670 (194670 req/0 extra)
    - Gather Animal Fat x77868
  - External craft (skill_cooking) via Basic Cooking Hearth Lard x38934 -> Lard x194670 (194670 req/0 extra)
- Craft Trail Pie x19467 (final)"
skill_weapon_smithing,26,27,,1,recipe_crafter_blacksmith_weapon_workbench_2,Weaponsmith Workbench,,4157,42.0,174594.0,20836.96,Heartwood-58210; Rough Animal Hide-8320; Copper Ore-41580; Impure Iron Ore-166320; Tin Ore-41580; Limestone-2080; Sapwood-1041580,"Weaponsmith Workbench x4157 (final)
          - Gather Impure Iron Ore x124760
            - Gather Sapwood x499050
          - External craft (skill_building) via Basic Charcoal Kiln Charcoal x9981 -> Charcoal x249525 (249520 req/5 extra)
        - External craft (skill_blacksmithing) via Basic Furnace Iron Ingot x3119 -> Iron Ingot x62380 (62370 req/10 extra)
          - Gather Sapwood x166350
        - External craft (skill_building) via Basic Charcoal Kiln Charcoal x3327 -> Charcoal x83175 (83155 req/20 extra)
      - External craft (skill_blacksmithing) via Basic Furnace Wrought Iron Ingot x2079 -> Wrought Iron Ingot x41580 (41570 req/10 extra)
    - External craft (skill_blacksmithing) via Forge Wrought Iron Sheet x20785 -> Wrought Iron Sheet x20785 (20785 req/0 extra)
        - Gather Rough Animal Hide x8320
          - Gather Limestone x2080
          - Gather Sapwood x2080
        - External craft (skill_blacksmithing) via Basic Charcoal Kiln Lime x416 -> Lime x4160 (4160 req/0 extra)
        - External craft (skill_building) via Water Well Water x208 -> Water x4160 (4160 req/0 extra)
      - External craft (skill_leatherworking) via Simple Tanning Rack Inferior Leather x832 -> Inferior Leather x8320 (8314 req/6 extra)
    - External craft (skill_leatherworking) via Leatherworking Table Heavy Top Grain Leather x8314 -> Heavy Top Grain Leather x8314 (8314 req/0 extra)
          - Gather Impure Iron Ore x41560
            - Gather Sapwood x166200
          - External craft (skill_building) via Basic Charcoal Kiln Charcoal x3324 -> Charcoal x83100 (83100 req/0 extra)
        - External craft (skill_blacksmithing) via Basic Furnace Iron Ingot x1039 -> Iron Ingot x20780 (20775 req/5 extra)
      - External craft (skill_blacksmithing) via Basic Forge Iron Bar x4157 -> Iron Bar x8314 (8314 req/0 extra)
    - External craft (skill_blacksmithing) via Basic Forge Iron Nails x8314 -> Iron Nails x415700 (415700 req/0 extra)
        - Gather Tin Ore x41580
        - Gather Copper Ore x41580
        - Gather Sapwood x207900
      - External craft (skill_blacksmithing) via Basic Furnace Bronze Ingot x2079 -> Bronze Ingot x41580 (41570 req/10 extra)
    - External craft (skill_blacksmithing) via Basic Forge Bronze Sheet x20785 -> Bronze Sheet x20785 (20785 req/0 extra)
  - Craft via Basic Weaponsmith Workbench Weaponsmithing Tools x4157 -> Weaponsmithing Tools x4157 (4157 req/0 extra)
    - Gather Heartwood x33260
  - External craft (skill_building) via Wood Chopping Block Fine Wood Beam x3326 -> Fine Wood Beam x16630 (16628 req/2 extra)
    - Gather Heartwood x24950
  - External craft (skill_building) via Wood Chopping Block Fine Wooden Plank x2495 -> Fine Wooden Plank x24950 (24942 req/8 extra)
- Craft Weaponsmith Workbench x4157 (final)"
skill_weapon_smithing,26,27,,2,recipe_wieldable_tool_skinning_knife_t2_rare,Honed Iron Skinning Knife,,6020,29.0,174580.0,30796.06,Rough Animal Hide-610; Impure Iron Ore-84280; Sapwood-343170; Furry Collarstone-72240; Whisper of the Star-6020,"Honed Iron Skinning Knife x6020 (final)
  - Gather Furry Collarstone x72240
  - Gather Whisper of the Star x6020
        - Gather Impure Iron Ore x60200
          - Gather Sapwood x240800
        - External craft (skill_building) via Basic Charcoal Kiln Charcoal x4816 -> Charcoal x120400 (120400 req/0 extra)
      - External craft (skill_blacksmithing) via Basic Furnace Iron Ingot x1505 -> Iron Ingot x30100 (30100 req/0 extra)
    - External craft (skill_blacksmithing) via Basic Forge Iron Bar x6020 -> Iron Bar x12040 (12040 req/0 extra)
  - External craft (skill_blacksmithing) via Basic Forge Iron Knife Blade x6020 -> Iron Knife Blade x6020 (6020 req/0 extra)
    - Gather Sapwood x6020
  - External craft (skill_building) via Wood Chopping Block Long Wood Stock x1204 -> Long Wood Stock x6020 (6020 req/0 extra)
      - Gather Impure Iron Ore x24080
        - Gather Sapwood x96350
      - External craft (skill_building) via Basic Charcoal Kiln Charcoal x1927 -> Charcoal x48175 (48160 req/15 extra)
    - External craft (skill_blacksmithing) via Basic Furnace Iron Ingot x602 -> Iron Ingot x12040 (12040 req/0 extra)
  - External craft (skill_blacksmithing) via Basic Forge Iron Sheet x6020 -> Iron Sheet x6020 (6020 req/0 extra)
        - Gather Rough Animal Hide x610
      - External craft (skill_leatherworking) via Simple Tanning Rack Rawhide x61 -> Rawhide x610 (602 req/8 extra)
    - External craft (skill_leatherworking) via Simple Leatherworking Table Nubuck Leather x602 -> Nubuck Leather x602 (602 req/0 extra)
  - External craft (skill_leatherworking) via Simple Leatherworking Table Coarse Leather Band x602 -> Coarse Leather Band x12040 (12040 req/0 extra)
- Craft Honed Iron Skinning Knife x6020 (final)"
skill_weapon_smithing,26,27,,3,recipe_wieldable_mace_2h_0_t2_rare,Warded Iron Greatmaul,,4718,37.0,174566.0,38993.29,Rough Animal Hide-2360; Copper Ore-5900; Impure Iron Ore-264240; Tin Ore-5900; Sapwood-1086500; Furry Collarstone-56616; Charm of the Path-4718,"Warded Iron Greatmaul x4718 (final)
  - Gather Furry Collarstone x56616
  - Gather Charm of the Path x4718
        - Gather Impure Iron Ore x18880
          - Gather Sapwood x75550
        - External craft (skill_building) via Basic Charcoal Kiln Charcoal x1511 -> Charcoal x37775 (37760 req/15 extra)
      - External craft (skill_blacksmithing) via Basic Furnace Iron Ingot x472 -> Iron Ingot x9440 (9436 req/4 extra)
    - External craft (skill_blacksmithing) via Basic Forge Iron Sheet x4718 -> Iron Sheet x4718 (4718 req/0 extra)
          - Gather Rough Animal Hide x1180
        - External craft (skill_leatherworking) via Simple Tanning Rack Rawhide x118 -> Rawhide x1180 (1180 req/0 extra)
      - External craft (skill_leatherworking) via Simple Leatherworking Table Nubuck Leather x1180 -> Nubuck Leather x1180 (1180 req/0 extra)
    - External craft (skill_leatherworking) via Simple Leatherworking Table Coarse Leather Band x1180 -> Coarse Leather Band x23600 (23590 req/10 extra)
          - Gather Tin Ore x1180
          - Gather Copper Ore x1180
          - Gather Sapwood x5900
        - External craft (skill_blacksmithing) via Basic Furnace Bronze Ingot x59 -> Bronze Ingot x1180 (1180 req/0 extra)
      - External craft (skill_blacksmithing) via Basic Forge Bronze Bar x236 -> Bronze Bar x236 (236 req/0 extra)
    - External craft (skill_blacksmithing) via Basic Forge Bronze Studs x236 -> Bronze Studs x47200 (47180 req/20 extra)
  - External craft (skill_blacksmithing) via Basic Forge Mace Grip x4718 -> Mace Grip x4718 (4718 req/0 extra)
    - Gather Impure Iron Ore x9440
      - Gather Sapwood x37750
    - External craft (skill_building) via Basic Charcoal Kiln Charcoal x755 -> Charcoal x18875 (18865 req/10 extra)
  - External craft (skill_blacksmithing) via Basic Furnace Iron Ingot x236 -> Iron Ingot x4720 (4714 req/6 extra)
        - Gather Impure Iron Ore x235920
          - Gather Sapwood x943700
        - External craft (skill_building) via Basic Charcoal Kiln Charcoal x18874 -> Charcoal x471850 (471830 req/20 extra)
      - External craft (skill_blacksmithing) via Basic Furnace Iron Ingot x5898 -> Iron Ingot x117960 (117944 req/16 extra)
    - External craft (skill_blacksmithing) via Basic Forge Iron Bar x23590 -> Iron Bar x47180 (47180 req/0 extra)
  - External craft (skill_blacksmithing) via Basic Forge Iron Spike x9436 -> Iron Spike x9436 (9436 req/0 extra)
        - Gather Rough Animal Hide x1180
      - External craft (skill_leatherworking) via Simple Tanning Rack Rawhide x118 -> Rawhide x1180 (1179 req/1 extra)
    - External craft (skill_leatherworking) via Simple Leatherworking Table Nubuck Leather x1179 -> Nubuck Leather x1179 (1179 req/0 extra)
  - External craft (skill_leatherworking) via Simple Leatherworking Table Coarse Leather Band x1179 -> Coarse Leather Band x23580 (23580 req/0 extra)
        - Gather Tin Ore x4720
        - Gather Copper Ore x4720
        - Gather Sapwood x23600
      - External craft (skill_blacksmithing) via Basic Furnace Bronze Ingot x236 -> Bronze Ingot x4720 (4720 req/0 extra)
    - External craft (skill_blacksmithing) via Basic Forge Bronze Bar x944 -> Bronze Bar x944 (944 req/0 extra)
  - External craft (skill_blacksmithing) via Basic Forge Bronze Nails x944 -> Bronze Nails x47200 (47180 req/20 extra)
- Craft Warded Iron Greatmaul x4718 (final)"
skill_fletching,27,28,,1,recipe_crafter_fletching_workbench_2,Fletching Table,,5206,36.0,187416.0,26095.08,Suet-104120; Heartwood-72890; Rough Animal Hide-10420; Impure Iron Ore-57280; Flax Seeds-260300; Limestone-2605; Sapwood-231755,"Fletching Table x5206 (final)
        - Gather Rough Animal Hide x10420
          - Gather Limestone x2605
          - Gather Sapwood x2605
        - External craft (skill_blacksmithing) via Basic Charcoal Kiln Lime x521 -> Lime x5210 (5210 req/0 extra)
        - External craft (skill_building) via Water Well Water x261 -> Water x5220 (5210 req/10 extra)
      - External craft (skill_leatherworking) via Simple Tanning Rack Inferior Leather x1042 -> Inferior Leather x10420 (10412 req/8 extra)
    - External craft (skill_leatherworking) via Leatherworking Table Heavy Top Grain Leather x10412 -> Heavy Top Grain Leather x10412 (10412 req/0 extra)
          - Gather Impure Iron Ore x52080
            - Gather Sapwood x208350
          - External craft (skill_building) via Basic Charcoal Kiln Charcoal x4167 -> Charcoal x104175 (104160 req/15 extra)
        - External craft (skill_blacksmithing) via Basic Furnace Iron Ingot x1302 -> Iron Ingot x26040 (26030 req/10 extra)
      - External craft (skill_blacksmithing) via Basic Forge Iron Bar x5206 -> Iron Bar x10412 (10412 req/0 extra)
    - External craft (skill_blacksmithing) via Basic Forge Iron Knife Blade x5206 -> Iron Knife Blade x5206 (5206 req/0 extra)
          - Gather Impure Iron Ore x5200
            - Gather Sapwood x20800
          - External craft (skill_building) via Basic Charcoal Kiln Charcoal x416 -> Charcoal x10400 (10385 req/15 extra)
        - External craft (skill_blacksmithing) via Basic Furnace Iron Ingot x130 -> Iron Ingot x2600 (2595 req/5 extra)
      - External craft (skill_blacksmithing) via Basic Forge Iron Bar x521 -> Iron Bar x1042 (1042 req/0 extra)
    - External craft (skill_blacksmithing) via Basic Forge Iron Nails x1042 -> Iron Nails x52100 (52060 req/40 extra)
      - Gather Flax Seeds x260300
        - Gather Suet x104120
      - External craft (skill_cooking) via Basic Cooking Hearth Tallow x52060 -> Tallow x260300 (260300 req/0 extra)
    - External craft (skill_leatherworking) via Leatherworking Table Linseed Oil x26030 -> Linseed Oil x26030 (26030 req/0 extra)
  - Craft via Basic Fletching Table Fletching Tools x5206 -> Fletching Tools x5206 (5206 req/0 extra)
    - Gather Heartwood x41650
  - External craft (skill_building) via Wood Chopping Block Fine Wood Beam x4165 -> Fine Wood Beam x20825 (20824 req/1 extra)
    - Gather Heartwood x31240
  - External craft (skill_building) via Wood Chopping Block Fine Wooden Plank x3124 -> Fine Wooden Plank x31240 (31236 req/4 extra)
- Craft Fletching Table x5206 (final)"
skill_fletching,27,28,,2,recipe_item_unlock_crafter_fletching_workbench_2,Fletching Tools,,10411,18.0,187398.0,64582.90,Suet-208220; Rough Animal Hide-20830; Impure Iron Ore-114560; Flax Seeds-520550; Limestone-5210; Sapwood-463460,"Fletching Tools x10411 (final)
      - Gather Rough Animal Hide x20830
        - Gather Limestone x5210
        - Gather Sapwood x5210
      - External craft (skill_blacksmithing) via Basic Charcoal Kiln Lime x1042 -> Lime x10420 (10415 req/5 extra)
      - External craft (skill_building) via Water Well Water x521 -> Water x10420 (10415 req/5 extra)
    - External craft (skill_leatherworking) via Simple Tanning Rack Inferior Leather x2083 -> Inferior Leather x20830 (20822 req/8 extra)
  - External craft (skill_leatherworking) via Leatherworking Table Heavy Top Grain Leather x20822 -> Heavy Top Grain Leather x20822 (20822 req/0 extra)
        - Gather Impure Iron Ore x104120
          - Gather Sapwood x416500
        - External craft (skill_building) via Basic Charcoal Kiln Charcoal x8330 -> Charcoal x208250 (208240 req/10 extra)
      - External craft (skill_blacksmithing) via Basic Furnace Iron Ingot x2603 -> Iron Ingot x52060 (52055 req/5 extra)
    - External craft (skill_blacksmithing) via Basic Forge Iron Bar x10411 -> Iron Bar x20822 (20822 req/0 extra)
  - External craft (skill_blacksmithing) via Basic Forge Iron Knife Blade x10411 -> Iron Knife Blade x10411 (10411 req/0 extra)
        - Gather Impure Iron Ore x10440
          - Gather Sapwood x41750
        - External craft (skill_building) via Basic Charcoal Kiln Charcoal x835 -> Charcoal x20875 (20870 req/5 extra)
      - External craft (skill_blacksmithing) via Basic Furnace Iron Ingot x261 -> Iron Ingot x5220 (5205 req/15 extra)
    - External craft (skill_blacksmithing) via Basic Forge Iron Bar x1042 -> Iron Bar x2084 (2083 req/1 extra)
  - External craft (skill_blacksmithing) via Basic Forge Iron Nails x2083 -> Iron Nails x104150 (104110 req/40 extra)
    - Gather Flax Seeds x520550
      - Gather Suet x208220
    - External craft (skill_cooking) via Basic Cooking Hearth Tallow x104110 -> Tallow x520550 (520550 req/0 extra)
  - External craft (skill_leatherworking) via Leatherworking Table Linseed Oil x52055 -> Linseed Oil x52055 (52055 req/0 extra)
- Craft Fletching Tools x10411 (final)"
skill_fletching,27,28,,3,recipe_wieldable_bow_2h_0_t2_rare,Warded Longbow,,18739,10.0,187390.0,125356.10,Boar Sinew-93695; Rough Animal Hide-9370; Sapwood-56220; Resin-131173; Token of the Whisper-18739; Furry Collarstone-224868,"Warded Longbow x18739 (final)
  - Gather Furry Collarstone x224868
  - Gather Token of the Whisper x18739
      - Gather Sapwood x56220
    - External craft (skill_building) via Wood Chopping Block Long Wood Stock x11244 -> Long Wood Stock x56220 (56217 req/3 extra)
    - Gather Resin x131173
    - External craft (skill_cooking) via Basic Beehive Beeswax x37478 -> Beeswax x187390 (187390 req/0 extra)
  - Craft via Basic Fletching Table Rough Bow Stave x18739 -> Rough Bow Stave x18739 (18739 req/0 extra)
  - Gather Boar Sinew x93695
        - Gather Rough Animal Hide x9370
      - External craft (skill_leatherworking) via Simple Tanning Rack Rawhide x937 -> Rawhide x9370 (9370 req/0 extra)
    - External craft (skill_leatherworking) via Simple Leatherworking Table Nubuck Leather x9370 -> Nubuck Leather x9370 (9370 req/0 extra)
  - External craft (skill_leatherworking) via Simple Leatherworking Table Coarse Leather Band x9370 -> Coarse Leather Band x187400 (187390 req/10 extra)
- Craft Warded Longbow x18739 (final)"
skill_charcuterie,28,29,,1,recipe_rough-cut_bear,Poorly Parted Bear,,6439,31.0,199609.0,820.97,Bear Carcass-6439,"Poorly Parted Bear x6439 (final)
  - Gather Bear Carcass x6439
- Craft Poorly Parted Bear x6439 (final)"
skill_charcuterie,28,29,,2,recipe_rough-cut_wolf,Poorly Parted Chamois,,18144,11.0,199584.0,2204.50,Chamois Carcass-18144,"Poorly Parted Chamois x18144 (final)
  - Gather Chamois Carcass x18144
- Craft Poorly Parted Chamois x18144 (final)"
skill_charcuterie,28,29,,3,recipe_basic_butchered_bear,Parted Bear,,18144,11.0,199584.0,2313.36,Bear Carcass-18144,"Parted Bear x18144 (final)
  - Gather Bear Carcass x18144
- Craft Parted Bear x18144 (final)"
skill_tailoring,29,30,,1,recipe_wearable_cloth_head_magus_cr_t3_rare,Magus' Hat of Fractured Time III,,168,1263.5,208660.3,4178.69,Antler-1344; Rough Animal Hide-20; Cotton Fiber-8160; Snapdragon-2520; Cracked Sigil-2016; Great Echo of Moon-168,"Magus' Hat of Fractured Time III x168 (final)
  - Gather Cracked Sigil x2016
  - Gather Great Echo of Moon x168
  - Gather Snapdragon x2520
    - Gather Antler x1344
  - Craft via Tailoring Table Horn Needles x1344 -> Horn Needles x6720 (6720 req/0 extra)
      - Gather Cotton Fiber x6800
    - Craft via Spinning Wheel Cotton Cord x170 -> Cotton Cord x1700 (1700 req/0 extra)
  - Craft via Simple Loom Coarse Cotton Cloth x68 -> Coarse Cotton Cloth x340 (336 req/4 extra)
    - Gather Cotton Fiber x1360
  - Craft via Spinning Wheel Cotton Cord x34 -> Cotton Cord x340 (336 req/4 extra)
        - Gather Rough Animal Hide x20
      - External craft (skill_leatherworking) via Simple Tanning Rack Rawhide x2 -> Rawhide x20 (17 req/3 extra)
    - External craft (skill_leatherworking) via Simple Leatherworking Table Nubuck Leather x17 -> Nubuck Leather x17 (17 req/0 extra)
  - External craft (skill_leatherworking) via Simple Leatherworking Table Coarse Leather Band x17 -> Coarse Leather Band x340 (336 req/4 extra)
- Craft Magus' Hat of Fractured Time III x168 (final)"
skill_tailoring,29,30,,2,recipe_wearable_cloth_chest_rp_dress_01_somber,Shadow Court Gown,,4079,52.0,153380.0,10924.92,Wool Fiber-16320; Bone Fragments-816; Silver Ore-1635; Cotton Fiber-130560; Flax Fiber-195840; Sapwood-32700,"Shadow Court Gown x4079 (final)
      - Gather Flax Fiber x195840
    - Craft via Spinning Wheel Linen String x6528 -> Linen String x65280 (65280 req/0 extra)
  - Craft via Simple Loom Linen Cloth x1632 -> Linen Cloth x8160 (8158 req/2 extra)
    - Gather Wool Fiber x16320
  - Craft via Spinning Wheel Wool Yarn x816 -> Wool Yarn x8160 (8158 req/2 extra)
    - Gather Bone Fragments x816
  - Craft via Simple Tailoring Table Sewing Needles x408 -> Sewing Needles x4080 (4079 req/1 extra)
      - Gather Silver Ore x1635
        - Gather Sapwood x32700
      - External craft (skill_building) via Basic Charcoal Kiln Charcoal x654 -> Charcoal x16350 (16350 req/0 extra)
    - External craft (skill_blacksmithing) via Furnace Silver Ingot x327 -> Silver Ingot x1635 (1632 req/3 extra)
      - Gather Cotton Fiber x130560
    - Craft via Spinning Wheel Cotton Cord x3264 -> Cotton Cord x32640 (32640 req/0 extra)
  - Craft via Simple Tailoring Table Silver Thread x1632 -> Silver Thread x16320 (16316 req/4 extra)
- Craft Shadow Court Gown x4079 (final)"
skill_tailoring,29,30,,3,recipe_wearable_cloth_chest_rp_tunic_02_somber,Duskleaf Tunic,,4079,52.0,153380.0,10924.92,Wool Fiber-16320; Bone Fragments-816; Silver Ore-1635; Cotton Fiber-130560; Flax Fiber-195840; Sapwood-32700,"Duskleaf Tunic x4079 (final)
      - Gather Flax Fiber x195840
    - Craft via Spinning Wheel Linen String x6528 -> Linen String x65280 (65280 req/0 extra)
  - Craft via Simple Loom Linen Cloth x1632 -> Linen Cloth x8160 (8158 req/2 extra)
    - Gather Wool Fiber x16320
  - Craft via Spinning Wheel Wool Yarn x816 -> Wool Yarn x8160 (8158 req/2 extra)
    - Gather Bone Fragments x816
  - Craft via Simple Tailoring Table Sewing Needles x408 -> Sewing Needles x4080 (4079 req/1 extra)
      - Gather Silver Ore x1635
        - Gather Sapwood x32700
      - External craft (skill_building) via Basic Charcoal Kiln Charcoal x654 -> Charcoal x16350 (16350 req/0 extra)
    - External craft (skill_blacksmithing) via Furnace Silver Ingot x327 -> Silver Ingot x1635 (1632 req/3 extra)
      - Gather Cotton Fiber x130560
    - Craft via Spinning Wheel Cotton Cord x3264 -> Cotton Cord x32640 (32640 req/0 extra)
  - Craft via Simple Tailoring Table Silver Thread x1632 -> Silver Thread x16320 (16316 req/4 extra)
- Craft Duskleaf Tunic x4079 (final)"
skill_armor_smithing,23,24,,1,recipe_crafter_blacksmith_armor_workbench_2,Armorer Workbench,,1820,60.0,109200.0,9122.75,Heartwood-25480; Rough Animal Hide-3640; Copper Ore-18200; Impure Iron Ore-72800; Tin Ore-18200; Limestone-910; Sapwood-455910,"Armorer Workbench x1820 (final)
          - Gather Impure Iron Ore x54600
            - Gather Sapwood x218400
          - External craft (skill_building) via Basic Charcoal Kiln Charcoal x4368 -> Charcoal x109200 (109200 req/0 extra)
        - External craft (skill_blacksmithing) via Basic Furnace Iron Ingot x1365 -> Iron Ingot x27300 (27300 req/0 extra)
          - Gather Sapwood x72800
        - External craft (skill_building) via Basic Charcoal Kiln Charcoal x1456 -> Charcoal x36400 (36400 req/0 extra)
      - External craft (skill_blacksmithing) via Basic Furnace Wrought Iron Ingot x910 -> Wrought Iron Ingot x18200 (18200 req/0 extra)
    - External craft (skill_blacksmithing) via Forge Wrought Iron Sheet x9100 -> Wrought Iron Sheet x9100 (9100 req/0 extra)
        - Gather Rough Animal Hide x3640
          - Gather Limestone x910
          - Gather Sapwood x910
        - External craft (skill_blacksmithing) via Basic Charcoal Kiln Lime x182 -> Lime x1820 (1820 req/0 extra)
        - External craft (skill_building) via Water Well Water x91 -> Water x1820 (1820 req/0 extra)
      - External craft (skill_leatherworking) via Simple Tanning Rack Inferior Leather x364 -> Inferior Leather x3640 (3640 req/0 extra)
    - External craft (skill_leatherworking) via Leatherworking Table Heavy Top Grain Leather x3640 -> Heavy Top Grain Leather x3640 (3640 req/0 extra)
          - Gather Impure Iron Ore x18200
            - Gather Sapwood x72800
          - External craft (skill_building) via Basic Charcoal Kiln Charcoal x1456 -> Charcoal x36400 (36400 req/0 extra)
        - External craft (skill_blacksmithing) via Basic Furnace Iron Ingot x455 -> Iron Ingot x9100 (9100 req/0 extra)
      - External craft (skill_blacksmithing) via Basic Forge Iron Bar x1820 -> Iron Bar x3640 (3640 req/0 extra)
    - External craft (skill_blacksmithing) via Basic Forge Iron Nails x3640 -> Iron Nails x182000 (182000 req/0 extra)
        - Gather Tin Ore x18200
        - Gather Copper Ore x18200
        - Gather Sapwood x91000
      - External craft (skill_blacksmithing) via Basic Furnace Bronze Ingot x910 -> Bronze Ingot x18200 (18200 req/0 extra)
    - External craft (skill_blacksmithing) via Basic Forge Bronze Sheet x9100 -> Bronze Sheet x9100 (9100 req/0 extra)
  - Craft via Basic Armorer Workbench Armorer Tools x1820 -> Armorer Tools x1820 (1820 req/0 extra)
    - Gather Heartwood x14560
  - External craft (skill_building) via Wood Chopping Block Fine Wood Beam x1456 -> Fine Wood Beam x7280 (7280 req/0 extra)
    - Gather Heartwood x10920
  - External craft (skill_building) via Wood Chopping Block Fine Wooden Plank x1092 -> Fine Wooden Plank x10920 (10920 req/0 extra)
- Craft Armorer Workbench x1820 (final)"
skill_armor_smithing,23,24,,2,recipe_wearable_metal_head_ironside_f_t2_rare,Ironside's Helm of Warcry II,,3211,34.0,109174.0,45758.76,Rough Animal Hide-650; Copper Ore-2580; Impure Iron Ore-130080; Tin Ore-2580; Sapwood-533250; Worn Out Locket-38532; Charm of the Earthcall-3211,"Ironside's Helm of Warcry II x3211 (final)
  - Gather Worn Out Locket x38532
  - Gather Charm of the Earthcall x3211
      - Gather Impure Iron Ore x128440
        - Gather Sapwood x513800
      - External craft (skill_building) via Basic Charcoal Kiln Charcoal x10276 -> Charcoal x256900 (256880 req/20 extra)
    - External craft (skill_blacksmithing) via Basic Furnace Iron Ingot x3211 -> Iron Ingot x64220 (64220 req/0 extra)
  - External craft (skill_blacksmithing) via Basic Forge Iron Sheet x32110 -> Iron Sheet x32110 (32110 req/0 extra)
        - Gather Rough Animal Hide x650
      - External craft (skill_leatherworking) via Simple Tanning Rack Rawhide x65 -> Rawhide x650 (643 req/7 extra)
    - External craft (skill_leatherworking) via Simple Leatherworking Table Nubuck Leather x643 -> Nubuck Leather x643 (643 req/0 extra)
  - External craft (skill_leatherworking) via Simple Leatherworking Table Coarse Leather Band x643 -> Coarse Leather Band x12860 (12844 req/16 extra)
        - Gather Tin Ore x2580
        - Gather Copper Ore x2580
        - Gather Sapwood x12900
      - External craft (skill_blacksmithing) via Basic Furnace Bronze Ingot x129 -> Bronze Ingot x2580 (2570 req/10 extra)
    - External craft (skill_blacksmithing) via Basic Forge Bronze Sheet x1285 -> Bronze Sheet x1285 (1285 req/0 extra)
  - External craft (skill_blacksmithing) via Basic Forge Bronze Buckle x257 -> Bronze Buckle x6425 (6422 req/3 extra)
        - Gather Impure Iron Ore x1640
          - Gather Sapwood x6550
        - External craft (skill_building) via Basic Charcoal Kiln Charcoal x131 -> Charcoal x3275 (3260 req/15 extra)
      - External craft (skill_blacksmithing) via Basic Furnace Iron Ingot x41 -> Iron Ingot x820 (805 req/15 extra)
    - External craft (skill_blacksmithing) via Basic Forge Iron Bar x161 -> Iron Bar x322 (322 req/0 extra)
  - External craft (skill_blacksmithing) via Basic Forge Iron Studs x322 -> Iron Studs x64400 (64220 req/180 extra)
- Craft Ironside's Helm of Warcry II x3211 (final)"
skill_armor_smithing,23,24,,3,recipe_wearable_metal_head_herald_di_t2_rare,Herald's Helm of the Immovable II,,3211,34.0,109174.0,52594.17,Rough Animal Hide-650; Copper Ore-2580; Impure Iron Ore-130080; Tin Ore-2580; Hemlock Sap-32110; Sapwood-533250; Worn Out Locket-38532; Blessed Ligarius-3211,"Herald's Helm of the Immovable II x3211 (final)
  - Gather Worn Out Locket x38532
  - Gather Blessed Ligarius x3211
  - Gather Hemlock Sap x32110
      - Gather Impure Iron Ore x128440
        - Gather Sapwood x513800
      - External craft (skill_building) via Basic Charcoal Kiln Charcoal x10276 -> Charcoal x256900 (256880 req/20 extra)
    - External craft (skill_blacksmithing) via Basic Furnace Iron Ingot x3211 -> Iron Ingot x64220 (64220 req/0 extra)
  - External craft (skill_blacksmithing) via Basic Forge Iron Sheet x32110 -> Iron Sheet x32110 (32110 req/0 extra)
        - Gather Rough Animal Hide x650
      - External craft (skill_leatherworking) via Simple Tanning Rack Rawhide x65 -> Rawhide x650 (643 req/7 extra)
    - External craft (skill_leatherworking) via Simple Leatherworking Table Nubuck Leather x643 -> Nubuck Leather x643 (643 req/0 extra)
  - External craft (skill_leatherworking) via Simple Leatherworking Table Coarse Leather Band x643 -> Coarse Leather Band x12860 (12844 req/16 extra)
        - Gather Tin Ore x2580
        - Gather Copper Ore x2580
        - Gather Sapwood x12900
      - External craft (skill_blacksmithing) via Basic Furnace Bronze Ingot x129 -> Bronze Ingot x2580 (2570 req/10 extra)
    - External craft (skill_blacksmithing) via Basic Forge Bronze Sheet x1285 -> Bronze Sheet x1285 (1285 req/0 extra)
  - External craft (skill_blacksmithing) via Basic Forge Bronze Buckle x257 -> Bronze Buckle x6425 (6422 req/3 extra)
        - Gather Impure Iron Ore x1640
          - Gather Sapwood x6550
        - External craft (skill_building) via Basic Charcoal Kiln Charcoal x131 -> Charcoal x3275 (3260 req/15 extra)
      - External craft (skill_blacksmithing) via Basic Furnace Iron Ingot x41 -> Iron Ingot x820 (805 req/15 extra)
    - External craft (skill_blacksmithing) via Basic Forge Iron Bar x161 -> Iron Bar x322 (322 req/0 extra)
  - External craft (skill_blacksmithing) via Basic Forge Iron Studs x322 -> Iron Studs x64400 (64220 req/180 extra)
- Craft Herald's Helm of the Immovable II x3211 (final)"
skill_cooking,25,26,,1,recipe_activatable_drink_sirup_hpregen_33,Red Currant Syrup,,426,353.7,150697.1,885.73,Red Currant-2130,"Red Currant Syrup x426 (final)
  - External craft (skill_building) via Water Well Water x107 -> Water x2140 (2130 req/10 extra)
  - Gather Red Currant x2130
- Craft Red Currant Syrup x426 (final)"
skill_cooking,25,26,,2,recipe_activatable_drink_herbal_tea_maxhp_9,Rosemary Tea,,461,326.7,150614.0,1053.00,Red Poppy-2305; Rosemary-2305,"Rosemary Tea x461 (final)
  - External craft (skill_building) via Water Well Water x116 -> Water x2320 (2305 req/15 extra)
  - Gather Rosemary x2305
  - Gather Red Poppy x2305
- Craft Rosemary Tea x461 (final)"
skill_cooking,25,26,,3,recipe_activatable_drink_herbal_tea_maxhp_4,Fennel Tea,,477,315.7,150601.8,1151.26,Pasque Flower-2385; Fennel-2385,"Fennel Tea x477 (final)
  - External craft (skill_building) via Water Well Water x120 -> Water x2400 (2385 req/15 extra)
  - Gather Fennel x2385
  - Gather Pasque Flower x2385
- Craft Fennel Tea x477 (final)"
skill_jewelerycrafting,24,25,,1,recipe_wearable_jewellery_bracelet_common_7,Shiny Silver Bracelet,,8580,15.0,128700.0,3432.00,Impure Iron Ore-25760; Sapwood-137400,"Shiny Silver Bracelet x8580 (final)
      - Gather Impure Iron Ore x25760
        - Gather Sapwood x103050
      - External craft (skill_building) via Basic Charcoal Kiln Charcoal x2061 -> Charcoal x51525 (51520 req/5 extra)
    - External craft (skill_blacksmithing) via Basic Furnace Iron Ingot x644 -> Iron Ingot x12880 (12870 req/10 extra)
      - Gather Sapwood x34350
    - External craft (skill_building) via Basic Charcoal Kiln Charcoal x687 -> Charcoal x17175 (17155 req/20 extra)
  - External craft (skill_blacksmithing) via Basic Furnace Wrought Iron Ingot x429 -> Wrought Iron Ingot x8580 (8580 req/0 extra)
- Craft Shiny Silver Bracelet x8580 (final)"
skill_jewelerycrafting,24,25,,2,recipe_crafter_jewelcrafting_workbench_2,Jeweler Table,,2384,54.0,128736.0,11949.80,Amber-2384; Heartwood-33390; Rough Animal Hide-2390; Copper Ore-71520; Tin Ore-71520; Limestone-600; Sapwood-358200,"Jeweler Table x2384 (final)
    - Gather Amber x2384
        - Gather Rough Animal Hide x2390
          - Gather Limestone x600
          - Gather Sapwood x600
        - External craft (skill_blacksmithing) via Basic Charcoal Kiln Lime x120 -> Lime x1200 (1195 req/5 extra)
        - External craft (skill_building) via Water Well Water x60 -> Water x1200 (1195 req/5 extra)
      - External craft (skill_leatherworking) via Simple Tanning Rack Inferior Leather x239 -> Inferior Leather x2390 (2384 req/6 extra)
    - External craft (skill_leatherworking) via Leatherworking Table Heavy Top Grain Leather x2384 -> Heavy Top Grain Leather x2384 (2384 req/0 extra)
        - Gather Tin Ore x59600
        - Gather Copper Ore x59600
        - Gather Sapwood x298000
      - External craft (skill_blacksmithing) via Basic Furnace Bronze Ingot x2980 -> Bronze Ingot x59600 (59600 req/0 extra)
    - External craft (skill_blacksmithing) via Basic Forge Bronze Bar x11920 -> Bronze Bar x11920 (11920 req/0 extra)
      - Gather Tin Ore x11920
      - Gather Copper Ore x11920
      - Gather Sapwood x59600
    - External craft (skill_blacksmithing) via Basic Furnace Bronze Ingot x596 -> Bronze Ingot x11920 (11920 req/0 extra)
  - Craft via Basic Jeweler Table Jewelcrafting Tools x2384 -> Jewelcrafting Tools x2384 (2384 req/0 extra)
    - Gather Heartwood x19080
  - External craft (skill_building) via Wood Chopping Block Fine Wood Beam x1908 -> Fine Wood Beam x9540 (9536 req/4 extra)
    - Gather Heartwood x14310
  - External craft (skill_building) via Wood Chopping Block Fine Wooden Plank x1431 -> Fine Wooden Plank x14310 (14304 req/6 extra)
- Craft Jeweler Table x2384 (final)"
skill_jewelerycrafting,24,25,,3,recipe_item_unlock_crafter_jewelcrafting_workbench_2,Jewelcrafting Tools,,4767,27.0,128709.0,12350.50,Amber-4767; Rough Animal Hide-4770; Copper Ore-143020; Tin Ore-143020; Limestone-1195; Sapwood-716295,"Jewelcrafting Tools x4767 (final)
  - Gather Amber x4767
      - Gather Rough Animal Hide x4770
        - Gather Limestone x1195
        - Gather Sapwood x1195
      - External craft (skill_blacksmithing) via Basic Charcoal Kiln Lime x239 -> Lime x2390 (2385 req/5 extra)
      - External craft (skill_building) via Water Well Water x120 -> Water x2400 (2385 req/15 extra)
    - External craft (skill_leatherworking) via Simple Tanning Rack Inferior Leather x477 -> Inferior Leather x4770 (4767 req/3 extra)
  - External craft (skill_leatherworking) via Leatherworking Table Heavy Top Grain Leather x4767 -> Heavy Top Grain Leather x4767 (4767 req/0 extra)
      - Gather Tin Ore x119180
      - Gather Copper Ore x119180
      - Gather Sapwood x595900
    - External craft (skill_blacksmithing) via Basic Furnace Bronze Ingot x5959 -> Bronze Ingot x119180 (119175 req/5 extra)
  - External craft (skill_blacksmithing) via Basic Forge Bronze Bar x23835 -> Bronze Bar x23835 (23835 req/0 extra)
    - Gather Tin Ore x23840
    - Gather Copper Ore x23840
    - Gather Sapwood x119200
  - External craft (skill_blacksmithing) via Basic Furnace Bronze Ingot x1192 -> Bronze Ingot x23840 (23830 req/10 extra)
- Craft Jewelcrafting Tools x4767 (final)"
skill_winery_and_brewing,24,25,,1,recipe_activatable_drink_mead_damagebuff_27,Strawberry Mead,,410,314.0,128732.8,931.04,Strawberry-2050; Barley Grain-420; Rye Grain-420,"Strawberry Mead x410 (final)
  - External craft (skill_cooking) via Basic Beehive Honey x410 -> Honey x2050 (2050 req/0 extra)
      - Gather Barley Grain x420
    - Craft via Basic Fermenter Malt x21 -> Malt x420 (410 req/10 extra)
      - External craft (skill_building) via Water Well Water x21 -> Water x420 (420 req/0 extra)
        - Gather Rye Grain x420
      - External craft (skill_baking) via Millstone Rye Flour x21 -> Rye Flour x420 (420 req/0 extra)
    - External craft (skill_baking) via Basic Fermenter Yeast x21 -> Yeast x420 (410 req/10 extra)
    - External craft (skill_building) via Water Well Water x21 -> Water x420 (410 req/10 extra)
  - Craft via Basic Fermenter Cloudy Mead Base x41 -> Cloudy Mead Base x410 (410 req/0 extra)
  - Gather Strawberry x2050
- Craft Strawberry Mead x410 (final)"
skill_winery_and_brewing,24,25,,2,recipe_crafter_wine_barrel_1,Wine Barrel,,242,532.0,128753.5,1276.55,Copper Ore-3400; Impure Iron Ore-280; Tin Ore-2420; Sand-96800; Sapwood-134290,"Wine Barrel x242 (final)
      - Gather Copper Ore x980
        - Gather Sapwood x2950
      - External craft (skill_building) via Basic Charcoal Kiln Charcoal x59 -> Charcoal x1475 (1470 req/5 extra)
    - External craft (skill_blacksmithing) via Basic Furnace Copper Ingot x49 -> Copper Ingot x490 (484 req/6 extra)
        - Gather Sand x96800
          - Gather Sapwood x116150
        - External craft (skill_building) via Basic Charcoal Kiln Charcoal x2323 -> Charcoal x58075 (58075 req/0 extra)
      - External craft (skill_building) via Furnace Glass x1936 -> Glass x19360 (19360 req/0 extra)
    - External craft (skill_blacksmithing) via Forge Vial x968 -> Vial x4840 (4840 req/0 extra)
        - Gather Tin Ore x2420
        - Gather Copper Ore x2420
        - Gather Sapwood x12100
      - External craft (skill_blacksmithing) via Basic Furnace Bronze Ingot x121 -> Bronze Ingot x2420 (2420 req/0 extra)
    - External craft (skill_blacksmithing) via Basic Forge Bronze Sheet x1210 -> Bronze Sheet x1210 (1210 req/0 extra)
  - Craft via Basic Cooking Workbench Barrel Pieces x242 -> Barrel Pieces x242 (242 req/0 extra)
    - Gather Sapwood x1940
  - External craft (skill_building) via Wood Chopping Block Plank x194 -> Plank x1940 (1936 req/4 extra)
        - Gather Impure Iron Ore x280
          - Gather Sapwood x1150
        - External craft (skill_building) via Basic Charcoal Kiln Charcoal x23 -> Charcoal x575 (560 req/15 extra)
      - External craft (skill_blacksmithing) via Basic Furnace Iron Ingot x7 -> Iron Ingot x140 (125 req/15 extra)
    - External craft (skill_blacksmithing) via Basic Forge Iron Bar x25 -> Iron Bar x50 (49 req/1 extra)
  - External craft (skill_blacksmithing) via Basic Forge Iron Nails x49 -> Iron Nails x2450 (2420 req/30 extra)
- Craft Wine Barrel x242 (final)"
skill_winery_and_brewing,24,25,,3,recipe_activatable_drink_cider_maxstamina_14,Summer heat,,463,277.8,128639.8,2350.11,Raspberry-930; Red Apple-3241,"Summer heat x463 (final)
  - Gather Red Apple x3241
  - External craft (skill_building) via Water Well Water x116 -> Water x2320 (2315 req/5 extra)
  - External craft (skill_cooking) via Basic Beehive Honey x463 -> Honey x2315 (2315 req/0 extra)
    - External craft (skill_building) via Water Well Water x47 -> Water x940 (925 req/15 extra)
    - Gather Raspberry x930
  - External craft (skill_cooking) via Basic Cooking Workbench Raspberry Syrup x186 -> Raspberry Syrup x930 (926 req/4 extra)
- Craft Summer heat x463 (final)"
skill_alchemy,25,26,,1,recipe_crafter_alchemy_reagent_distillery_2,Reagent Distiller,,450,334.8,150645.2,4377.00,Impure Iron Ore-840; Sand-22500; Sapwood-33300,"Reagent Distiller x450 (final)
    - Gather Sapwood x1800
  - External craft (skill_building) via Wood Chopping Block Plank x180 -> Plank x1800 (1800 req/0 extra)
          - Gather Impure Iron Ore x840
            - Gather Sapwood x3400
          - External craft (skill_building) via Basic Charcoal Kiln Charcoal x68 -> Charcoal x1700 (1680 req/20 extra)
        - External craft (skill_blacksmithing) via Basic Furnace Iron Ingot x21 -> Iron Ingot x420 (420 req/0 extra)
          - Gather Sapwood x1100
        - External craft (skill_building) via Basic Charcoal Kiln Charcoal x22 -> Charcoal x550 (540 req/10 extra)
      - External craft (skill_blacksmithing) via Basic Furnace Wrought Iron Ingot x14 -> Wrought Iron Ingot x280 (270 req/10 extra)
    - External craft (skill_blacksmithing) via Basic Forge Wrought Iron Bar x54 -> Wrought Iron Bar x108 (108 req/0 extra)
  - External craft (skill_blacksmithing) via Forge Wrought Iron Nails x108 -> Wrought Iron Nails x5400 (5400 req/0 extra)
    - Gather Sand x22500
      - Gather Sapwood x27000
    - External craft (skill_building) via Basic Charcoal Kiln Charcoal x540 -> Charcoal x13500 (13490 req/10 extra)
  - External craft (skill_building) via Furnace Glass x450 -> Glass x4500 (4500 req/0 extra)
- Craft Reagent Distiller x450 (final)"
skill_alchemy,25,26,,2,recipe_crafter_alchemy_workbench_2,Alchemy Table,,3133,48.0,150384.0,15704.16,Nightshade Fruit-15665; Heartwood-43870; Rough Animal Hide-18810; Copper Ore-78340; Tin Ore-78340; Limestone-7840; Sand-313300; Sapwood-775540,"Alchemy Table x3133 (final)
      - Gather Sand x313300
        - Gather Sapwood x376000
      - External craft (skill_building) via Basic Charcoal Kiln Charcoal x7520 -> Charcoal x188000 (187980 req/20 extra)
    - External craft (skill_building) via Furnace Glass x6266 -> Glass x62660 (62660 req/0 extra)
        - Gather Rough Animal Hide x18810
          - Gather Limestone x4705
          - Gather Sapwood x4705
        - External craft (skill_blacksmithing) via Basic Charcoal Kiln Lime x941 -> Lime x9410 (9405 req/5 extra)
        - External craft (skill_building) via Water Well Water x471 -> Water x9420 (9405 req/15 extra)
      - External craft (skill_leatherworking) via Simple Tanning Rack Inferior Leather x1881 -> Inferior Leather x18810 (18810 req/0 extra)
        - Gather Limestone x3135
        - Gather Sapwood x3135
      - External craft (skill_blacksmithing) via Basic Charcoal Kiln Lime x627 -> Lime x6270 (6265 req/5 extra)
      - External craft (skill_building) via Water Well Water x313 -> Water x6260 (6255 req/5 extra)
    - External craft (skill_leatherworking) via Tanning Rack Boiled Leather x1254 -> Boiled Leather x6270 (6266 req/4 extra)
        - Gather Tin Ore x78340
        - Gather Copper Ore x78340
        - Gather Sapwood x391700
      - External craft (skill_blacksmithing) via Basic Furnace Bronze Ingot x3917 -> Bronze Ingot x78340 (78325 req/15 extra)
    - External craft (skill_blacksmithing) via Basic Forge Bronze Bar x15665 -> Bronze Bar x15665 (15665 req/0 extra)
    - Gather Nightshade Fruit x15665
  - Craft via Basic Alchemy Table Alchemy Instruments x3133 -> Alchemy Instruments x3133 (3133 req/0 extra)
    - Gather Heartwood x25070
  - External craft (skill_building) via Wood Chopping Block Fine Wood Beam x2507 -> Fine Wood Beam x12535 (12532 req/3 extra)
    - Gather Heartwood x18800
  - External craft (skill_building) via Wood Chopping Block Fine Wooden Plank x1880 -> Fine Wooden Plank x18800 (18798 req/2 extra)
- Craft Alchemy Table x3133 (final)"
skill_alchemy,25,26,,3,recipe_activatable_potion_potion_of_protection_very_small_32,Aegis Potion V,,9399,16.0,150384.0,36534.70,Castor Plant-9400; Sand-563960; Sapwood-571500,"Aegis Potion V x9399 (final)
    - Gather Castor Plant x9400
      - Gather Sapwood x7550
    - External craft (skill_building) via Basic Charcoal Kiln Charcoal x151 -> Charcoal x3775 (3760 req/15 extra)
    - External craft (skill_building) via Water Well Water x470 -> Water x9400 (9400 req/0 extra)
  - Craft via Basic Reagent Distiller Castor Extract x1880 -> Castor Extract x18800 (18798 req/2 extra)
  - External craft (skill_building) via Water Well Water x3760 -> Water x75200 (75192 req/8 extra)
      - Gather Sand x563960
        - Gather Sapwood x563950
      - External craft (skill_building) via Basic Charcoal Kiln Charcoal x11279 -> Charcoal x281975 (281965 req/10 extra)
    - External craft (skill_building) via Basic Furnace Rough Glass x14099 -> Rough Glass x140990 (140985 req/5 extra)
  - External craft (skill_blacksmithing) via Basic Forge Small Vial x9399 -> Small Vial x46995 (46995 req/0 extra)
- Craft Aegis Potion V x9399 (final)"
skill_baking,27,28,,1,recipe_activatable_foodcooked_pastry_staminaregen_22,Trail Pie,,31234,6.0,187404.0,153567.17,Animal Fat-124936; Barley Grain-124940; Rye Grain-62480,"Trail Pie x31234 (final)
      - Gather Barley Grain x124940
    - Craft via Millstone Barley Flour x6247 -> Barley Flour x124940 (124936 req/4 extra)
      - External craft (skill_building) via Water Well Water x3124 -> Water x62480 (62480 req/0 extra)
        - Gather Rye Grain x62480
      - Craft via Millstone Rye Flour x3124 -> Rye Flour x62480 (62480 req/0 extra)
    - Craft via Basic Fermenter Yeast x3124 -> Yeast x62480 (62468 req/12 extra)
    - External craft (skill_building) via Water Well Water x15617 -> Water x312340 (312340 req/0 extra)
  - Craft via Basic Cooking Workbench Barley Dough x62468 -> Barley Dough x312340 (312340 req/0 extra)
    - Gather Animal Fat x124936
  - External craft (skill_cooking) via Basic Cooking Hearth Lard x62468 -> Lard x312340 (312340 req/0 extra)
- Craft Trail Pie x31234 (final)"
skill_baking,27,28,,2,recipe_activatable_foodcooked_bread_hpregen_20,Barley and Rye Bread,,93700,2.0,187400.0,94246.58,Suet-74960; Barley Grain-37480; Rye Grain-206140,"Barley and Rye Bread x93700 (final)
      - Gather Barley Grain x37480
    - Craft via Millstone Barley Flour x1874 -> Barley Flour x37480 (37480 req/0 extra)
      - External craft (skill_building) via Water Well Water x937 -> Water x18740 (18740 req/0 extra)
        - Gather Rye Grain x18740
      - Craft via Millstone Rye Flour x937 -> Rye Flour x18740 (18740 req/0 extra)
    - Craft via Basic Fermenter Yeast x937 -> Yeast x18740 (18740 req/0 extra)
    - External craft (skill_building) via Water Well Water x4685 -> Water x93700 (93700 req/0 extra)
  - Craft via Basic Cooking Workbench Barley Dough x18740 -> Barley Dough x93700 (93700 req/0 extra)
  - Gather Rye Grain x187400
    - Gather Suet x74960
  - External craft (skill_cooking) via Basic Cooking Hearth Tallow x37480 -> Tallow x187400 (187400 req/0 extra)
- Craft Barley and Rye Bread x93700 (final)"
skill_weapon_smithing,27,28,,1,recipe_crafter_blacksmith_weapon_workbench_2,Weaponsmith Workbench,,5205,36.0,187380.0,26090.06,Heartwood-72870; Rough Animal Hide-10410; Copper Ore-52060; Impure Iron Ore-208240; Tin Ore-52060; Limestone-2605; Sapwood-1304105,"Weaponsmith Workbench x5205 (final)
          - Gather Impure Iron Ore x156200
            - Gather Sapwood x624800
          - External craft (skill_building) via Basic Charcoal Kiln Charcoal x12496 -> Charcoal x312400 (312400 req/0 extra)
        - External craft (skill_blacksmithing) via Basic Furnace Iron Ingot x3905 -> Iron Ingot x78100 (78090 req/10 extra)
          - Gather Sapwood x208250
        - External craft (skill_building) via Basic Charcoal Kiln Charcoal x4165 -> Charcoal x104125 (104120 req/5 extra)
      - External craft (skill_blacksmithing) via Basic Furnace Wrought Iron Ingot x2603 -> Wrought Iron Ingot x52060 (52050 req/10 extra)
    - External craft (skill_blacksmithing) via Forge Wrought Iron Sheet x26025 -> Wrought Iron Sheet x26025 (26025 req/0 extra)
        - Gather Rough Animal Hide x10410
          - Gather Limestone x2605
          - Gather Sapwood x2605
        - External craft (skill_blacksmithing) via Basic Charcoal Kiln Lime x521 -> Lime x5210 (5205 req/5 extra)
        - External craft (skill_building) via Water Well Water x261 -> Water x5220 (5205 req/15 extra)
      - External craft (skill_leatherworking) via Simple Tanning Rack Inferior Leather x1041 -> Inferior Leather x10410 (10410 req/0 extra)
    - External craft (skill_leatherworking) via Leatherworking Table Heavy Top Grain Leather x10410 -> Heavy Top Grain Leather x10410 (10410 req/0 extra)
          - Gather Impure Iron Ore x52040
            - Gather Sapwood x208150
          - External craft (skill_building) via Basic Charcoal Kiln Charcoal x4163 -> Charcoal x104075 (104075 req/0 extra)
        - External craft (skill_blacksmithing) via Basic Furnace Iron Ingot x1301 -> Iron Ingot x26020 (26015 req/5 extra)
      - External craft (skill_blacksmithing) via Basic Forge Iron Bar x5205 -> Iron Bar x10410 (10410 req/0 extra)
    - External craft (skill_blacksmithing) via Basic Forge Iron Nails x10410 -> Iron Nails x520500 (520500 req/0 extra)
        - Gather Tin Ore x52060
        - Gather Copper Ore x52060
        - Gather Sapwood x260300
      - External craft (skill_blacksmithing) via Basic Furnace Bronze Ingot x2603 -> Bronze Ingot x52060 (52050 req/10 extra)
    - External craft (skill_blacksmithing) via Basic Forge Bronze Sheet x26025 -> Bronze Sheet x26025 (26025 req/0 extra)
  - Craft via Basic Weaponsmith Workbench Weaponsmithing Tools x5205 -> Weaponsmithing Tools x5205 (5205 req/0 extra)
    - Gather Heartwood x41640
  - External craft (skill_building) via Wood Chopping Block Fine Wood Beam x4164 -> Fine Wood Beam x20820 (20820 req/0 extra)
    - Gather Heartwood x31230
  - External craft (skill_building) via Wood Chopping Block Fine Wooden Plank x3123 -> Fine Wooden Plank x31230 (31230 req/0 extra)
- Craft Weaponsmith Workbench x5205 (final)"
skill_weapon_smithing,27,28,,2,recipe_wieldable_tool_skinning_knife_t2_rare,Honed Iron Skinning Knife,,7207,26.0,187382.0,36868.31,Rough Animal Hide-730; Impure Iron Ore-100920; Sapwood-410910; Furry Collarstone-86484; Whisper of the Star-7207,"Honed Iron Skinning Knife x7207 (final)
  - Gather Furry Collarstone x86484
  - Gather Whisper of the Star x7207
        - Gather Impure Iron Ore x72080
          - Gather Sapwood x288350
        - External craft (skill_building) via Basic Charcoal Kiln Charcoal x5767 -> Charcoal x144175 (144160 req/15 extra)
      - External craft (skill_blacksmithing) via Basic Furnace Iron Ingot x1802 -> Iron Ingot x36040 (36035 req/5 extra)
    - External craft (skill_blacksmithing) via Basic Forge Iron Bar x7207 -> Iron Bar x14414 (14414 req/0 extra)
  - External craft (skill_blacksmithing) via Basic Forge Iron Knife Blade x7207 -> Iron Knife Blade x7207 (7207 req/0 extra)
    - Gather Sapwood x7210
  - External craft (skill_building) via Wood Chopping Block Long Wood Stock x1442 -> Long Wood Stock x7210 (7207 req/3 extra)
      - Gather Impure Iron Ore x28840
        - Gather Sapwood x115350
      - External craft (skill_building) via Basic Charcoal Kiln Charcoal x2307 -> Charcoal x57675 (57665 req/10 extra)
    - External craft (skill_blacksmithing) via Basic Furnace Iron Ingot x721 -> Iron Ingot x14420 (14409 req/11 extra)
  - External craft (skill_blacksmithing) via Basic Forge Iron Sheet x7207 -> Iron Sheet x7207 (7207 req/0 extra)
        - Gather Rough Animal Hide x730
      - External craft (skill_leatherworking) via Simple Tanning Rack Rawhide x73 -> Rawhide x730 (721 req/9 extra)
    - External craft (skill_leatherworking) via Simple Leatherworking Table Nubuck Leather x721 -> Nubuck Leather x721 (721 req/0 extra)
  - External craft (skill_leatherworking) via Simple Leatherworking Table Coarse Leather Band x721 -> Coarse Leather Band x14420 (14414 req/6 extra)
- Craft Honed Iron Skinning Knife x7207 (final)"
skill_weapon_smithing,27,28,,3,recipe_wieldable_mace_2h_0_t2_rare,Warded Iron Greatmaul,,5511,34.0,187374.0,45547.27,Rough Animal Hide-2760; Copper Ore-6900; Impure Iron Ore-308640; Tin Ore-6900; Sapwood-1269100; Furry Collarstone-66132; Charm of the Path-5511,"Warded Iron Greatmaul x5511 (final)
  - Gather Furry Collarstone x66132
  - Gather Charm of the Path x5511
        - Gather Impure Iron Ore x22080
          - Gather Sapwood x88350
        - External craft (skill_building) via Basic Charcoal Kiln Charcoal x1767 -> Charcoal x44175 (44160 req/15 extra)
      - External craft (skill_blacksmithing) via Basic Furnace Iron Ingot x552 -> Iron Ingot x11040 (11022 req/18 extra)
    - External craft (skill_blacksmithing) via Basic Forge Iron Sheet x5511 -> Iron Sheet x5511 (5511 req/0 extra)
          - Gather Rough Animal Hide x1380
        - External craft (skill_leatherworking) via Simple Tanning Rack Rawhide x138 -> Rawhide x1380 (1378 req/2 extra)
      - External craft (skill_leatherworking) via Simple Leatherworking Table Nubuck Leather x1378 -> Nubuck Leather x1378 (1378 req/0 extra)
    - External craft (skill_leatherworking) via Simple Leatherworking Table Coarse Leather Band x1378 -> Coarse Leather Band x27560 (27555 req/5 extra)
          - Gather Tin Ore x1380
          - Gather Copper Ore x1380
          - Gather Sapwood x6900
        - External craft (skill_blacksmithing) via Basic Furnace Bronze Ingot x69 -> Bronze Ingot x1380 (1380 req/0 extra)
      - External craft (skill_blacksmithing) via Basic Forge Bronze Bar x276 -> Bronze Bar x276 (276 req/0 extra)
    - External craft (skill_blacksmithing) via Basic Forge Bronze Studs x276 -> Bronze Studs x55200 (55110 req/90 extra)
  - External craft (skill_blacksmithing) via Basic Forge Mace Grip x5511 -> Mace Grip x5511 (5511 req/0 extra)
    - Gather Impure Iron Ore x11000
      - Gather Sapwood x44000
    - External craft (skill_building) via Basic Charcoal Kiln Charcoal x880 -> Charcoal x22000 (21985 req/15 extra)
  - External craft (skill_blacksmithing) via Basic Furnace Iron Ingot x275 -> Iron Ingot x5500 (5493 req/7 extra)
        - Gather Impure Iron Ore x275560
          - Gather Sapwood x1102250
        - External craft (skill_building) via Basic Charcoal Kiln Charcoal x22045 -> Charcoal x551125 (551105 req/20 extra)
      - External craft (skill_blacksmithing) via Basic Furnace Iron Ingot x6889 -> Iron Ingot x137780 (137768 req/12 extra)
    - External craft (skill_blacksmithing) via Basic Forge Iron Bar x27555 -> Iron Bar x55110 (55110 req/0 extra)
  - External craft (skill_blacksmithing) via Basic Forge Iron Spike x11022 -> Iron Spike x11022 (11022 req/0 extra)
        - Gather Rough Animal Hide x1380
      - External craft (skill_leatherworking) via Simple Tanning Rack Rawhide x138 -> Rawhide x1380 (1376 req/4 extra)
    - External craft (skill_leatherworking) via Simple Leatherworking Table Nubuck Leather x1378 -> Nubuck Leather x1378 (1378 req/0 extra)
  - External craft (skill_leatherworking) via Simple Leatherworking Table Coarse Leather Band x1378 -> Coarse Leather Band x27560 (27550 req/10 extra)
        - Gather Tin Ore x5520
        - Gather Copper Ore x5520
        - Gather Sapwood x27600
      - External craft (skill_blacksmithing) via Basic Furnace Bronze Ingot x276 -> Bronze Ingot x5520 (5515 req/5 extra)
    - External craft (skill_blacksmithing) via Basic Forge Bronze Bar x1103 -> Bronze Bar x1103 (1103 req/0 extra)
  - External craft (skill_blacksmithing) via Basic Forge Bronze Nails x1103 -> Bronze Nails x55150 (55110 req/40 extra)
- Craft Warded Iron Greatmaul x5511 (final)"
skill_fletching,28,29,,1,recipe_crafter_fletching_workbench_2,Fletching Table,,6653,30.0,199590.0,33348.16,Suet-133060; Heartwood-93150; Rough Animal Hide-13310; Impure Iron Ore-73200; Flax Seeds-332650; Limestone-3330; Sapwood-296130,"Fletching Table x6653 (final)
        - Gather Rough Animal Hide x13310
          - Gather Limestone x3330
          - Gather Sapwood x3330
        - External craft (skill_blacksmithing) via Basic Charcoal Kiln Lime x666 -> Lime x6660 (6655 req/5 extra)
        - External craft (skill_building) via Water Well Water x333 -> Water x6660 (6655 req/5 extra)
      - External craft (skill_leatherworking) via Simple Tanning Rack Inferior Leather x1331 -> Inferior Leather x13310 (13306 req/4 extra)
    - External craft (skill_leatherworking) via Leatherworking Table Heavy Top Grain Leather x13306 -> Heavy Top Grain Leather x13306 (13306 req/0 extra)
          - Gather Impure Iron Ore x66560
            - Gather Sapwood x266250
          - External craft (skill_building) via Basic Charcoal Kiln Charcoal x5325 -> Charcoal x133125 (133120 req/5 extra)
        - External craft (skill_blacksmithing) via Basic Furnace Iron Ingot x1664 -> Iron Ingot x33280 (33265 req/15 extra)
      - External craft (skill_blacksmithing) via Basic Forge Iron Bar x6653 -> Iron Bar x13306 (13306 req/0 extra)
    - External craft (skill_blacksmithing) via Basic Forge Iron Knife Blade x6653 -> Iron Knife Blade x6653 (6653 req/0 extra)
          - Gather Impure Iron Ore x6640
            - Gather Sapwood x26550
          - External craft (skill_building) via Basic Charcoal Kiln Charcoal x531 -> Charcoal x13275 (13275 req/0 extra)
        - External craft (skill_blacksmithing) via Basic Furnace Iron Ingot x166 -> Iron Ingot x3320 (3315 req/5 extra)
      - External craft (skill_blacksmithing) via Basic Forge Iron Bar x666 -> Iron Bar x1332 (1331 req/1 extra)
    - External craft (skill_blacksmithing) via Basic Forge Iron Nails x1331 -> Iron Nails x66550 (66530 req/20 extra)
      - Gather Flax Seeds x332650
        - Gather Suet x133060
      - External craft (skill_cooking) via Basic Cooking Hearth Tallow x66530 -> Tallow x332650 (332650 req/0 extra)
    - External craft (skill_leatherworking) via Leatherworking Table Linseed Oil x33265 -> Linseed Oil x33265 (33265 req/0 extra)
  - Craft via Basic Fletching Table Fletching Tools x6653 -> Fletching Tools x6653 (6653 req/0 extra)
    - Gather Heartwood x53230
  - External craft (skill_building) via Wood Chopping Block Fine Wood Beam x5323 -> Fine Wood Beam x26615 (26612 req/3 extra)
    - Gather Heartwood x39920
  - External craft (skill_building) via Wood Chopping Block Fine Wooden Plank x3992 -> Fine Wooden Plank x39920 (39918 req/2 extra)
- Craft Fletching Table x6653 (final)"
skill_fletching,28,29,,2,recipe_item_unlock_crafter_fletching_workbench_2,Fletching Tools,,13305,15.0,199575.0,82535.35,Suet-266100; Rough Animal Hide-26610; Impure Iron Ore-146360; Flax Seeds-665250; Limestone-6655; Sapwood-592105,"Fletching Tools x13305 (final)
      - Gather Rough Animal Hide x26610
        - Gather Limestone x6655
        - Gather Sapwood x6655
      - External craft (skill_blacksmithing) via Basic Charcoal Kiln Lime x1331 -> Lime x13310 (13305 req/5 extra)
      - External craft (skill_building) via Water Well Water x666 -> Water x13320 (13305 req/15 extra)
    - External craft (skill_leatherworking) via Simple Tanning Rack Inferior Leather x2661 -> Inferior Leather x26610 (26610 req/0 extra)
  - External craft (skill_leatherworking) via Leatherworking Table Heavy Top Grain Leather x26610 -> Heavy Top Grain Leather x26610 (26610 req/0 extra)
        - Gather Impure Iron Ore x133080
          - Gather Sapwood x532350
        - External craft (skill_building) via Basic Charcoal Kiln Charcoal x10647 -> Charcoal x266175 (266160 req/15 extra)
      - External craft (skill_blacksmithing) via Basic Furnace Iron Ingot x3327 -> Iron Ingot x66540 (66525 req/15 extra)
    - External craft (skill_blacksmithing) via Basic Forge Iron Bar x13305 -> Iron Bar x26610 (26610 req/0 extra)
  - External craft (skill_blacksmithing) via Basic Forge Iron Knife Blade x13305 -> Iron Knife Blade x13305 (13305 req/0 extra)
        - Gather Impure Iron Ore x13280
          - Gather Sapwood x53100
        - External craft (skill_building) via Basic Charcoal Kiln Charcoal x1062 -> Charcoal x26550 (26545 req/5 extra)
      - External craft (skill_blacksmithing) via Basic Furnace Iron Ingot x332 -> Iron Ingot x6640 (6640 req/0 extra)
    - External craft (skill_blacksmithing) via Basic Forge Iron Bar x1331 -> Iron Bar x2662 (2661 req/1 extra)
  - External craft (skill_blacksmithing) via Basic Forge Iron Nails x2661 -> Iron Nails x133050 (133050 req/0 extra)
    - Gather Flax Seeds x665250
      - Gather Suet x266100
    - External craft (skill_cooking) via Basic Cooking Hearth Tallow x133050 -> Tallow x665250 (665250 req/0 extra)
  - External craft (skill_leatherworking) via Leatherworking Table Linseed Oil x66525 -> Linseed Oil x66525 (66525 req/0 extra)
- Craft Fletching Tools x13305 (final)"
skill_fletching,28,29,,3,recipe_wieldable_bow_2h_0_t2_rare,Warded Longbow,,28510,7.0,199570.0,190720.02,Boar Sinew-142550; Rough Animal Hide-14260; Sapwood-85530; Resin-199570; Token of the Whisper-28510; Furry Collarstone-342120,"Warded Longbow x28510 (final)
  - Gather Furry Collarstone x342120
  - Gather Token of the Whisper x28510
      - Gather Sapwood x85530
    - External craft (skill_building) via Wood Chopping Block Long Wood Stock x17106 -> Long Wood Stock x85530 (85530 req/0 extra)
    - Gather Resin x199570
    - External craft (skill_cooking) via Basic Beehive Beeswax x57020 -> Beeswax x285100 (285100 req/0 extra)
  - Craft via Basic Fletching Table Rough Bow Stave x28510 -> Rough Bow Stave x28510 (28510 req/0 extra)
  - Gather Boar Sinew x142550
        - Gather Rough Animal Hide x14260
      - External craft (skill_leatherworking) via Simple Tanning Rack Rawhide x1426 -> Rawhide x14260 (14255 req/5 extra)
    - External craft (skill_leatherworking) via Simple Leatherworking Table Nubuck Leather x14255 -> Nubuck Leather x14255 (14255 req/0 extra)
  - External craft (skill_leatherworking) via Simple Leatherworking Table Coarse Leather Band x14255 -> Coarse Leather Band x285100 (285100 req/0 extra)
- Craft Warded Longbow x28510 (final)"
skill_charcuterie,29,30,,1,recipe_rough-cut_bear,Poorly Parted Bear,,7574,28.0,212072.0,965.69,Bear Carcass-7574,"Poorly Parted Bear x7574 (final)
  - Gather Bear Carcass x7574
- Craft Poorly Parted Bear x7574 (final)"
skill_charcuterie,29,30,,2,recipe_rough-cut_wolf,Poorly Parted Chamois,,26509,8.0,212072.0,3220.84,Chamois Carcass-26509,"Poorly Parted Chamois x26509 (final)
  - Gather Chamois Carcass x26509
- Craft Poorly Parted Chamois x26509 (final)"
skill_charcuterie,29,30,,3,recipe_basic_butchered_bear,Parted Bear,,26509,8.0,212072.0,3379.90,Bear Carcass-26509,"Parted Bear x26509 (final)
  - Gather Bear Carcass x26509
- Craft Parted Bear x26509 (final)"
skill_armor_smithing,24,25,,1,recipe_crafter_blacksmith_armor_workbench_2,Armorer Workbench,,2383,54.0,128682.0,11944.79,Heartwood-33370; Rough Animal Hide-4770; Copper Ore-23840; Impure Iron Ore-95360; Tin Ore-23840; Limestone-1195; Sapwood-597195,"Armorer Workbench x2383 (final)
          - Gather Impure Iron Ore x71520
            - Gather Sapwood x286100
          - External craft (skill_building) via Basic Charcoal Kiln Charcoal x5722 -> Charcoal x143050 (143040 req/10 extra)
        - External craft (skill_blacksmithing) via Basic Furnace Iron Ingot x1788 -> Iron Ingot x35760 (35760 req/0 extra)
          - Gather Sapwood x95350
        - External craft (skill_building) via Basic Charcoal Kiln Charcoal x1907 -> Charcoal x47675 (47670 req/5 extra)
      - External craft (skill_blacksmithing) via Basic Furnace Wrought Iron Ingot x1192 -> Wrought Iron Ingot x23840 (23830 req/10 extra)
    - External craft (skill_blacksmithing) via Forge Wrought Iron Sheet x11915 -> Wrought Iron Sheet x11915 (11915 req/0 extra)
        - Gather Rough Animal Hide x4770
          - Gather Limestone x1195
          - Gather Sapwood x1195
        - External craft (skill_blacksmithing) via Basic Charcoal Kiln Lime x239 -> Lime x2390 (2385 req/5 extra)
        - External craft (skill_building) via Water Well Water x120 -> Water x2400 (2385 req/15 extra)
      - External craft (skill_leatherworking) via Simple Tanning Rack Inferior Leather x477 -> Inferior Leather x4770 (4766 req/4 extra)
    - External craft (skill_leatherworking) via Leatherworking Table Heavy Top Grain Leather x4766 -> Heavy Top Grain Leather x4766 (4766 req/0 extra)
          - Gather Impure Iron Ore x23840
            - Gather Sapwood x95350
          - External craft (skill_building) via Basic Charcoal Kiln Charcoal x1907 -> Charcoal x47675 (47675 req/0 extra)
        - External craft (skill_blacksmithing) via Basic Furnace Iron Ingot x596 -> Iron Ingot x11920 (11915 req/5 extra)
      - External craft (skill_blacksmithing) via Basic Forge Iron Bar x2383 -> Iron Bar x4766 (4766 req/0 extra)
    - External craft (skill_blacksmithing) via Basic Forge Iron Nails x4766 -> Iron Nails x238300 (238300 req/0 extra)
        - Gather Tin Ore x23840
        - Gather Copper Ore x23840
        - Gather Sapwood x119200
      - External craft (skill_blacksmithing) via Basic Furnace Bronze Ingot x1192 -> Bronze Ingot x23840 (23830 req/10 extra)
    - External craft (skill_blacksmithing) via Basic Forge Bronze Sheet x11915 -> Bronze Sheet x11915 (11915 req/0 extra)
  - Craft via Basic Armorer Workbench Armorer Tools x2383 -> Armorer Tools x2383 (2383 req/0 extra)
    - Gather Heartwood x19070
  - External craft (skill_building) via Wood Chopping Block Fine Wood Beam x1907 -> Fine Wood Beam x9535 (9532 req/3 extra)
    - Gather Heartwood x14300
  - External craft (skill_building) via Wood Chopping Block Fine Wooden Plank x1430 -> Fine Wooden Plank x14300 (14298 req/2 extra)
- Craft Armorer Workbench x2383 (final)"
skill_armor_smithing,24,25,,2,recipe_wearable_metal_head_ironside_f_t2_rare,Ironside's Helm of Warcry II,,4151,31.0,128681.0,59154.34,Rough Animal Hide-840; Copper Ore-3340; Impure Iron Ore-168120; Tin Ore-3340; Sapwood-689200; Worn Out Locket-49812; Charm of the Earthcall-4151,"Ironside's Helm of Warcry II x4151 (final)
  - Gather Worn Out Locket x49812
  - Gather Charm of the Earthcall x4151
      - Gather Impure Iron Ore x166040
        - Gather Sapwood x664200
      - External craft (skill_building) via Basic Charcoal Kiln Charcoal x13284 -> Charcoal x332100 (332080 req/20 extra)
    - External craft (skill_blacksmithing) via Basic Furnace Iron Ingot x4151 -> Iron Ingot x83020 (83020 req/0 extra)
  - External craft (skill_blacksmithing) via Basic Forge Iron Sheet x41510 -> Iron Sheet x41510 (41510 req/0 extra)
        - Gather Rough Animal Hide x840
      - External craft (skill_leatherworking) via Simple Tanning Rack Rawhide x84 -> Rawhide x840 (831 req/9 extra)
    - External craft (skill_leatherworking) via Simple Leatherworking Table Nubuck Leather x831 -> Nubuck Leather x831 (831 req/0 extra)
  - External craft (skill_leatherworking) via Simple Leatherworking Table Coarse Leather Band x831 -> Coarse Leather Band x16620 (16604 req/16 extra)
        - Gather Tin Ore x3340
        - Gather Copper Ore x3340
        - Gather Sapwood x16700
      - External craft (skill_blacksmithing) via Basic Furnace Bronze Ingot x167 -> Bronze Ingot x3340 (3330 req/10 extra)
    - External craft (skill_blacksmithing) via Basic Forge Bronze Sheet x1665 -> Bronze Sheet x1665 (1665 req/0 extra)
  - External craft (skill_blacksmithing) via Basic Forge Bronze Buckle x333 -> Bronze Buckle x8325 (8302 req/23 extra)
        - Gather Impure Iron Ore x2080
          - Gather Sapwood x8300
        - External craft (skill_building) via Basic Charcoal Kiln Charcoal x166 -> Charcoal x4150 (4140 req/10 extra)
      - External craft (skill_blacksmithing) via Basic Furnace Iron Ingot x52 -> Iron Ingot x1040 (1040 req/0 extra)
    - External craft (skill_blacksmithing) via Basic Forge Iron Bar x208 -> Iron Bar x416 (416 req/0 extra)
  - External craft (skill_blacksmithing) via Basic Forge Iron Studs x416 -> Iron Studs x83200 (83020 req/180 extra)
- Craft Ironside's Helm of Warcry II x4151 (final)"
skill_armor_smithing,24,25,,3,recipe_wearable_metal_head_herald_di_t2_rare,Herald's Helm of the Immovable II,,4151,31.0,128681.0,67990.79,Rough Animal Hide-840; Copper Ore-3340; Impure Iron Ore-168120; Tin Ore-3340; Hemlock Sap-41510; Sapwood-689200; Worn Out Locket-49812; Blessed Ligarius-4151,"Herald's Helm of the Immovable II x4151 (final)
  - Gather Worn Out Locket x49812
  - Gather Blessed Ligarius x4151
  - Gather Hemlock Sap x41510
      - Gather Impure Iron Ore x166040
        - Gather Sapwood x664200
      - External craft (skill_building) via Basic Charcoal Kiln Charcoal x13284 -> Charcoal x332100 (332080 req/20 extra)
    - External craft (skill_blacksmithing) via Basic Furnace Iron Ingot x4151 -> Iron Ingot x83020 (83020 req/0 extra)
  - External craft (skill_blacksmithing) via Basic Forge Iron Sheet x41510 -> Iron Sheet x41510 (41510 req/0 extra)
        - Gather Rough Animal Hide x840
      - External craft (skill_leatherworking) via Simple Tanning Rack Rawhide x84 -> Rawhide x840 (831 req/9 extra)
    - External craft (skill_leatherworking) via Simple Leatherworking Table Nubuck Leather x831 -> Nubuck Leather x831 (831 req/0 extra)
  - External craft (skill_leatherworking) via Simple Leatherworking Table Coarse Leather Band x831 -> Coarse Leather Band x16620 (16604 req/16 extra)
        - Gather Tin Ore x3340
        - Gather Copper Ore x3340
        - Gather Sapwood x16700
      - External craft (skill_blacksmithing) via Basic Furnace Bronze Ingot x167 -> Bronze Ingot x3340 (3330 req/10 extra)
    - External craft (skill_blacksmithing) via Basic Forge Bronze Sheet x1665 -> Bronze Sheet x1665 (1665 req/0 extra)
  - External craft (skill_blacksmithing) via Basic Forge Bronze Buckle x333 -> Bronze Buckle x8325 (8302 req/23 extra)
        - Gather Impure Iron Ore x2080
          - Gather Sapwood x8300
        - External craft (skill_building) via Basic Charcoal Kiln Charcoal x166 -> Charcoal x4150 (4140 req/10 extra)
      - External craft (skill_blacksmithing) via Basic Furnace Iron Ingot x52 -> Iron Ingot x1040 (1040 req/0 extra)
    - External craft (skill_blacksmithing) via Basic Forge Iron Bar x208 -> Iron Bar x416 (416 req/0 extra)
  - External craft (skill_blacksmithing) via Basic Forge Iron Studs x416 -> Iron Studs x83200 (83020 req/180 extra)
- Craft Herald's Helm of the Immovable II x4151 (final)"
skill_cooking,26,27,,1,recipe_activatable_drink_herbal_tea_maxhp_9,Rosemary Tea,,468,374.0,175034.5,1068.99,Red Poppy-2340; Rosemary-2340,"Rosemary Tea x468 (final)
  - External craft (skill_building) via Water Well Water x117 -> Water x2340 (2340 req/0 extra)
  - Gather Rosemary x2340
  - Gather Red Poppy x2340
- Craft Rosemary Tea x468 (final)"
skill_cooking,26,27,,2,recipe_activatable_drink_sirup_hpregen_33,Red Currant Syrup,,505,346.6,175009.9,1049.98,Red Currant-2525,"Red Currant Syrup x505 (final)
  - External craft (skill_building) via Water Well Water x127 -> Water x2540 (2525 req/15 extra)
  - Gather Red Currant x2525
- Craft Red Currant Syrup x505 (final)"
skill_cooking,26,27,,3,recipe_activatable_drink_sirup_staminaregen_35,Blackberry Syrup,,716,244.6,175098.9,1302.22,Blackberry-3580,"Blackberry Syrup x716 (final)
  - External craft (skill_building) via Water Well Water x179 -> Water x3580 (3580 req/0 extra)
  - Gather Blackberry x3580
- Craft Blackberry Syrup x716 (final)"
skill_jewelerycrafting,25,26,,1,recipe_wearable_jewellery_bracelet_common_7,Shiny Silver Bracelet,,12550,12.0,150600.0,5020.00,Impure Iron Ore-37680; Sapwood-201000,"Shiny Silver Bracelet x12550 (final)
      - Gather Impure Iron Ore x37680
        - Gather Sapwood x150750
      - External craft (skill_building) via Basic Charcoal Kiln Charcoal x3015 -> Charcoal x75375 (75360 req/15 extra)
    - External craft (skill_blacksmithing) via Basic Furnace Iron Ingot x942 -> Iron Ingot x18840 (18840 req/0 extra)
      - Gather Sapwood x50250
    - External craft (skill_building) via Basic Charcoal Kiln Charcoal x1005 -> Charcoal x25125 (25105 req/20 extra)
  - External craft (skill_blacksmithing) via Basic Furnace Wrought Iron Ingot x628 -> Wrought Iron Ingot x12560 (12550 req/10 extra)
- Craft Shiny Silver Bracelet x12550 (final)"
skill_jewelerycrafting,25,26,,2,recipe_crafter_jewelcrafting_workbench_2,Jeweler Table,,3138,48.0,150624.0,15729.23,Amber-3138; Heartwood-43940; Rough Animal Hide-3140; Copper Ore-94140; Tin Ore-94140; Limestone-785; Sapwood-471485,"Jeweler Table x3138 (final)
    - Gather Amber x3138
        - Gather Rough Animal Hide x3140
          - Gather Limestone x785
          - Gather Sapwood x785
        - External craft (skill_blacksmithing) via Basic Charcoal Kiln Lime x157 -> Lime x1570 (1570 req/0 extra)
        - External craft (skill_building) via Water Well Water x79 -> Water x1580 (1570 req/10 extra)
      - External craft (skill_leatherworking) via Simple Tanning Rack Inferior Leather x314 -> Inferior Leather x3140 (3138 req/2 extra)
    - External craft (skill_leatherworking) via Leatherworking Table Heavy Top Grain Leather x3138 -> Heavy Top Grain Leather x3138 (3138 req/0 extra)
        - Gather Tin Ore x78460
        - Gather Copper Ore x78460
        - Gather Sapwood x392300
      - External craft (skill_blacksmithing) via Basic Furnace Bronze Ingot x3923 -> Bronze Ingot x78460 (78450 req/10 extra)
    - External craft (skill_blacksmithing) via Basic Forge Bronze Bar x15690 -> Bronze Bar x15690 (15690 req/0 extra)
      - Gather Tin Ore x15680
      - Gather Copper Ore x15680
      - Gather Sapwood x78400
    - External craft (skill_blacksmithing) via Basic Furnace Bronze Ingot x784 -> Bronze Ingot x15680 (15680 req/0 extra)
  - Craft via Basic Jeweler Table Jewelcrafting Tools x3138 -> Jewelcrafting Tools x3138 (3138 req/0 extra)
    - Gather Heartwood x25110
  - External craft (skill_building) via Wood Chopping Block Fine Wood Beam x2511 -> Fine Wood Beam x12555 (12552 req/3 extra)
    - Gather Heartwood x18830
  - External craft (skill_building) via Wood Chopping Block Fine Wooden Plank x1883 -> Fine Wooden Plank x18830 (18828 req/2 extra)
- Craft Jeweler Table x3138 (final)"
skill_jewelerycrafting,25,26,,3,recipe_item_unlock_crafter_jewelcrafting_workbench_2,Jewelcrafting Tools,,6275,24.0,150600.0,16257.48,Amber-6275; Rough Animal Hide-6280; Copper Ore-188260; Tin Ore-188260; Limestone-1570; Sapwood-942870,"Jewelcrafting Tools x6275 (final)
  - Gather Amber x6275
      - Gather Rough Animal Hide x6280
        - Gather Limestone x1570
        - Gather Sapwood x1570
      - External craft (skill_blacksmithing) via Basic Charcoal Kiln Lime x314 -> Lime x3140 (3140 req/0 extra)
      - External craft (skill_building) via Water Well Water x157 -> Water x3140 (3140 req/0 extra)
    - External craft (skill_leatherworking) via Simple Tanning Rack Inferior Leather x628 -> Inferior Leather x6280 (6275 req/5 extra)
  - External craft (skill_leatherworking) via Leatherworking Table Heavy Top Grain Leather x6275 -> Heavy Top Grain Leather x6275 (6275 req/0 extra)
      - Gather Tin Ore x156880
      - Gather Copper Ore x156880
      - Gather Sapwood x784400
    - External craft (skill_blacksmithing) via Basic Furnace Bronze Ingot x7844 -> Bronze Ingot x156880 (156875 req/5 extra)
  - External craft (skill_blacksmithing) via Basic Forge Bronze Bar x31375 -> Bronze Bar x31375 (31375 req/0 extra)
    - Gather Tin Ore x31380
    - Gather Copper Ore x31380
    - Gather Sapwood x156900
  - External craft (skill_blacksmithing) via Basic Furnace Bronze Ingot x1569 -> Bronze Ingot x31380 (31370 req/10 extra)
- Craft Jewelcrafting Tools x6275 (final)"
skill_winery_and_brewing,25,26,,1,recipe_activatable_drink_mead_damagebuff_27,Strawberry Mead,,467,322.4,150568.8,1060.48,Strawberry-2335; Barley Grain-480; Rye Grain-480,"Strawberry Mead x467 (final)
  - External craft (skill_cooking) via Basic Beehive Honey x467 -> Honey x2335 (2335 req/0 extra)
      - Gather Barley Grain x480
    - Craft via Basic Fermenter Malt x24 -> Malt x480 (470 req/10 extra)
      - External craft (skill_building) via Water Well Water x24 -> Water x480 (480 req/0 extra)
        - Gather Rye Grain x480
      - External craft (skill_baking) via Millstone Rye Flour x24 -> Rye Flour x480 (480 req/0 extra)
    - External craft (skill_baking) via Basic Fermenter Yeast x24 -> Yeast x480 (470 req/10 extra)
    - External craft (skill_building) via Water Well Water x24 -> Water x480 (470 req/10 extra)
  - Craft via Basic Fermenter Cloudy Mead Base x47 -> Cloudy Mead Base x470 (467 req/3 extra)
  - Gather Strawberry x2335
- Craft Strawberry Mead x467 (final)"
skill_winery_and_brewing,25,26,,2,recipe_crafter_wine_barrel_1,Wine Barrel,,246,613.7,150981.6,1297.65,Copper Ore-3460; Impure Iron Ore-280; Tin Ore-2460; Sand-98400; Sapwood-136470,"Wine Barrel x246 (final)
      - Gather Copper Ore x1000
        - Gather Sapwood x3000
      - External craft (skill_building) via Basic Charcoal Kiln Charcoal x60 -> Charcoal x1500 (1500 req/0 extra)
    - External craft (skill_blacksmithing) via Basic Furnace Copper Ingot x50 -> Copper Ingot x500 (492 req/8 extra)
        - Gather Sand x98400
          - Gather Sapwood x118100
        - External craft (skill_building) via Basic Charcoal Kiln Charcoal x2362 -> Charcoal x59050 (59040 req/10 extra)
      - External craft (skill_building) via Furnace Glass x1968 -> Glass x19680 (19680 req/0 extra)
    - External craft (skill_blacksmithing) via Forge Vial x984 -> Vial x4920 (4920 req/0 extra)
        - Gather Tin Ore x2460
        - Gather Copper Ore x2460
        - Gather Sapwood x12300
      - External craft (skill_blacksmithing) via Basic Furnace Bronze Ingot x123 -> Bronze Ingot x2460 (2460 req/0 extra)
    - External craft (skill_blacksmithing) via Basic Forge Bronze Sheet x1230 -> Bronze Sheet x1230 (1230 req/0 extra)
  - Craft via Basic Cooking Workbench Barrel Pieces x246 -> Barrel Pieces x246 (246 req/0 extra)
    - Gather Sapwood x1970
  - External craft (skill_building) via Wood Chopping Block Plank x197 -> Plank x1970 (1968 req/2 extra)
        - Gather Impure Iron Ore x280
          - Gather Sapwood x1100
        - External craft (skill_building) via Basic Charcoal Kiln Charcoal x22 -> Charcoal x550 (550 req/0 extra)
      - External craft (skill_blacksmithing) via Basic Furnace Iron Ingot x7 -> Iron Ingot x140 (125 req/15 extra)
    - External craft (skill_blacksmithing) via Basic Forge Iron Bar x25 -> Iron Bar x50 (50 req/0 extra)
  - External craft (skill_blacksmithing) via Basic Forge Iron Nails x50 -> Iron Nails x2500 (2460 req/40 extra)
- Craft Wine Barrel x246 (final)"
skill_winery_and_brewing,25,26,,3,recipe_activatable_drink_ale_maxhp_42,Duskfire Ale,,477,315.9,150665.0,3159.33,Barley Grain-7180; Rye Grain-4780; Rosemary-4770,"Duskfire Ale x477 (final)
      - Gather Barley Grain x7180
    - Craft via Basic Fermenter Malt x359 -> Malt x7180 (7170 req/10 extra)
      - External craft (skill_building) via Water Well Water x120 -> Water x2400 (2400 req/0 extra)
        - Gather Rye Grain x2400
      - External craft (skill_baking) via Millstone Rye Flour x120 -> Rye Flour x2400 (2400 req/0 extra)
    - External craft (skill_baking) via Basic Fermenter Yeast x120 -> Yeast x2400 (2390 req/10 extra)
    - External craft (skill_building) via Water Well Water x120 -> Water x2400 (2390 req/10 extra)
  - Craft via Basic Fermenter Cloudy Ale Base x239 -> Cloudy Ale Base x2390 (2385 req/5 extra)
    - External craft (skill_building) via Water Well Water x119 -> Water x2380 (2370 req/10 extra)
      - Gather Rye Grain x2380
    - External craft (skill_baking) via Millstone Rye Flour x119 -> Rye Flour x2380 (2380 req/0 extra)
  - External craft (skill_baking) via Basic Fermenter Yeast x119 -> Yeast x2380 (2375 req/5 extra)
  - External craft (skill_building) via Water Well Water x119 -> Water x2380 (2375 req/5 extra)
  - Gather Rosemary x4770
- Craft Duskfire Ale x477 (final)"
skill_alchemy,26,27,,1,recipe_crafter_alchemy_reagent_distillery_2,Reagent Distiller,,463,378.6,175276.2,4503.45,Impure Iron Ore-840; Sand-23150; Sapwood-34160,"Reagent Distiller x463 (final)
    - Gather Sapwood x1860
  - External craft (skill_building) via Wood Chopping Block Plank x186 -> Plank x1860 (1852 req/8 extra)
          - Gather Impure Iron Ore x840
            - Gather Sapwood x3400
          - External craft (skill_building) via Basic Charcoal Kiln Charcoal x68 -> Charcoal x1700 (1680 req/20 extra)
        - External craft (skill_blacksmithing) via Basic Furnace Iron Ingot x21 -> Iron Ingot x420 (420 req/0 extra)
          - Gather Sapwood x1100
        - External craft (skill_building) via Basic Charcoal Kiln Charcoal x22 -> Charcoal x550 (540 req/10 extra)
      - External craft (skill_blacksmithing) via Basic Furnace Wrought Iron Ingot x14 -> Wrought Iron Ingot x280 (280 req/0 extra)
    - External craft (skill_blacksmithing) via Basic Forge Wrought Iron Bar x56 -> Wrought Iron Bar x112 (112 req/0 extra)
  - External craft (skill_blacksmithing) via Forge Wrought Iron Nails x112 -> Wrought Iron Nails x5600 (5556 req/44 extra)
    - Gather Sand x23150
      - Gather Sapwood x27800
    - External craft (skill_building) via Basic Charcoal Kiln Charcoal x556 -> Charcoal x13900 (13880 req/20 extra)
  - External craft (skill_building) via Furnace Glass x463 -> Glass x4630 (4630 req/0 extra)
- Craft Reagent Distiller x463 (final)"
skill_alchemy,26,27,,2,recipe_crafter_alchemy_workbench_2,Alchemy Table,,4165,42.0,174930.0,20877.06,Nightshade Fruit-20825; Heartwood-58310; Rough Animal Hide-24990; Copper Ore-104140; Tin Ore-104140; Limestone-10415; Sand-416500; Sapwood-1030915,"Alchemy Table x4165 (final)
      - Gather Sand x416500
        - Gather Sapwood x499800
      - External craft (skill_building) via Basic Charcoal Kiln Charcoal x9996 -> Charcoal x249900 (249900 req/0 extra)
    - External craft (skill_building) via Furnace Glass x8330 -> Glass x83300 (83300 req/0 extra)
        - Gather Rough Animal Hide x24990
          - Gather Limestone x6250
          - Gather Sapwood x6250
        - External craft (skill_blacksmithing) via Basic Charcoal Kiln Lime x1250 -> Lime x12500 (12495 req/5 extra)
        - External craft (skill_building) via Water Well Water x625 -> Water x12500 (12495 req/5 extra)
      - External craft (skill_leatherworking) via Simple Tanning Rack Inferior Leather x2499 -> Inferior Leather x24990 (24990 req/0 extra)
        - Gather Limestone x4165
        - Gather Sapwood x4165
      - External craft (skill_blacksmithing) via Basic Charcoal Kiln Lime x833 -> Lime x8330 (8325 req/5 extra)
      - External craft (skill_building) via Water Well Water x417 -> Water x8340 (8325 req/15 extra)
    - External craft (skill_leatherworking) via Tanning Rack Boiled Leather x1666 -> Boiled Leather x8330 (8330 req/0 extra)
        - Gather Tin Ore x104140
        - Gather Copper Ore x104140
        - Gather Sapwood x520700
      - External craft (skill_blacksmithing) via Basic Furnace Bronze Ingot x5207 -> Bronze Ingot x104140 (104125 req/15 extra)
    - External craft (skill_blacksmithing) via Basic Forge Bronze Bar x20825 -> Bronze Bar x20825 (20825 req/0 extra)
    - Gather Nightshade Fruit x20825
  - Craft via Basic Alchemy Table Alchemy Instruments x4165 -> Alchemy Instruments x4165 (4165 req/0 extra)
    - Gather Heartwood x33320
  - External craft (skill_building) via Wood Chopping Block Fine Wood Beam x3332 -> Fine Wood Beam x16660 (16660 req/0 extra)
    - Gather Heartwood x24990
  - External craft (skill_building) via Wood Chopping Block Fine Wooden Plank x2499 -> Fine Wooden Plank x24990 (24990 req/0 extra)
- Craft Alchemy Table x4165 (final)"
skill_alchemy,26,27,,3,recipe_activatable_potion_potion_of_protection_very_small_32,Aegis Potion V,,13456,13.0,174928.0,52304.59,Castor Plant-13460; Sand-807360; Sapwood-818150,"Aegis Potion V x13456 (final)
    - Gather Castor Plant x13460
      - Gather Sapwood x10800
    - External craft (skill_building) via Basic Charcoal Kiln Charcoal x216 -> Charcoal x5400 (5384 req/16 extra)
    - External craft (skill_building) via Water Well Water x673 -> Water x13460 (13460 req/0 extra)
  - Craft via Basic Reagent Distiller Castor Extract x2692 -> Castor Extract x26920 (26912 req/8 extra)
  - External craft (skill_building) via Water Well Water x5383 -> Water x107660 (107648 req/12 extra)
      - Gather Sand x807360
        - Gather Sapwood x807350
      - External craft (skill_building) via Basic Charcoal Kiln Charcoal x16147 -> Charcoal x403675 (403664 req/11 extra)
    - External craft (skill_building) via Basic Furnace Rough Glass x20184 -> Rough Glass x201840 (201840 req/0 extra)
  - External craft (skill_blacksmithing) via Basic Forge Small Vial x13456 -> Small Vial x67280 (67280 req/0 extra)
- Craft Aegis Potion V x13456 (final)"
skill_baking,28,29,,1,recipe_activatable_foodcooked_pastry_staminaregen_22,Trail Pie,,66532,3.0,199596.0,327115.67,Animal Fat-266128; Barley Grain-266140; Rye Grain-133080,"Trail Pie x66532 (final)
      - Gather Barley Grain x266140
    - Craft via Millstone Barley Flour x13307 -> Barley Flour x266140 (266128 req/12 extra)
      - External craft (skill_building) via Water Well Water x6654 -> Water x133080 (133080 req/0 extra)
        - Gather Rye Grain x133080
      - Craft via Millstone Rye Flour x6654 -> Rye Flour x133080 (133080 req/0 extra)
    - Craft via Basic Fermenter Yeast x6654 -> Yeast x133080 (133064 req/16 extra)
    - External craft (skill_building) via Water Well Water x33266 -> Water x665320 (665320 req/0 extra)
  - Craft via Basic Cooking Workbench Barley Dough x133064 -> Barley Dough x665320 (665320 req/0 extra)
    - Gather Animal Fat x266128
  - External craft (skill_cooking) via Basic Cooking Hearth Lard x133064 -> Lard x665320 (665320 req/0 extra)
- Craft Trail Pie x66532 (final)"
skill_weapon_smithing,28,29,,1,recipe_crafter_blacksmith_weapon_workbench_2,Weaponsmith Workbench,,6653,30.0,199590.0,33348.16,Heartwood-93150; Rough Animal Hide-13310; Copper Ore-66540; Impure Iron Ore-266160; Tin Ore-66540; Limestone-3330; Sapwood-1666830,"Weaponsmith Workbench x6653 (final)
          - Gather Impure Iron Ore x199640
            - Gather Sapwood x798600
          - External craft (skill_building) via Basic Charcoal Kiln Charcoal x15972 -> Charcoal x399300 (399280 req/20 extra)
        - External craft (skill_blacksmithing) via Basic Furnace Iron Ingot x4991 -> Iron Ingot x99820 (99810 req/10 extra)
          - Gather Sapwood x266150
        - External craft (skill_building) via Basic Charcoal Kiln Charcoal x5323 -> Charcoal x133075 (133060 req/15 extra)
      - External craft (skill_blacksmithing) via Basic Furnace Wrought Iron Ingot x3327 -> Wrought Iron Ingot x66540 (66530 req/10 extra)
    - External craft (skill_blacksmithing) via Forge Wrought Iron Sheet x33265 -> Wrought Iron Sheet x33265 (33265 req/0 extra)
        - Gather Rough Animal Hide x13310
          - Gather Limestone x3330
          - Gather Sapwood x3330
        - External craft (skill_blacksmithing) via Basic Charcoal Kiln Lime x666 -> Lime x6660 (6655 req/5 extra)
        - External craft (skill_building) via Water Well Water x333 -> Water x6660 (6655 req/5 extra)
      - External craft (skill_leatherworking) via Simple Tanning Rack Inferior Leather x1331 -> Inferior Leather x13310 (13306 req/4 extra)
    - External craft (skill_leatherworking) via Leatherworking Table Heavy Top Grain Leather x13306 -> Heavy Top Grain Leather x13306 (13306 req/0 extra)
          - Gather Impure Iron Ore x66520
            - Gather Sapwood x266050
          - External craft (skill_building) via Basic Charcoal Kiln Charcoal x5321 -> Charcoal x133025 (133025 req/0 extra)
        - External craft (skill_blacksmithing) via Basic Furnace Iron Ingot x1663 -> Iron Ingot x33260 (33255 req/5 extra)
      - External craft (skill_blacksmithing) via Basic Forge Iron Bar x6653 -> Iron Bar x13306 (13306 req/0 extra)
    - External craft (skill_blacksmithing) via Basic Forge Iron Nails x13306 -> Iron Nails x665300 (665300 req/0 extra)
        - Gather Tin Ore x66540
        - Gather Copper Ore x66540
        - Gather Sapwood x332700
      - External craft (skill_blacksmithing) via Basic Furnace Bronze Ingot x3327 -> Bronze Ingot x66540 (66530 req/10 extra)
    - External craft (skill_blacksmithing) via Basic Forge Bronze Sheet x33265 -> Bronze Sheet x33265 (33265 req/0 extra)
  - Craft via Basic Weaponsmith Workbench Weaponsmithing Tools x6653 -> Weaponsmithing Tools x6653 (6653 req/0 extra)
    - Gather Heartwood x53230
  - External craft (skill_building) via Wood Chopping Block Fine Wood Beam x5323 -> Fine Wood Beam x26615 (26612 req/3 extra)
    - Gather Heartwood x39920
  - External craft (skill_building) via Wood Chopping Block Fine Wooden Plank x3992 -> Fine Wooden Plank x39920 (39918 req/2 extra)
- Craft Weaponsmith Workbench x6653 (final)"
skill_weapon_smithing,28,29,,2,recipe_wieldable_tool_skinning_knife_t2_rare,Honed Iron Skinning Knife,,8678,23.0,199594.0,44393.39,Rough Animal Hide-870; Impure Iron Ore-121520; Sapwood-494780; Furry Collarstone-104136; Whisper of the Star-8678,"Honed Iron Skinning Knife x8678 (final)
  - Gather Furry Collarstone x104136
  - Gather Whisper of the Star x8678
        - Gather Impure Iron Ore x86800
          - Gather Sapwood x347200
        - External craft (skill_building) via Basic Charcoal Kiln Charcoal x6944 -> Charcoal x173600 (173600 req/0 extra)
      - External craft (skill_blacksmithing) via Basic Furnace Iron Ingot x2170 -> Iron Ingot x43400 (43390 req/10 extra)
    - External craft (skill_blacksmithing) via Basic Forge Iron Bar x8678 -> Iron Bar x17356 (17356 req/0 extra)
  - External craft (skill_blacksmithing) via Basic Forge Iron Knife Blade x8678 -> Iron Knife Blade x8678 (8678 req/0 extra)
    - Gather Sapwood x8680
  - External craft (skill_building) via Wood Chopping Block Long Wood Stock x1736 -> Long Wood Stock x8680 (8678 req/2 extra)
      - Gather Impure Iron Ore x34720
        - Gather Sapwood x138900
      - External craft (skill_building) via Basic Charcoal Kiln Charcoal x2778 -> Charcoal x69450 (69440 req/10 extra)
    - External craft (skill_blacksmithing) via Basic Furnace Iron Ingot x868 -> Iron Ingot x17360 (17346 req/14 extra)
  - External craft (skill_blacksmithing) via Basic Forge Iron Sheet x8678 -> Iron Sheet x8678 (8678 req/0 extra)
        - Gather Rough Animal Hide x870
      - External craft (skill_leatherworking) via Simple Tanning Rack Rawhide x87 -> Rawhide x870 (868 req/2 extra)
    - External craft (skill_leatherworking) via Simple Leatherworking Table Nubuck Leather x868 -> Nubuck Leather x868 (868 req/0 extra)
  - External craft (skill_leatherworking) via Simple Leatherworking Table Coarse Leather Band x868 -> Coarse Leather Band x17360 (17356 req/4 extra)
- Craft Honed Iron Skinning Knife x8678 (final)"
skill_weapon_smithing,28,29,,3,recipe_wieldable_mace_2h_0_t2_rare,Warded Iron Greatmaul,,6439,31.0,199609.0,53216.99,Rough Animal Hide-3220; Copper Ore-8060; Impure Iron Ore-360600; Tin Ore-8060; Sapwood-1482700; Furry Collarstone-77268; Charm of the Path-6439,"Warded Iron Greatmaul x6439 (final)
  - Gather Furry Collarstone x77268
  - Gather Charm of the Path x6439
        - Gather Impure Iron Ore x25760
          - Gather Sapwood x103050
        - External craft (skill_building) via Basic Charcoal Kiln Charcoal x2061 -> Charcoal x51525 (51520 req/5 extra)
      - External craft (skill_blacksmithing) via Basic Furnace Iron Ingot x644 -> Iron Ingot x12880 (12878 req/2 extra)
    - External craft (skill_blacksmithing) via Basic Forge Iron Sheet x6439 -> Iron Sheet x6439 (6439 req/0 extra)
          - Gather Rough Animal Hide x1610
        - External craft (skill_leatherworking) via Simple Tanning Rack Rawhide x161 -> Rawhide x1610 (1610 req/0 extra)
      - External craft (skill_leatherworking) via Simple Leatherworking Table Nubuck Leather x1610 -> Nubuck Leather x1610 (1610 req/0 extra)
    - External craft (skill_leatherworking) via Simple Leatherworking Table Coarse Leather Band x1610 -> Coarse Leather Band x32200 (32195 req/5 extra)
          - Gather Tin Ore x1620
          - Gather Copper Ore x1620
          - Gather Sapwood x8100
        - External craft (skill_blacksmithing) via Basic Furnace Bronze Ingot x81 -> Bronze Ingot x1620 (1610 req/10 extra)
      - External craft (skill_blacksmithing) via Basic Forge Bronze Bar x322 -> Bronze Bar x322 (322 req/0 extra)
    - External craft (skill_blacksmithing) via Basic Forge Bronze Studs x322 -> Bronze Studs x64400 (64390 req/10 extra)
  - External craft (skill_blacksmithing) via Basic Forge Mace Grip x6439 -> Mace Grip x6439 (6439 req/0 extra)
    - Gather Impure Iron Ore x12880
      - Gather Sapwood x51550
    - External craft (skill_building) via Basic Charcoal Kiln Charcoal x1031 -> Charcoal x25775 (25755 req/20 extra)
  - External craft (skill_blacksmithing) via Basic Furnace Iron Ingot x322 -> Iron Ingot x6440 (6437 req/3 extra)
        - Gather Impure Iron Ore x321960
          - Gather Sapwood x1287800
        - External craft (skill_building) via Basic Charcoal Kiln Charcoal x25756 -> Charcoal x643900 (643900 req/0 extra)
      - External craft (skill_blacksmithing) via Basic Furnace Iron Ingot x8049 -> Iron Ingot x160980 (160972 req/8 extra)
    - External craft (skill_blacksmithing) via Basic Forge Iron Bar x32195 -> Iron Bar x64390 (64390 req/0 extra)
  - External craft (skill_blacksmithing) via Basic Forge Iron Spike x12878 -> Iron Spike x12878 (12878 req/0 extra)
        - Gather Rough Animal Hide x1610
      - External craft (skill_leatherworking) via Simple Tanning Rack Rawhide x161 -> Rawhide x1610 (1610 req/0 extra)
    - External craft (skill_leatherworking) via Simple Leatherworking Table Nubuck Leather x1610 -> Nubuck Leather x1610 (1610 req/0 extra)
  - External craft (skill_leatherworking) via Simple Leatherworking Table Coarse Leather Band x1610 -> Coarse Leather Band x32200 (32190 req/10 extra)
        - Gather Tin Ore x6440
        - Gather Copper Ore x6440
        - Gather Sapwood x32200
      - External craft (skill_blacksmithing) via Basic Furnace Bronze Ingot x322 -> Bronze Ingot x6440 (6430 req/10 extra)
    - External craft (skill_blacksmithing) via Basic Forge Bronze Bar x1288 -> Bronze Bar x1288 (1288 req/0 extra)
  - External craft (skill_blacksmithing) via Basic Forge Bronze Nails x1288 -> Bronze Nails x64400 (64390 req/10 extra)
- Craft Warded Iron Greatmaul x6439 (final)"
skill_fletching,29,30,,1,recipe_crafter_fletching_workbench_2,Fletching Table,,8837,24.0,212088.0,44295.46,Suet-176740; Heartwood-123730; Rough Animal Hide-17680; Impure Iron Ore-97240; Flax Seeds-441850; Limestone-4420; Sapwood-393420,"Fletching Table x8837 (final)
        - Gather Rough Animal Hide x17680
          - Gather Limestone x4420
          - Gather Sapwood x4420
        - External craft (skill_blacksmithing) via Basic Charcoal Kiln Lime x884 -> Lime x8840 (8840 req/0 extra)
        - External craft (skill_building) via Water Well Water x442 -> Water x8840 (8840 req/0 extra)
      - External craft (skill_leatherworking) via Simple Tanning Rack Inferior Leather x1768 -> Inferior Leather x17680 (17674 req/6 extra)
    - External craft (skill_leatherworking) via Leatherworking Table Heavy Top Grain Leather x17674 -> Heavy Top Grain Leather x17674 (17674 req/0 extra)
          - Gather Impure Iron Ore x88400
            - Gather Sapwood x353600
          - External craft (skill_building) via Basic Charcoal Kiln Charcoal x7072 -> Charcoal x176800 (176800 req/0 extra)
        - External craft (skill_blacksmithing) via Basic Furnace Iron Ingot x2210 -> Iron Ingot x44200 (44185 req/15 extra)
      - External craft (skill_blacksmithing) via Basic Forge Iron Bar x8837 -> Iron Bar x17674 (17674 req/0 extra)
    - External craft (skill_blacksmithing) via Basic Forge Iron Knife Blade x8837 -> Iron Knife Blade x8837 (8837 req/0 extra)
          - Gather Impure Iron Ore x8840
            - Gather Sapwood x35400
          - External craft (skill_building) via Basic Charcoal Kiln Charcoal x708 -> Charcoal x17700 (17680 req/20 extra)
        - External craft (skill_blacksmithing) via Basic Furnace Iron Ingot x221 -> Iron Ingot x4420 (4405 req/15 extra)
      - External craft (skill_blacksmithing) via Basic Forge Iron Bar x884 -> Iron Bar x1768 (1768 req/0 extra)
    - External craft (skill_blacksmithing) via Basic Forge Iron Nails x1768 -> Iron Nails x88400 (88370 req/30 extra)
      - Gather Flax Seeds x441850
        - Gather Suet x176740
      - External craft (skill_cooking) via Basic Cooking Hearth Tallow x88370 -> Tallow x441850 (441850 req/0 extra)
    - External craft (skill_leatherworking) via Leatherworking Table Linseed Oil x44185 -> Linseed Oil x44185 (44185 req/0 extra)
  - Craft via Basic Fletching Table Fletching Tools x8837 -> Fletching Tools x8837 (8837 req/0 extra)
    - Gather Heartwood x70700
  - External craft (skill_building) via Wood Chopping Block Fine Wood Beam x7070 -> Fine Wood Beam x35350 (35348 req/2 extra)
    - Gather Heartwood x53030
  - External craft (skill_building) via Wood Chopping Block Fine Wooden Plank x5303 -> Fine Wooden Plank x53030 (53022 req/8 extra)
- Craft Fletching Table x8837 (final)"
skill_fletching,29,30,,2,recipe_item_unlock_crafter_fletching_workbench_2,Fletching Tools,,17674,12.0,212088.0,109637.71,Suet-353480; Rough Animal Hide-35350; Impure Iron Ore-194440; Flax Seeds-883700; Limestone-8840; Sapwood-786640,"Fletching Tools x17674 (final)
      - Gather Rough Animal Hide x35350
        - Gather Limestone x8840
        - Gather Sapwood x8840
      - External craft (skill_blacksmithing) via Basic Charcoal Kiln Lime x1768 -> Lime x17680 (17675 req/5 extra)
      - External craft (skill_building) via Water Well Water x884 -> Water x17680 (17675 req/5 extra)
    - External craft (skill_leatherworking) via Simple Tanning Rack Inferior Leather x3535 -> Inferior Leather x35350 (35348 req/2 extra)
  - External craft (skill_leatherworking) via Leatherworking Table Heavy Top Grain Leather x35348 -> Heavy Top Grain Leather x35348 (35348 req/0 extra)
        - Gather Impure Iron Ore x176760
          - Gather Sapwood x707050
        - External craft (skill_building) via Basic Charcoal Kiln Charcoal x14141 -> Charcoal x353525 (353520 req/5 extra)
      - External craft (skill_blacksmithing) via Basic Furnace Iron Ingot x4419 -> Iron Ingot x88380 (88370 req/10 extra)
    - External craft (skill_blacksmithing) via Basic Forge Iron Bar x17674 -> Iron Bar x35348 (35348 req/0 extra)
  - External craft (skill_blacksmithing) via Basic Forge Iron Knife Blade x17674 -> Iron Knife Blade x17674 (17674 req/0 extra)
        - Gather Impure Iron Ore x17680
          - Gather Sapwood x70750
        - External craft (skill_building) via Basic Charcoal Kiln Charcoal x1415 -> Charcoal x35375 (35355 req/20 extra)
      - External craft (skill_blacksmithing) via Basic Furnace Iron Ingot x442 -> Iron Ingot x8840 (8830 req/10 extra)
    - External craft (skill_blacksmithing) via Basic Forge Iron Bar x1768 -> Iron Bar x3536 (3535 req/1 extra)
  - External craft (skill_blacksmithing) via Basic Forge Iron Nails x3535 -> Iron Nails x176750 (176740 req/10 extra)
    - Gather Flax Seeds x883700
      - Gather Suet x353480
    - External craft (skill_cooking) via Basic Cooking Hearth Tallow x176740 -> Tallow x883700 (883700 req/0 extra)
  - External craft (skill_leatherworking) via Leatherworking Table Linseed Oil x88370 -> Linseed Oil x88370 (88370 req/0 extra)
- Craft Fletching Tools x17674 (final)"
skill_fletching,29,30,,3,recipe_wieldable_bow_2h_0_t2_rare,Warded Longbow,,53020,4.0,212080.0,354681.71,Boar Sinew-265100; Rough Animal Hide-26510; Sapwood-159060; Resin-371140; Token of the Whisper-53020; Furry Collarstone-636240,"Warded Longbow x53020 (final)
  - Gather Furry Collarstone x636240
  - Gather Token of the Whisper x53020
      - Gather Sapwood x159060
    - External craft (skill_building) via Wood Chopping Block Long Wood Stock x31812 -> Long Wood Stock x159060 (159060 req/0 extra)
    - Gather Resin x371140
    - External craft (skill_cooking) via Basic Beehive Beeswax x106040 -> Beeswax x530200 (530200 req/0 extra)
  - Craft via Basic Fletching Table Rough Bow Stave x53020 -> Rough Bow Stave x53020 (53020 req/0 extra)
  - Gather Boar Sinew x265100
        - Gather Rough Animal Hide x26510
      - External craft (skill_leatherworking) via Simple Tanning Rack Rawhide x2651 -> Rawhide x26510 (26510 req/0 extra)
    - External craft (skill_leatherworking) via Simple Leatherworking Table Nubuck Leather x26510 -> Nubuck Leather x26510 (26510 req/0 extra)
  - External craft (skill_leatherworking) via Simple Leatherworking Table Coarse Leather Band x26510 -> Coarse Leather Band x530200 (530200 req/0 extra)
- Craft Warded Longbow x53020 (final)"
skill_armor_smithing,25,26,,1,recipe_crafter_blacksmith_armor_workbench_2,Armorer Workbench,,3137,48.0,150576.0,15724.21,Heartwood-43930; Rough Animal Hide-6280; Copper Ore-31380; Impure Iron Ore-125520; Tin Ore-31380; Limestone-1570; Sapwood-786070,"Armorer Workbench x3137 (final)
          - Gather Impure Iron Ore x94160
            - Gather Sapwood x376650
          - External craft (skill_building) via Basic Charcoal Kiln Charcoal x7533 -> Charcoal x188325 (188320 req/5 extra)
        - External craft (skill_blacksmithing) via Basic Furnace Iron Ingot x2354 -> Iron Ingot x47080 (47070 req/10 extra)
          - Gather Sapwood x125550
        - External craft (skill_building) via Basic Charcoal Kiln Charcoal x2511 -> Charcoal x62775 (62755 req/20 extra)
      - External craft (skill_blacksmithing) via Basic Furnace Wrought Iron Ingot x1569 -> Wrought Iron Ingot x31380 (31370 req/10 extra)
    - External craft (skill_blacksmithing) via Forge Wrought Iron Sheet x15685 -> Wrought Iron Sheet x15685 (15685 req/0 extra)
        - Gather Rough Animal Hide x6280
          - Gather Limestone x1570
          - Gather Sapwood x1570
        - External craft (skill_blacksmithing) via Basic Charcoal Kiln Lime x314 -> Lime x3140 (3140 req/0 extra)
        - External craft (skill_building) via Water Well Water x157 -> Water x3140 (3140 req/0 extra)
      - External craft (skill_leatherworking) via Simple Tanning Rack Inferior Leather x628 -> Inferior Leather x6280 (6274 req/6 extra)
    - External craft (skill_leatherworking) via Leatherworking Table Heavy Top Grain Leather x6274 -> Heavy Top Grain Leather x6274 (6274 req/0 extra)
          - Gather Impure Iron Ore x31360
            - Gather Sapwood x125400
          - External craft (skill_building) via Basic Charcoal Kiln Charcoal x2508 -> Charcoal x62700 (62700 req/0 extra)
        - External craft (skill_blacksmithing) via Basic Furnace Iron Ingot x784 -> Iron Ingot x15680 (15675 req/5 extra)
      - External craft (skill_blacksmithing) via Basic Forge Iron Bar x3137 -> Iron Bar x6274 (6274 req/0 extra)
    - External craft (skill_blacksmithing) via Basic Forge Iron Nails x6274 -> Iron Nails x313700 (313700 req/0 extra)
        - Gather Tin Ore x31380
        - Gather Copper Ore x31380
        - Gather Sapwood x156900
      - External craft (skill_blacksmithing) via Basic Furnace Bronze Ingot x1569 -> Bronze Ingot x31380 (31370 req/10 extra)
    - External craft (skill_blacksmithing) via Basic Forge Bronze Sheet x15685 -> Bronze Sheet x15685 (15685 req/0 extra)
  - Craft via Basic Armorer Workbench Armorer Tools x3137 -> Armorer Tools x3137 (3137 req/0 extra)
    - Gather Heartwood x25100
  - External craft (skill_building) via Wood Chopping Block Fine Wood Beam x2510 -> Fine Wood Beam x12550 (12548 req/2 extra)
    - Gather Heartwood x18830
  - External craft (skill_building) via Wood Chopping Block Fine Wooden Plank x1883 -> Fine Wooden Plank x18830 (18822 req/8 extra)
- Craft Armorer Workbench x3137 (final)"
skill_armor_smithing,25,26,,2,recipe_wearable_metal_head_ironside_f_t2_rare,Ironside's Helm of Warcry II,,5378,28.0,150584.0,76639.86,Rough Animal Hide-1080; Copper Ore-4320; Impure Iron Ore-217840; Tin Ore-4320; Sapwood-893000; Worn Out Locket-64536; Charm of the Earthcall-5378,"Ironside's Helm of Warcry II x5378 (final)
  - Gather Worn Out Locket x64536
  - Gather Charm of the Earthcall x5378
      - Gather Impure Iron Ore x215120
        - Gather Sapwood x860500
      - External craft (skill_building) via Basic Charcoal Kiln Charcoal x17210 -> Charcoal x430250 (430240 req/10 extra)
    - External craft (skill_blacksmithing) via Basic Furnace Iron Ingot x5378 -> Iron Ingot x107560 (107560 req/0 extra)
  - External craft (skill_blacksmithing) via Basic Forge Iron Sheet x53780 -> Iron Sheet x53780 (53780 req/0 extra)
        - Gather Rough Animal Hide x1080
      - External craft (skill_leatherworking) via Simple Tanning Rack Rawhide x108 -> Rawhide x1080 (1076 req/4 extra)
    - External craft (skill_leatherworking) via Simple Leatherworking Table Nubuck Leather x1076 -> Nubuck Leather x1076 (1076 req/0 extra)
  - External craft (skill_leatherworking) via Simple Leatherworking Table Coarse Leather Band x1076 -> Coarse Leather Band x21520 (21512 req/8 extra)
        - Gather Tin Ore x4320
        - Gather Copper Ore x4320
        - Gather Sapwood x21600
      - External craft (skill_blacksmithing) via Basic Furnace Bronze Ingot x216 -> Bronze Ingot x4320 (4310 req/10 extra)
    - External craft (skill_blacksmithing) via Basic Forge Bronze Sheet x2155 -> Bronze Sheet x2155 (2155 req/0 extra)
  - External craft (skill_blacksmithing) via Basic Forge Bronze Buckle x431 -> Bronze Buckle x10775 (10756 req/19 extra)
        - Gather Impure Iron Ore x2720
          - Gather Sapwood x10900
        - External craft (skill_building) via Basic Charcoal Kiln Charcoal x218 -> Charcoal x5450 (5430 req/20 extra)
      - External craft (skill_blacksmithing) via Basic Furnace Iron Ingot x68 -> Iron Ingot x1360 (1345 req/15 extra)
    - External craft (skill_blacksmithing) via Basic Forge Iron Bar x269 -> Iron Bar x538 (538 req/0 extra)
  - External craft (skill_blacksmithing) via Basic Forge Iron Studs x538 -> Iron Studs x107600 (107560 req/40 extra)
- Craft Ironside's Helm of Warcry II x5378 (final)"
skill_armor_smithing,25,26,,3,recipe_wearable_metal_head_herald_di_t2_rare,Herald's Helm of the Immovable II,,5378,28.0,150584.0,88088.28,Rough Animal Hide-1080; Copper Ore-4320; Impure Iron Ore-217840; Tin Ore-4320; Hemlock Sap-53780; Sapwood-893000; Worn Out Locket-64536; Blessed Ligarius-5378,"Herald's Helm of the Immovable II x5378 (final)
  - Gather Worn Out Locket x64536
  - Gather Blessed Ligarius x5378
  - Gather Hemlock Sap x53780
      - Gather Impure Iron Ore x215120
        - Gather Sapwood x860500
      - External craft (skill_building) via Basic Charcoal Kiln Charcoal x17210 -> Charcoal x430250 (430240 req/10 extra)
    - External craft (skill_blacksmithing) via Basic Furnace Iron Ingot x5378 -> Iron Ingot x107560 (107560 req/0 extra)
  - External craft (skill_blacksmithing) via Basic Forge Iron Sheet x53780 -> Iron Sheet x53780 (53780 req/0 extra)
        - Gather Rough Animal Hide x1080
      - External craft (skill_leatherworking) via Simple Tanning Rack Rawhide x108 -> Rawhide x1080 (1076 req/4 extra)
    - External craft (skill_leatherworking) via Simple Leatherworking Table Nubuck Leather x1076 -> Nubuck Leather x1076 (1076 req/0 extra)
  - External craft (skill_leatherworking) via Simple Leatherworking Table Coarse Leather Band x1076 -> Coarse Leather Band x21520 (21512 req/8 extra)
        - Gather Tin Ore x4320
        - Gather Copper Ore x4320
        - Gather Sapwood x21600
      - External craft (skill_blacksmithing) via Basic Furnace Bronze Ingot x216 -> Bronze Ingot x4320 (4310 req/10 extra)
    - External craft (skill_blacksmithing) via Basic Forge Bronze Sheet x2155 -> Bronze Sheet x2155 (2155 req/0 extra)
  - External craft (skill_blacksmithing) via Basic Forge Bronze Buckle x431 -> Bronze Buckle x10775 (10756 req/19 extra)
        - Gather Impure Iron Ore x2720
          - Gather Sapwood x10900
        - External craft (skill_building) via Basic Charcoal Kiln Charcoal x218 -> Charcoal x5450 (5430 req/20 extra)
      - External craft (skill_blacksmithing) via Basic Furnace Iron Ingot x68 -> Iron Ingot x1360 (1345 req/15 extra)
    - External craft (skill_blacksmithing) via Basic Forge Iron Bar x269 -> Iron Bar x538 (538 req/0 extra)
  - External craft (skill_blacksmithing) via Basic Forge Iron Studs x538 -> Iron Studs x107600 (107560 req/40 extra)
- Craft Herald's Helm of the Immovable II x5378 (final)"
skill_cooking,27,28,,1,recipe_activatable_drink_herbal_tea_maxhp_9,Rosemary Tea,,462,406.0,187577.4,1055.29,Red Poppy-2310; Rosemary-2310,"Rosemary Tea x462 (final)
  - External craft (skill_building) via Water Well Water x116 -> Water x2320 (2310 req/10 extra)
  - Gather Rosemary x2310
  - Gather Red Poppy x2310
- Craft Rosemary Tea x462 (final)"
skill_cooking,27,28,,2,recipe_activatable_drink_sirup_hpregen_33,Red Currant Syrup,,573,327.4,187612.0,1191.36,Red Currant-2865,"Red Currant Syrup x573 (final)
  - External craft (skill_building) via Water Well Water x144 -> Water x2880 (2865 req/15 extra)
  - Gather Red Currant x2865
- Craft Red Currant Syrup x573 (final)"
skill_cooking,27,28,,3,recipe_activatable_drink_sirup_staminaregen_35,Blackberry Syrup,,641,292.2,187327.0,1165.82,Blackberry-3205,"Blackberry Syrup x641 (final)
  - External craft (skill_building) via Water Well Water x161 -> Water x3220 (3205 req/15 extra)
  - Gather Blackberry x3205
- Craft Blackberry Syrup x641 (final)"
skill_jewelerycrafting,26,27,,1,recipe_crafter_jewelcrafting_workbench_2,Jeweler Table,,4172,42.0,175224.0,20912.15,Amber-4172; Heartwood-58420; Rough Animal Hide-4180; Copper Ore-125160; Tin Ore-125160; Limestone-1045; Sapwood-626845,"Jeweler Table x4172 (final)
    - Gather Amber x4172
        - Gather Rough Animal Hide x4180
          - Gather Limestone x1045
          - Gather Sapwood x1045
        - External craft (skill_blacksmithing) via Basic Charcoal Kiln Lime x209 -> Lime x2090 (2090 req/0 extra)
        - External craft (skill_building) via Water Well Water x105 -> Water x2100 (2090 req/10 extra)
      - External craft (skill_leatherworking) via Simple Tanning Rack Inferior Leather x418 -> Inferior Leather x4180 (4172 req/8 extra)
    - External craft (skill_leatherworking) via Leatherworking Table Heavy Top Grain Leather x4172 -> Heavy Top Grain Leather x4172 (4172 req/0 extra)
        - Gather Tin Ore x104300
        - Gather Copper Ore x104300
        - Gather Sapwood x521500
      - External craft (skill_blacksmithing) via Basic Furnace Bronze Ingot x5215 -> Bronze Ingot x104300 (104300 req/0 extra)
    - External craft (skill_blacksmithing) via Basic Forge Bronze Bar x20860 -> Bronze Bar x20860 (20860 req/0 extra)
      - Gather Tin Ore x20860
      - Gather Copper Ore x20860
      - Gather Sapwood x104300
    - External craft (skill_blacksmithing) via Basic Furnace Bronze Ingot x1043 -> Bronze Ingot x20860 (20860 req/0 extra)
  - Craft via Basic Jeweler Table Jewelcrafting Tools x4172 -> Jewelcrafting Tools x4172 (4172 req/0 extra)
    - Gather Heartwood x33380
  - External craft (skill_building) via Wood Chopping Block Fine Wood Beam x3338 -> Fine Wood Beam x16690 (16688 req/2 extra)
    - Gather Heartwood x25040
  - External craft (skill_building) via Wood Chopping Block Fine Wooden Plank x2504 -> Fine Wooden Plank x25040 (25032 req/8 extra)
- Craft Jeweler Table x4172 (final)"
skill_jewelerycrafting,26,27,,2,recipe_wearable_jewellery_bracelet_common_7,Shiny Silver Bracelet,,19466,9.0,175194.0,7786.40,Impure Iron Ore-58440; Sapwood-311700,"Shiny Silver Bracelet x19466 (final)
      - Gather Impure Iron Ore x58440
        - Gather Sapwood x233800
      - External craft (skill_building) via Basic Charcoal Kiln Charcoal x4676 -> Charcoal x116900 (116880 req/20 extra)
    - External craft (skill_blacksmithing) via Basic Furnace Iron Ingot x1461 -> Iron Ingot x29220 (29220 req/0 extra)
      - Gather Sapwood x77900
    - External craft (skill_building) via Basic Charcoal Kiln Charcoal x1558 -> Charcoal x38950 (38940 req/10 extra)
  - External craft (skill_blacksmithing) via Basic Furnace Wrought Iron Ingot x974 -> Wrought Iron Ingot x19480 (19466 req/14 extra)
- Craft Shiny Silver Bracelet x19466 (final)"
skill_jewelerycrafting,26,27,,3,recipe_item_unlock_crafter_jewelcrafting_workbench_2,Jewelcrafting Tools,,8343,21.0,175203.0,21615.32,Amber-8343; Rough Animal Hide-8350; Copper Ore-250300; Tin Ore-250300; Limestone-2090; Sapwood-1253590,"Jewelcrafting Tools x8343 (final)
  - Gather Amber x8343
      - Gather Rough Animal Hide x8350
        - Gather Limestone x2090
        - Gather Sapwood x2090
      - External craft (skill_blacksmithing) via Basic Charcoal Kiln Lime x418 -> Lime x4180 (4175 req/5 extra)
      - External craft (skill_building) via Water Well Water x209 -> Water x4180 (4175 req/5 extra)
    - External craft (skill_leatherworking) via Simple Tanning Rack Inferior Leather x835 -> Inferior Leather x8350 (8343 req/7 extra)
  - External craft (skill_leatherworking) via Leatherworking Table Heavy Top Grain Leather x8343 -> Heavy Top Grain Leather x8343 (8343 req/0 extra)
      - Gather Tin Ore x208580
      - Gather Copper Ore x208580
      - Gather Sapwood x1042900
    - External craft (skill_blacksmithing) via Basic Furnace Bronze Ingot x10429 -> Bronze Ingot x208580 (208575 req/5 extra)
  - External craft (skill_blacksmithing) via Basic Forge Bronze Bar x41715 -> Bronze Bar x41715 (41715 req/0 extra)
    - Gather Tin Ore x41720
    - Gather Copper Ore x41720
    - Gather Sapwood x208600
  - External craft (skill_blacksmithing) via Basic Furnace Bronze Ingot x2086 -> Bronze Ingot x41720 (41710 req/10 extra)
- Craft Jewelcrafting Tools x8343 (final)"
skill_winery_and_brewing,26,27,,1,recipe_crafter_wine_barrel_1,Wine Barrel,,258,679.6,175337.2,1360.95,Copper Ore-3620; Impure Iron Ore-280; Tin Ore-2580; Sand-103200; Sapwood-143070,"Wine Barrel x258 (final)
      - Gather Copper Ore x1040
        - Gather Sapwood x3150
      - External craft (skill_building) via Basic Charcoal Kiln Charcoal x63 -> Charcoal x1575 (1560 req/15 extra)
    - External craft (skill_blacksmithing) via Basic Furnace Copper Ingot x52 -> Copper Ingot x520 (516 req/4 extra)
        - Gather Sand x103200
          - Gather Sapwood x123850
        - External craft (skill_building) via Basic Charcoal Kiln Charcoal x2477 -> Charcoal x61925 (61905 req/20 extra)
      - External craft (skill_building) via Furnace Glass x2064 -> Glass x20640 (20640 req/0 extra)
    - External craft (skill_blacksmithing) via Forge Vial x1032 -> Vial x5160 (5160 req/0 extra)
        - Gather Tin Ore x2580
        - Gather Copper Ore x2580
        - Gather Sapwood x12900
      - External craft (skill_blacksmithing) via Basic Furnace Bronze Ingot x129 -> Bronze Ingot x2580 (2580 req/0 extra)
    - External craft (skill_blacksmithing) via Basic Forge Bronze Sheet x1290 -> Bronze Sheet x1290 (1290 req/0 extra)
  - Craft via Basic Cooking Workbench Barrel Pieces x258 -> Barrel Pieces x258 (258 req/0 extra)
    - Gather Sapwood x2070
  - External craft (skill_building) via Wood Chopping Block Plank x207 -> Plank x2070 (2064 req/6 extra)
        - Gather Impure Iron Ore x280
          - Gather Sapwood x1100
        - External craft (skill_building) via Basic Charcoal Kiln Charcoal x22 -> Charcoal x550 (540 req/10 extra)
      - External craft (skill_blacksmithing) via Basic Furnace Iron Ingot x7 -> Iron Ingot x140 (130 req/10 extra)
    - External craft (skill_blacksmithing) via Basic Forge Iron Bar x26 -> Iron Bar x52 (52 req/0 extra)
  - External craft (skill_blacksmithing) via Basic Forge Iron Nails x52 -> Iron Nails x2600 (2580 req/20 extra)
- Craft Wine Barrel x258 (final)"
skill_winery_and_brewing,26,27,,2,recipe_activatable_drink_mead_damagebuff_27,Strawberry Mead,,555,315.9,175302.0,1260.31,Strawberry-2775; Barley Grain-560; Rye Grain-560,"Strawberry Mead x555 (final)
  - External craft (skill_cooking) via Basic Beehive Honey x555 -> Honey x2775 (2775 req/0 extra)
      - Gather Barley Grain x560
    - Craft via Basic Fermenter Malt x28 -> Malt x560 (560 req/0 extra)
      - External craft (skill_building) via Water Well Water x28 -> Water x560 (560 req/0 extra)
        - Gather Rye Grain x560
      - External craft (skill_baking) via Millstone Rye Flour x28 -> Rye Flour x560 (560 req/0 extra)
    - External craft (skill_baking) via Basic Fermenter Yeast x28 -> Yeast x560 (560 req/0 extra)
    - External craft (skill_building) via Water Well Water x28 -> Water x560 (560 req/0 extra)
  - Craft via Basic Fermenter Cloudy Mead Base x56 -> Cloudy Mead Base x560 (555 req/5 extra)
  - Gather Strawberry x2775
- Craft Strawberry Mead x555 (final)"
skill_winery_and_brewing,26,27,,3,recipe_activatable_drink_ale_maxhp_42,Duskfire Ale,,587,298.4,175172.8,3887.90,Barley Grain-8820; Rye Grain-5880; Rosemary-5870,"Duskfire Ale x587 (final)
      - Gather Barley Grain x8820
    - Craft via Basic Fermenter Malt x441 -> Malt x8820 (8820 req/0 extra)
      - External craft (skill_building) via Water Well Water x147 -> Water x2940 (2940 req/0 extra)
        - Gather Rye Grain x2940
      - External craft (skill_baking) via Millstone Rye Flour x147 -> Rye Flour x2940 (2940 req/0 extra)
    - External craft (skill_baking) via Basic Fermenter Yeast x147 -> Yeast x2940 (2940 req/0 extra)
    - External craft (skill_building) via Water Well Water x147 -> Water x2940 (2940 req/0 extra)
  - Craft via Basic Fermenter Cloudy Ale Base x294 -> Cloudy Ale Base x2940 (2935 req/5 extra)
    - External craft (skill_building) via Water Well Water x147 -> Water x2940 (2940 req/0 extra)
      - Gather Rye Grain x2940
    - External craft (skill_baking) via Millstone Rye Flour x147 -> Rye Flour x2940 (2940 req/0 extra)
  - External craft (skill_baking) via Basic Fermenter Yeast x147 -> Yeast x2940 (2935 req/5 extra)
  - External craft (skill_building) via Water Well Water x147 -> Water x2940 (2935 req/5 extra)
  - Gather Rosemary x5870
- Craft Duskfire Ale x587 (final)"
skill_alchemy,27,28,,1,recipe_crafter_alchemy_reagent_distillery_2,Reagent Distiller,,459,408.1,187322.4,4464.54,Impure Iron Ore-840; Sand-22950; Sapwood-33890,"Reagent Distiller x459 (final)
    - Gather Sapwood x1840
  - External craft (skill_building) via Wood Chopping Block Plank x184 -> Plank x1840 (1836 req/4 extra)
          - Gather Impure Iron Ore x840
            - Gather Sapwood x3400
          - External craft (skill_building) via Basic Charcoal Kiln Charcoal x68 -> Charcoal x1700 (1680 req/20 extra)
        - External craft (skill_blacksmithing) via Basic Furnace Iron Ingot x21 -> Iron Ingot x420 (420 req/0 extra)
          - Gather Sapwood x1100
        - External craft (skill_building) via Basic Charcoal Kiln Charcoal x22 -> Charcoal x550 (540 req/10 extra)
      - External craft (skill_blacksmithing) via Basic Furnace Wrought Iron Ingot x14 -> Wrought Iron Ingot x280 (280 req/0 extra)
    - External craft (skill_blacksmithing) via Basic Forge Wrought Iron Bar x56 -> Wrought Iron Bar x112 (111 req/1 extra)
  - External craft (skill_blacksmithing) via Forge Wrought Iron Nails x111 -> Wrought Iron Nails x5550 (5508 req/42 extra)
    - Gather Sand x22950
      - Gather Sapwood x27550
    - External craft (skill_building) via Basic Charcoal Kiln Charcoal x551 -> Charcoal x13775 (13760 req/15 extra)
  - External craft (skill_building) via Furnace Glass x459 -> Glass x4590 (4590 req/0 extra)
- Craft Reagent Distiller x459 (final)"
skill_alchemy,27,28,,2,recipe_crafter_alchemy_workbench_2,Alchemy Table,,5196,36.0,187056.0,26044.95,Nightshade Fruit-25980; Heartwood-72750; Rough Animal Hide-31190; Copper Ore-129900; Tin Ore-129900; Limestone-12995; Sand-519600; Sapwood-1286045,"Alchemy Table x5196 (final)
      - Gather Sand x519600
        - Gather Sapwood x623550
      - External craft (skill_building) via Basic Charcoal Kiln Charcoal x12471 -> Charcoal x311775 (311760 req/15 extra)
    - External craft (skill_building) via Furnace Glass x10392 -> Glass x103920 (103920 req/0 extra)
        - Gather Rough Animal Hide x31190
          - Gather Limestone x7800
          - Gather Sapwood x7800
        - External craft (skill_blacksmithing) via Basic Charcoal Kiln Lime x1560 -> Lime x15600 (15595 req/5 extra)
        - External craft (skill_building) via Water Well Water x780 -> Water x15600 (15595 req/5 extra)
      - External craft (skill_leatherworking) via Simple Tanning Rack Inferior Leather x3119 -> Inferior Leather x31190 (31185 req/5 extra)
        - Gather Limestone x5195
        - Gather Sapwood x5195
      - External craft (skill_blacksmithing) via Basic Charcoal Kiln Lime x1039 -> Lime x10390 (10390 req/0 extra)
      - External craft (skill_building) via Water Well Water x520 -> Water x10400 (10390 req/10 extra)
    - External craft (skill_leatherworking) via Tanning Rack Boiled Leather x2079 -> Boiled Leather x10395 (10392 req/3 extra)
        - Gather Tin Ore x129900
        - Gather Copper Ore x129900
        - Gather Sapwood x649500
      - External craft (skill_blacksmithing) via Basic Furnace Bronze Ingot x6495 -> Bronze Ingot x129900 (129900 req/0 extra)
    - External craft (skill_blacksmithing) via Basic Forge Bronze Bar x25980 -> Bronze Bar x25980 (25980 req/0 extra)
    - Gather Nightshade Fruit x25980
  - Craft via Basic Alchemy Table Alchemy Instruments x5196 -> Alchemy Instruments x5196 (5196 req/0 extra)
    - Gather Heartwood x41570
  - External craft (skill_building) via Wood Chopping Block Fine Wood Beam x4157 -> Fine Wood Beam x20785 (20784 req/1 extra)
    - Gather Heartwood x31180
  - External craft (skill_building) via Wood Chopping Block Fine Wooden Plank x3118 -> Fine Wooden Plank x31180 (31176 req/4 extra)
- Craft Alchemy Table x5196 (final)"
skill_alchemy,27,28,,3,recipe_activatable_potion_potion_of_protection_very_small_32,Aegis Potion V,,18706,10.0,187060.0,72711.78,Castor Plant-18710; Sand-1122360; Sapwood-1137350,"Aegis Potion V x18706 (final)
    - Gather Castor Plant x18710
      - Gather Sapwood x15000
    - External craft (skill_building) via Basic Charcoal Kiln Charcoal x300 -> Charcoal x7500 (7484 req/16 extra)
    - External craft (skill_building) via Water Well Water x936 -> Water x18720 (18710 req/10 extra)
  - Craft via Basic Reagent Distiller Castor Extract x3742 -> Castor Extract x37420 (37412 req/8 extra)
  - External craft (skill_building) via Water Well Water x7482 -> Water x149640 (149638 req/2 extra)
      - Gather Sand x1122360
        - Gather Sapwood x1122350
      - External craft (skill_building) via Basic Charcoal Kiln Charcoal x22447 -> Charcoal x561175 (561164 req/11 extra)
    - External craft (skill_building) via Basic Furnace Rough Glass x28059 -> Rough Glass x280590 (280590 req/0 extra)
  - External craft (skill_blacksmithing) via Basic Forge Small Vial x18706 -> Small Vial x93530 (93530 req/0 extra)
- Craft Aegis Potion V x18706 (final)"
skill_blacksmithing,30,31,Prereq: level skill_blacksmithing towards crafting item_material_steel_bar,1,recipe_item_material_steel_axe_blade,Steel Axe Head,,99,2281.3,225853.1,369.60,Pure Iron Ore-2380; Sapwood-47600,"Steel Axe Head x99 (final)
      - Gather Pure Iron Ore x1980
        - Gather Sapwood x39600
      - External craft (skill_building) via Basic Charcoal Kiln Charcoal x792 -> Charcoal x19800 (19800 req/0 extra)
    - Craft via Furnace Steel Ingot x99 -> Steel Ingot x990 (990 req/0 extra)
  - Craft via Forge Steel Sheet x495 -> Steel Sheet x495 (495 req/0 extra)
    - Gather Pure Iron Ore x400
      - Gather Sapwood x8000
    - External craft (skill_building) via Basic Charcoal Kiln Charcoal x160 -> Charcoal x4000 (4000 req/0 extra)
  - Craft via Furnace Steel Ingot x20 -> Steel Ingot x200 (198 req/2 extra)
- Craft Steel Axe Head x99 (final)"
skill_blacksmithing,30,31,Prereq: level skill_blacksmithing towards crafting item_material_steel_bar,2,recipe_item_material_steel_studs,Steel Studs,,319,703.8,163504.5,167.47,Pure Iron Ore-1600; Sapwood-32000,"Steel Studs x319 (final)
      - Gather Pure Iron Ore x1600
        - Gather Sapwood x32000
      - External craft (skill_building) via Basic Charcoal Kiln Charcoal x640 -> Charcoal x16000 (16000 req/0 extra)
    - Craft via Furnace Steel Ingot x80 -> Steel Ingot x800 (800 req/0 extra)
  - Craft via Forge Steel Bar x160 -> Steel Bar x320 (319 req/1 extra)
- Craft Steel Studs x319 (final)"
skill_blacksmithing,30,31,Prereq: level skill_blacksmithing towards crafting item_material_steel_bar,3,recipe_item_material_steel_sword_blade,Steel Sword Blade,,143,1569.4,197178.3,375.38,Pure Iron Ore-3580; Sapwood-71600,"Steel Sword Blade x143 (final)
      - Gather Pure Iron Ore x3580
        - Gather Sapwood x71600
      - External craft (skill_building) via Basic Charcoal Kiln Charcoal x1432 -> Charcoal x35800 (35800 req/0 extra)
    - Craft via Furnace Steel Ingot x179 -> Steel Ingot x1790 (1790 req/0 extra)
  - Craft via Forge Steel Bar x358 -> Steel Bar x716 (715 req/1 extra)
- Craft Steel Sword Blade x143 (final)"
skill_weapon_smithing,29,30,,1,recipe_crafter_blacksmith_weapon_workbench_2,Weaponsmith Workbench,,8838,24.0,212112.0,44300.48,Heartwood-123740; Rough Animal Hide-17680; Copper Ore-88380; Impure Iron Ore-353520; Tin Ore-88380; Limestone-4420; Sapwood-2213920,"Weaponsmith Workbench x8838 (final)
          - Gather Impure Iron Ore x265160
            - Gather Sapwood x1060650
          - External craft (skill_building) via Basic Charcoal Kiln Charcoal x21213 -> Charcoal x530325 (530320 req/5 extra)
        - External craft (skill_blacksmithing) via Basic Furnace Iron Ingot x6629 -> Iron Ingot x132580 (132570 req/10 extra)
          - Gather Sapwood x353550
        - External craft (skill_building) via Basic Charcoal Kiln Charcoal x7071 -> Charcoal x176775 (176755 req/20 extra)
      - External craft (skill_blacksmithing) via Basic Furnace Wrought Iron Ingot x4419 -> Wrought Iron Ingot x88380 (88380 req/0 extra)
    - External craft (skill_blacksmithing) via Forge Wrought Iron Sheet x44190 -> Wrought Iron Sheet x44190 (44190 req/0 extra)
        - Gather Rough Animal Hide x17680
          - Gather Limestone x4420
          - Gather Sapwood x4420
        - External craft (skill_blacksmithing) via Basic Charcoal Kiln Lime x884 -> Lime x8840 (8840 req/0 extra)
        - External craft (skill_building) via Water Well Water x442 -> Water x8840 (8840 req/0 extra)
      - External craft (skill_leatherworking) via Simple Tanning Rack Inferior Leather x1768 -> Inferior Leather x17680 (17676 req/4 extra)
    - External craft (skill_leatherworking) via Leatherworking Table Heavy Top Grain Leather x17676 -> Heavy Top Grain Leather x17676 (17676 req/0 extra)
          - Gather Impure Iron Ore x88360
            - Gather Sapwood x353400
          - External craft (skill_building) via Basic Charcoal Kiln Charcoal x7068 -> Charcoal x176700 (176700 req/0 extra)
        - External craft (skill_blacksmithing) via Basic Furnace Iron Ingot x2209 -> Iron Ingot x44180 (44180 req/0 extra)
      - External craft (skill_blacksmithing) via Basic Forge Iron Bar x8838 -> Iron Bar x17676 (17676 req/0 extra)
    - External craft (skill_blacksmithing) via Basic Forge Iron Nails x17676 -> Iron Nails x883800 (883800 req/0 extra)
        - Gather Tin Ore x88380
        - Gather Copper Ore x88380
        - Gather Sapwood x441900
      - External craft (skill_blacksmithing) via Basic Furnace Bronze Ingot x4419 -> Bronze Ingot x88380 (88380 req/0 extra)
    - External craft (skill_blacksmithing) via Basic Forge Bronze Sheet x44190 -> Bronze Sheet x44190 (44190 req/0 extra)
  - Craft via Basic Weaponsmith Workbench Weaponsmithing Tools x8838 -> Weaponsmithing Tools x8838 (8838 req/0 extra)
    - Gather Heartwood x70710
  - External craft (skill_building) via Wood Chopping Block Fine Wood Beam x7071 -> Fine Wood Beam x35355 (35352 req/3 extra)
    - Gather Heartwood x53030
  - External craft (skill_building) via Wood Chopping Block Fine Wooden Plank x5303 -> Fine Wooden Plank x53030 (53028 req/2 extra)
- Craft Weaponsmith Workbench x8838 (final)"
skill_weapon_smithing,29,30,,2,recipe_wieldable_tool_skinning_knife_t2_rare,Honed Iron Skinning Knife,,10605,20.0,212100.0,54251.20,Rough Animal Hide-1070; Impure Iron Ore-148480; Sapwood-604555; Furry Collarstone-127260; Whisper of the Star-10605,"Honed Iron Skinning Knife x10605 (final)
  - Gather Furry Collarstone x127260
  - Gather Whisper of the Star x10605
        - Gather Impure Iron Ore x106080
          - Gather Sapwood x424350
        - External craft (skill_building) via Basic Charcoal Kiln Charcoal x8487 -> Charcoal x212175 (212160 req/15 extra)
      - External craft (skill_blacksmithing) via Basic Furnace Iron Ingot x2652 -> Iron Ingot x53040 (53025 req/15 extra)
    - External craft (skill_blacksmithing) via Basic Forge Iron Bar x10605 -> Iron Bar x21210 (21210 req/0 extra)
  - External craft (skill_blacksmithing) via Basic Forge Iron Knife Blade x10605 -> Iron Knife Blade x10605 (10605 req/0 extra)
    - Gather Sapwood x10605
  - External craft (skill_building) via Wood Chopping Block Long Wood Stock x2121 -> Long Wood Stock x10605 (10605 req/0 extra)
      - Gather Impure Iron Ore x42400
        - Gather Sapwood x169600
      - External craft (skill_building) via Basic Charcoal Kiln Charcoal x3392 -> Charcoal x84800 (84785 req/15 extra)
    - External craft (skill_blacksmithing) via Basic Furnace Iron Ingot x1060 -> Iron Ingot x21200 (21195 req/5 extra)
  - External craft (skill_blacksmithing) via Basic Forge Iron Sheet x10605 -> Iron Sheet x10605 (10605 req/0 extra)
        - Gather Rough Animal Hide x1070
      - External craft (skill_leatherworking) via Simple Tanning Rack Rawhide x107 -> Rawhide x1070 (1061 req/9 extra)
    - External craft (skill_leatherworking) via Simple Leatherworking Table Nubuck Leather x1061 -> Nubuck Leather x1061 (1061 req/0 extra)
  - External craft (skill_leatherworking) via Simple Leatherworking Table Coarse Leather Band x1061 -> Coarse Leather Band x21220 (21210 req/10 extra)
- Craft Honed Iron Skinning Knife x10605 (final)"
skill_weapon_smithing,29,30,,3,recipe_wieldable_mace_2h_0_t2_rare,Warded Iron Greatmaul,,7575,28.0,212100.0,62605.80,Rough Animal Hide-3790; Copper Ore-9480; Impure Iron Ore-424200; Tin Ore-9480; Sapwood-1744200; Furry Collarstone-90900; Charm of the Path-7575,"Warded Iron Greatmaul x7575 (final)
  - Gather Furry Collarstone x90900
  - Gather Charm of the Path x7575
        - Gather Impure Iron Ore x30320
          - Gather Sapwood x121300
        - External craft (skill_building) via Basic Charcoal Kiln Charcoal x2426 -> Charcoal x60650 (60640 req/10 extra)
      - External craft (skill_blacksmithing) via Basic Furnace Iron Ingot x758 -> Iron Ingot x15160 (15150 req/10 extra)
    - External craft (skill_blacksmithing) via Basic Forge Iron Sheet x7575 -> Iron Sheet x7575 (7575 req/0 extra)
          - Gather Rough Animal Hide x1900
        - External craft (skill_leatherworking) via Simple Tanning Rack Rawhide x190 -> Rawhide x1900 (1894 req/6 extra)
      - External craft (skill_leatherworking) via Simple Leatherworking Table Nubuck Leather x1894 -> Nubuck Leather x1894 (1894 req/0 extra)
    - External craft (skill_leatherworking) via Simple Leatherworking Table Coarse Leather Band x1894 -> Coarse Leather Band x37880 (37875 req/5 extra)
          - Gather Tin Ore x1900
          - Gather Copper Ore x1900
          - Gather Sapwood x9500
        - External craft (skill_blacksmithing) via Basic Furnace Bronze Ingot x95 -> Bronze Ingot x1900 (1895 req/5 extra)
      - External craft (skill_blacksmithing) via Basic Forge Bronze Bar x379 -> Bronze Bar x379 (379 req/0 extra)
    - External craft (skill_blacksmithing) via Basic Forge Bronze Studs x379 -> Bronze Studs x75800 (75750 req/50 extra)
  - External craft (skill_blacksmithing) via Basic Forge Mace Grip x7575 -> Mace Grip x7575 (7575 req/0 extra)
    - Gather Impure Iron Ore x15160
      - Gather Sapwood x60650
    - External craft (skill_building) via Basic Charcoal Kiln Charcoal x1213 -> Charcoal x30325 (30310 req/15 extra)
  - External craft (skill_blacksmithing) via Basic Furnace Iron Ingot x379 -> Iron Ingot x7580 (7565 req/15 extra)
        - Gather Impure Iron Ore x378720
          - Gather Sapwood x1514850
        - External craft (skill_building) via Basic Charcoal Kiln Charcoal x30297 -> Charcoal x757425 (757425 req/0 extra)
      - External craft (skill_blacksmithing) via Basic Furnace Iron Ingot x9468 -> Iron Ingot x189360 (189360 req/0 extra)
    - External craft (skill_blacksmithing) via Basic Forge Iron Bar x37875 -> Iron Bar x75750 (75750 req/0 extra)
  - External craft (skill_blacksmithing) via Basic Forge Iron Spike x15150 -> Iron Spike x15150 (15150 req/0 extra)
        - Gather Rough Animal Hide x1890
      - External craft (skill_leatherworking) via Simple Tanning Rack Rawhide x189 -> Rawhide x1890 (1888 req/2 extra)
    - External craft (skill_leatherworking) via Simple Leatherworking Table Nubuck Leather x1894 -> Nubuck Leather x1894 (1894 req/0 extra)
  - External craft (skill_leatherworking) via Simple Leatherworking Table Coarse Leather Band x1894 -> Coarse Leather Band x37880 (37870 req/10 extra)
        - Gather Tin Ore x7580
        - Gather Copper Ore x7580
        - Gather Sapwood x37900
      - External craft (skill_blacksmithing) via Basic Furnace Bronze Ingot x379 -> Bronze Ingot x7580 (7570 req/10 extra)
    - External craft (skill_blacksmithing) via Basic Forge Bronze Bar x1515 -> Bronze Bar x1515 (1515 req/0 extra)
  - External craft (skill_blacksmithing) via Basic Forge Bronze Nails x1515 -> Bronze Nails x75750 (75750 req/0 extra)
- Craft Warded Iron Greatmaul x7575 (final)"
skill_armor_smithing,26,27,,1,recipe_crafter_blacksmith_armor_workbench_2,Armorer Workbench,,4172,42.0,175224.0,20912.15,Heartwood-58420; Rough Animal Hide-8350; Copper Ore-41720; Impure Iron Ore-166880; Tin Ore-41720; Limestone-2090; Sapwood-1045090,"Armorer Workbench x4172 (final)
          - Gather Impure Iron Ore x125160
            - Gather Sapwood x500650
          - External craft (skill_building) via Basic Charcoal Kiln Charcoal x10013 -> Charcoal x250325 (250320 req/5 extra)
        - External craft (skill_blacksmithing) via Basic Furnace Iron Ingot x3129 -> Iron Ingot x62580 (62580 req/0 extra)
          - Gather Sapwood x166900
        - External craft (skill_building) via Basic Charcoal Kiln Charcoal x3338 -> Charcoal x83450 (83435 req/15 extra)
      - External craft (skill_blacksmithing) via Basic Furnace Wrought Iron Ingot x2086 -> Wrought Iron Ingot x41720 (41720 req/0 extra)
    - External craft (skill_blacksmithing) via Forge Wrought Iron Sheet x20860 -> Wrought Iron Sheet x20860 (20860 req/0 extra)
        - Gather Rough Animal Hide x8350
          - Gather Limestone x2090
          - Gather Sapwood x2090
        - External craft (skill_blacksmithing) via Basic Charcoal Kiln Lime x418 -> Lime x4180 (4175 req/5 extra)
        - External craft (skill_building) via Water Well Water x209 -> Water x4180 (4175 req/5 extra)
      - External craft (skill_leatherworking) via Simple Tanning Rack Inferior Leather x835 -> Inferior Leather x8350 (8344 req/6 extra)
    - External craft (skill_leatherworking) via Leatherworking Table Heavy Top Grain Leather x8344 -> Heavy Top Grain Leather x8344 (8344 req/0 extra)
          - Gather Impure Iron Ore x41720
            - Gather Sapwood x166850
          - External craft (skill_building) via Basic Charcoal Kiln Charcoal x3337 -> Charcoal x83425 (83425 req/0 extra)
        - External craft (skill_blacksmithing) via Basic Furnace Iron Ingot x1043 -> Iron Ingot x20860 (20860 req/0 extra)
      - External craft (skill_blacksmithing) via Basic Forge Iron Bar x4172 -> Iron Bar x8344 (8344 req/0 extra)
    - External craft (skill_blacksmithing) via Basic Forge Iron Nails x8344 -> Iron Nails x417200 (417200 req/0 extra)
        - Gather Tin Ore x41720
        - Gather Copper Ore x41720
        - Gather Sapwood x208600
      - External craft (skill_blacksmithing) via Basic Furnace Bronze Ingot x2086 -> Bronze Ingot x41720 (41720 req/0 extra)
    - External craft (skill_blacksmithing) via Basic Forge Bronze Sheet x20860 -> Bronze Sheet x20860 (20860 req/0 extra)
  - Craft via Basic Armorer Workbench Armorer Tools x4172 -> Armorer Tools x4172 (4172 req/0 extra)
    - Gather Heartwood x33380
  - External craft (skill_building) via Wood Chopping Block Fine Wood Beam x3338 -> Fine Wood Beam x16690 (16688 req/2 extra)
    - Gather Heartwood x25040
  - External craft (skill_building) via Wood Chopping Block Fine Wooden Plank x2504 -> Fine Wooden Plank x25040 (25032 req/8 extra)
- Craft Armorer Workbench x4172 (final)"
skill_armor_smithing,26,27,,2,recipe_wearable_metal_head_ironside_f_t2_rare,Ironside's Helm of Warcry II,,7008,25.0,175200.0,99868.38,Rough Animal Hide-1410; Copper Ore-5620; Impure Iron Ore-283840; Tin Ore-5620; Sapwood-1163500; Worn Out Locket-84096; Charm of the Earthcall-7008,"Ironside's Helm of Warcry II x7008 (final)
  - Gather Worn Out Locket x84096
  - Gather Charm of the Earthcall x7008
      - Gather Impure Iron Ore x280320
        - Gather Sapwood x1121300
      - External craft (skill_building) via Basic Charcoal Kiln Charcoal x22426 -> Charcoal x560650 (560640 req/10 extra)
    - External craft (skill_blacksmithing) via Basic Furnace Iron Ingot x7008 -> Iron Ingot x140160 (140160 req/0 extra)
  - External craft (skill_blacksmithing) via Basic Forge Iron Sheet x70080 -> Iron Sheet x70080 (70080 req/0 extra)
        - Gather Rough Animal Hide x1410
      - External craft (skill_leatherworking) via Simple Tanning Rack Rawhide x141 -> Rawhide x1410 (1402 req/8 extra)
    - External craft (skill_leatherworking) via Simple Leatherworking Table Nubuck Leather x1402 -> Nubuck Leather x1402 (1402 req/0 extra)
  - External craft (skill_leatherworking) via Simple Leatherworking Table Coarse Leather Band x1402 -> Coarse Leather Band x28040 (28032 req/8 extra)
        - Gather Tin Ore x5620
        - Gather Copper Ore x5620
        - Gather Sapwood x28100
      - External craft (skill_blacksmithing) via Basic Furnace Bronze Ingot x281 -> Bronze Ingot x5620 (5610 req/10 extra)
    - External craft (skill_blacksmithing) via Basic Forge Bronze Sheet x2805 -> Bronze Sheet x2805 (2805 req/0 extra)
  - External craft (skill_blacksmithing) via Basic Forge Bronze Buckle x561 -> Bronze Buckle x14025 (14016 req/9 extra)
        - Gather Impure Iron Ore x3520
          - Gather Sapwood x14100
        - External craft (skill_building) via Basic Charcoal Kiln Charcoal x282 -> Charcoal x7050 (7030 req/20 extra)
      - External craft (skill_blacksmithing) via Basic Furnace Iron Ingot x88 -> Iron Ingot x1760 (1755 req/5 extra)
    - External craft (skill_blacksmithing) via Basic Forge Iron Bar x351 -> Iron Bar x702 (701 req/1 extra)
  - External craft (skill_blacksmithing) via Basic Forge Iron Studs x701 -> Iron Studs x140200 (140160 req/40 extra)
- Craft Ironside's Helm of Warcry II x7008 (final)"
skill_armor_smithing,26,27,,3,recipe_wearable_metal_head_herald_di_t2_rare,Herald's Helm of the Immovable II,,7008,25.0,175200.0,114786.66,Rough Animal Hide-1410; Copper Ore-5620; Impure Iron Ore-283840; Tin Ore-5620; Hemlock Sap-70080; Sapwood-1163500; Worn Out Locket-84096; Blessed Ligarius-7008,"Herald's Helm of the Immovable II x7008 (final)
  - Gather Worn Out Locket x84096
  - Gather Blessed Ligarius x7008
  - Gather Hemlock Sap x70080
      - Gather Impure Iron Ore x280320
        - Gather Sapwood x1121300
      - External craft (skill_building) via Basic Charcoal Kiln Charcoal x22426 -> Charcoal x560650 (560640 req/10 extra)
    - External craft (skill_blacksmithing) via Basic Furnace Iron Ingot x7008 -> Iron Ingot x140160 (140160 req/0 extra)
  - External craft (skill_blacksmithing) via Basic Forge Iron Sheet x70080 -> Iron Sheet x70080 (70080 req/0 extra)
        - Gather Rough Animal Hide x1410
      - External craft (skill_leatherworking) via Simple Tanning Rack Rawhide x141 -> Rawhide x1410 (1402 req/8 extra)
    - External craft (skill_leatherworking) via Simple Leatherworking Table Nubuck Leather x1402 -> Nubuck Leather x1402 (1402 req/0 extra)
  - External craft (skill_leatherworking) via Simple Leatherworking Table Coarse Leather Band x1402 -> Coarse Leather Band x28040 (28032 req/8 extra)
        - Gather Tin Ore x5620
        - Gather Copper Ore x5620
        - Gather Sapwood x28100
      - External craft (skill_blacksmithing) via Basic Furnace Bronze Ingot x281 -> Bronze Ingot x5620 (5610 req/10 extra)
    - External craft (skill_blacksmithing) via Basic Forge Bronze Sheet x2805 -> Bronze Sheet x2805 (2805 req/0 extra)
  - External craft (skill_blacksmithing) via Basic Forge Bronze Buckle x561 -> Bronze Buckle x14025 (14016 req/9 extra)
        - Gather Impure Iron Ore x3520
          - Gather Sapwood x14100
        - External craft (skill_building) via Basic Charcoal Kiln Charcoal x282 -> Charcoal x7050 (7030 req/20 extra)
      - External craft (skill_blacksmithing) via Basic Furnace Iron Ingot x88 -> Iron Ingot x1760 (1755 req/5 extra)
    - External craft (skill_blacksmithing) via Basic Forge Iron Bar x351 -> Iron Bar x702 (701 req/1 extra)
  - External craft (skill_blacksmithing) via Basic Forge Iron Studs x701 -> Iron Studs x140200 (140160 req/40 extra)
- Craft Herald's Helm of the Immovable II x7008 (final)"
skill_cooking,28,29,,1,recipe_activatable_drink_herbal_tea_maxhp_9,Rosemary Tea,,479,416.9,199704.0,1094.12,Red Poppy-2395; Rosemary-2395,"Rosemary Tea x479 (final)
  - External craft (skill_building) via Water Well Water x120 -> Water x2400 (2395 req/5 extra)
  - Gather Rosemary x2395
  - Gather Red Poppy x2395
- Craft Rosemary Tea x479 (final)"
skill_cooking,28,29,,2,recipe_activatable_drink_sirup_staminaregen_35,Blackberry Syrup,,576,346.5,199591.1,1047.60,Blackberry-2880,"Blackberry Syrup x576 (final)
  - External craft (skill_building) via Water Well Water x144 -> Water x2880 (2880 req/0 extra)
  - Gather Blackberry x2880
- Craft Blackberry Syrup x576 (final)"
skill_cooking,28,29,,3,recipe_crafter_fermenter_2,Fermenter,,526,379.6,199682.8,1683.20,Heartwood-4210,"Fermenter x526 (final)
    - Gather Heartwood x4210
  - External craft (skill_building) via Wood Chopping Block Fine Wooden Plank x421 -> Fine Wooden Plank x4210 (4208 req/2 extra)
- Craft Fermenter x526 (final)"
skill_jewelerycrafting,27,28,,1,recipe_crafter_jewelcrafting_workbench_2,Jeweler Table,,5205,36.0,187380.0,26090.06,Amber-5205; Heartwood-72870; Rough Animal Hide-5210; Copper Ore-156160; Tin Ore-156160; Limestone-1305; Sapwood-782105,"Jeweler Table x5205 (final)
    - Gather Amber x5205
        - Gather Rough Animal Hide x5210
          - Gather Limestone x1305
          - Gather Sapwood x1305
        - External craft (skill_blacksmithing) via Basic Charcoal Kiln Lime x261 -> Lime x2610 (2605 req/5 extra)
        - External craft (skill_building) via Water Well Water x131 -> Water x2620 (2605 req/15 extra)
      - External craft (skill_leatherworking) via Simple Tanning Rack Inferior Leather x521 -> Inferior Leather x5210 (5205 req/5 extra)
    - External craft (skill_leatherworking) via Leatherworking Table Heavy Top Grain Leather x5205 -> Heavy Top Grain Leather x5205 (5205 req/0 extra)
        - Gather Tin Ore x130140
        - Gather Copper Ore x130140
        - Gather Sapwood x650700
      - External craft (skill_blacksmithing) via Basic Furnace Bronze Ingot x6507 -> Bronze Ingot x130140 (130125 req/15 extra)
    - External craft (skill_blacksmithing) via Basic Forge Bronze Bar x26025 -> Bronze Bar x26025 (26025 req/0 extra)
      - Gather Tin Ore x26020
      - Gather Copper Ore x26020
      - Gather Sapwood x130100
    - External craft (skill_blacksmithing) via Basic Furnace Bronze Ingot x1301 -> Bronze Ingot x26020 (26010 req/10 extra)
  - Craft via Basic Jeweler Table Jewelcrafting Tools x5205 -> Jewelcrafting Tools x5205 (5205 req/0 extra)
    - Gather Heartwood x41640
  - External craft (skill_building) via Wood Chopping Block Fine Wood Beam x4164 -> Fine Wood Beam x20820 (20820 req/0 extra)
    - Gather Heartwood x31230
  - External craft (skill_building) via Wood Chopping Block Fine Wooden Plank x3123 -> Fine Wooden Plank x31230 (31230 req/0 extra)
- Craft Jeweler Table x5205 (final)"
skill_jewelerycrafting,27,28,,2,recipe_item_unlock_crafter_jewelcrafting_workbench_2,Jewelcrafting Tools,,10410,18.0,187380.0,26970.58,Amber-10410; Rough Animal Hide-10410; Copper Ore-312300; Tin Ore-312300; Limestone-2605; Sapwood-1564105,"Jewelcrafting Tools x10410 (final)
  - Gather Amber x10410
      - Gather Rough Animal Hide x10410
        - Gather Limestone x2605
        - Gather Sapwood x2605
      - External craft (skill_blacksmithing) via Basic Charcoal Kiln Lime x521 -> Lime x5210 (5205 req/5 extra)
      - External craft (skill_building) via Water Well Water x261 -> Water x5220 (5205 req/15 extra)
    - External craft (skill_leatherworking) via Simple Tanning Rack Inferior Leather x1041 -> Inferior Leather x10410 (10410 req/0 extra)
  - External craft (skill_leatherworking) via Leatherworking Table Heavy Top Grain Leather x10410 -> Heavy Top Grain Leather x10410 (10410 req/0 extra)
      - Gather Tin Ore x260260
      - Gather Copper Ore x260260
      - Gather Sapwood x1301300
    - External craft (skill_blacksmithing) via Basic Furnace Bronze Ingot x13013 -> Bronze Ingot x260260 (260250 req/10 extra)
  - External craft (skill_blacksmithing) via Basic Forge Bronze Bar x52050 -> Bronze Bar x52050 (52050 req/0 extra)
    - Gather Tin Ore x52040
    - Gather Copper Ore x52040
    - Gather Sapwood x260200
  - External craft (skill_blacksmithing) via Basic Furnace Bronze Ingot x2602 -> Bronze Ingot x52040 (52040 req/0 extra)
- Craft Jewelcrafting Tools x10410 (final)"
skill_jewelerycrafting,27,28,,3,recipe_wearable_jewellery_bracelet_common_7,Shiny Silver Bracelet,,31229,6.0,187374.0,12491.60,Impure Iron Ore-93720; Sapwood-499850,"Shiny Silver Bracelet x31229 (final)
      - Gather Impure Iron Ore x93720
        - Gather Sapwood x374900
      - External craft (skill_building) via Basic Charcoal Kiln Charcoal x7498 -> Charcoal x187450 (187440 req/10 extra)
    - External craft (skill_blacksmithing) via Basic Furnace Iron Ingot x2343 -> Iron Ingot x46860 (46860 req/0 extra)
      - Gather Sapwood x124950
    - External craft (skill_building) via Basic Charcoal Kiln Charcoal x2499 -> Charcoal x62475 (62470 req/5 extra)
  - External craft (skill_blacksmithing) via Basic Furnace Wrought Iron Ingot x1562 -> Wrought Iron Ingot x31240 (31229 req/11 extra)
- Craft Shiny Silver Bracelet x31229 (final)"
skill_winery_and_brewing,27,28,,1,recipe_crafter_wine_barrel_1,Wine Barrel,,262,714.9,187305.7,1382.05,Copper Ore-3680; Impure Iron Ore-280; Tin Ore-2620; Sand-104800; Sapwood-145300,"Wine Barrel x262 (final)
      - Gather Copper Ore x1060
        - Gather Sapwood x3200
      - External craft (skill_building) via Basic Charcoal Kiln Charcoal x64 -> Charcoal x1600 (1590 req/10 extra)
    - External craft (skill_blacksmithing) via Basic Furnace Copper Ingot x53 -> Copper Ingot x530 (524 req/6 extra)
        - Gather Sand x104800
          - Gather Sapwood x125750
        - External craft (skill_building) via Basic Charcoal Kiln Charcoal x2515 -> Charcoal x62875 (62870 req/5 extra)
      - External craft (skill_building) via Furnace Glass x2096 -> Glass x20960 (20960 req/0 extra)
    - External craft (skill_blacksmithing) via Forge Vial x1048 -> Vial x5240 (5240 req/0 extra)
        - Gather Tin Ore x2620
        - Gather Copper Ore x2620
        - Gather Sapwood x13100
      - External craft (skill_blacksmithing) via Basic Furnace Bronze Ingot x131 -> Bronze Ingot x2620 (2620 req/0 extra)
    - External craft (skill_blacksmithing) via Basic Forge Bronze Sheet x1310 -> Bronze Sheet x1310 (1310 req/0 extra)
  - Craft via Basic Cooking Workbench Barrel Pieces x262 -> Barrel Pieces x262 (262 req/0 extra)
    - Gather Sapwood x2100
  - External craft (skill_building) via Wood Chopping Block Plank x210 -> Plank x2100 (2096 req/4 extra)
        - Gather Impure Iron Ore x280
          - Gather Sapwood x1150
        - External craft (skill_building) via Basic Charcoal Kiln Charcoal x23 -> Charcoal x575 (555 req/20 extra)
      - External craft (skill_blacksmithing) via Basic Furnace Iron Ingot x7 -> Iron Ingot x140 (135 req/5 extra)
    - External craft (skill_blacksmithing) via Basic Forge Iron Bar x27 -> Iron Bar x54 (53 req/1 extra)
  - External craft (skill_blacksmithing) via Basic Forge Iron Nails x53 -> Iron Nails x2650 (2620 req/30 extra)
- Craft Wine Barrel x262 (final)"
skill_winery_and_brewing,27,28,,2,recipe_activatable_drink_mead_damagebuff_27,Strawberry Mead,,627,298.4,187109.6,1423.81,Strawberry-3135; Barley Grain-640; Rye Grain-640,"Strawberry Mead x627 (final)
  - External craft (skill_cooking) via Basic Beehive Honey x627 -> Honey x3135 (3135 req/0 extra)
      - Gather Barley Grain x640
    - Craft via Basic Fermenter Malt x32 -> Malt x640 (630 req/10 extra)
      - External craft (skill_building) via Water Well Water x32 -> Water x640 (640 req/0 extra)
        - Gather Rye Grain x640
      - External craft (skill_baking) via Millstone Rye Flour x32 -> Rye Flour x640 (640 req/0 extra)
    - External craft (skill_baking) via Basic Fermenter Yeast x32 -> Yeast x640 (630 req/10 extra)
    - External craft (skill_building) via Water Well Water x32 -> Water x640 (630 req/10 extra)
  - Craft via Basic Fermenter Cloudy Mead Base x63 -> Cloudy Mead Base x630 (627 req/3 extra)
  - Gather Strawberry x3135
- Craft Strawberry Mead x627 (final)"
skill_winery_and_brewing,27,28,,3,recipe_activatable_drink_cider_maxstamina_57,Kerys Cider,,581,322.4,187288.5,3636.09,Red Currant-1165; Red Apple-5810,"Kerys Cider x581 (final)
  - Gather Red Apple x5810
  - External craft (skill_building) via Water Well Water x146 -> Water x2920 (2905 req/15 extra)
  - External craft (skill_cooking) via Basic Beehive Honey x581 -> Honey x2905 (2905 req/0 extra)
    - External craft (skill_building) via Water Well Water x58 -> Water x1160 (1150 req/10 extra)
    - Gather Red Currant x1165
  - External craft (skill_cooking) via Basic Cooking Workbench Red Currant Syrup x233 -> Red Currant Syrup x1165 (1162 req/3 extra)
- Craft Kerys Cider x581 (final)"
skill_alchemy,28,29,,1,recipe_crafter_alchemy_reagent_distillery_2,Reagent Distiller,,478,417.6,199606.8,4649.35,Impure Iron Ore-920; Sand-23900; Sapwood-35520,"Reagent Distiller x478 (final)
    - Gather Sapwood x1920
  - External craft (skill_building) via Wood Chopping Block Plank x192 -> Plank x1920 (1912 req/8 extra)
          - Gather Impure Iron Ore x920
            - Gather Sapwood x3700
          - External craft (skill_building) via Basic Charcoal Kiln Charcoal x74 -> Charcoal x1850 (1840 req/10 extra)
        - External craft (skill_blacksmithing) via Basic Furnace Iron Ingot x23 -> Iron Ingot x460 (450 req/10 extra)
          - Gather Sapwood x1200
        - External craft (skill_building) via Basic Charcoal Kiln Charcoal x24 -> Charcoal x600 (590 req/10 extra)
      - External craft (skill_blacksmithing) via Basic Furnace Wrought Iron Ingot x15 -> Wrought Iron Ingot x300 (290 req/10 extra)
    - External craft (skill_blacksmithing) via Basic Forge Wrought Iron Bar x58 -> Wrought Iron Bar x116 (115 req/1 extra)
  - External craft (skill_blacksmithing) via Forge Wrought Iron Nails x115 -> Wrought Iron Nails x5750 (5736 req/14 extra)
    - Gather Sand x23900
      - Gather Sapwood x28700
    - External craft (skill_building) via Basic Charcoal Kiln Charcoal x574 -> Charcoal x14350 (14330 req/20 extra)
  - External craft (skill_building) via Furnace Glass x478 -> Glass x4780 (4780 req/0 extra)
- Craft Reagent Distiller x478 (final)"
skill_alchemy,28,29,,2,recipe_crafter_alchemy_workbench_2,Alchemy Table,,6645,30.0,199350.0,33308.06,Nightshade Fruit-33225; Heartwood-93030; Rough Animal Hide-39870; Copper Ore-166140; Tin Ore-166140; Limestone-16615; Sand-664500; Sapwood-1644715,"Alchemy Table x6645 (final)
      - Gather Sand x664500
        - Gather Sapwood x797400
      - External craft (skill_building) via Basic Charcoal Kiln Charcoal x15948 -> Charcoal x398700 (398700 req/0 extra)
    - External craft (skill_building) via Furnace Glass x13290 -> Glass x132900 (132900 req/0 extra)
        - Gather Rough Animal Hide x39870
          - Gather Limestone x9970
          - Gather Sapwood x9970
        - External craft (skill_blacksmithing) via Basic Charcoal Kiln Lime x1994 -> Lime x19940 (19935 req/5 extra)
        - External craft (skill_building) via Water Well Water x997 -> Water x19940 (19935 req/5 extra)
      - External craft (skill_leatherworking) via Simple Tanning Rack Inferior Leather x3987 -> Inferior Leather x39870 (39870 req/0 extra)
        - Gather Limestone x6645
        - Gather Sapwood x6645
      - External craft (skill_blacksmithing) via Basic Charcoal Kiln Lime x1329 -> Lime x13290 (13285 req/5 extra)
      - External craft (skill_building) via Water Well Water x665 -> Water x13300 (13285 req/15 extra)
    - External craft (skill_leatherworking) via Tanning Rack Boiled Leather x2658 -> Boiled Leather x13290 (13290 req/0 extra)
        - Gather Tin Ore x166140
        - Gather Copper Ore x166140
        - Gather Sapwood x830700
      - External craft (skill_blacksmithing) via Basic Furnace Bronze Ingot x8307 -> Bronze Ingot x166140 (166125 req/15 extra)
    - External craft (skill_blacksmithing) via Basic Forge Bronze Bar x33225 -> Bronze Bar x33225 (33225 req/0 extra)
    - Gather Nightshade Fruit x33225
  - Craft via Basic Alchemy Table Alchemy Instruments x6645 -> Alchemy Instruments x6645 (6645 req/0 extra)
    - Gather Heartwood x53160
  - External craft (skill_building) via Wood Chopping Block Fine Wood Beam x5316 -> Fine Wood Beam x26580 (26580 req/0 extra)
    - Gather Heartwood x39870
  - External craft (skill_building) via Wood Chopping Block Fine Wooden Plank x3987 -> Fine Wooden Plank x39870 (39870 req/0 extra)
- Craft Alchemy Table x6645 (final)"
skill_alchemy,28,29,,3,recipe_activatable_potion_potion_of_protection_very_small_32,Aegis Potion V,,28476,7.0,199332.0,110688.59,Castor Plant-28480; Sand-1708560; Sapwood-1731350,"Aegis Potion V x28476 (final)
    - Gather Castor Plant x28480
      - Gather Sapwood x22800
    - External craft (skill_building) via Basic Charcoal Kiln Charcoal x456 -> Charcoal x11400 (11392 req/8 extra)
    - External craft (skill_building) via Water Well Water x1424 -> Water x28480 (28480 req/0 extra)
  - Craft via Basic Reagent Distiller Castor Extract x5696 -> Castor Extract x56960 (56952 req/8 extra)
  - External craft (skill_building) via Water Well Water x11391 -> Water x227820 (227808 req/12 extra)
      - Gather Sand x1708560
        - Gather Sapwood x1708550
      - External craft (skill_building) via Basic Charcoal Kiln Charcoal x34171 -> Charcoal x854275 (854272 req/3 extra)
    - External craft (skill_building) via Basic Furnace Rough Glass x42714 -> Rough Glass x427140 (427140 req/0 extra)
  - External craft (skill_blacksmithing) via Basic Forge Small Vial x28476 -> Small Vial x142380 (142380 req/0 extra)
- Craft Aegis Potion V x28476 (final)"
skill_tailoring,30,31,Prereq: level skill_tailoring towards crafting item_material_cotton_cloth,1,recipe_wearable_cloth_head_magus_cr_t3_rare,Magus' Hat of Fractured Time III,,183,1227.6,221701.0,4551.79,Antler-1464; Rough Animal Hide-20; Cotton Fiber-8880; Snapdragon-2745; Cracked Sigil-2196; Great Echo of Moon-183,"Magus' Hat of Fractured Time III x183 (final)
  - Gather Cracked Sigil x2196
  - Gather Great Echo of Moon x183
  - Gather Snapdragon x2745
    - Gather Antler x1464
  - Craft via Tailoring Table Horn Needles x1464 -> Horn Needles x7320 (7320 req/0 extra)
      - Gather Cotton Fiber x7400
    - Craft via Spinning Wheel Cotton Cord x185 -> Cotton Cord x1850 (1850 req/0 extra)
  - Craft via Simple Loom Coarse Cotton Cloth x74 -> Coarse Cotton Cloth x370 (366 req/4 extra)
    - Gather Cotton Fiber x1480
  - Craft via Spinning Wheel Cotton Cord x37 -> Cotton Cord x370 (366 req/4 extra)
        - Gather Rough Animal Hide x20
      - External craft (skill_leatherworking) via Simple Tanning Rack Rawhide x2 -> Rawhide x20 (19 req/1 extra)
    - External craft (skill_leatherworking) via Simple Leatherworking Table Nubuck Leather x19 -> Nubuck Leather x19 (19 req/0 extra)
  - External craft (skill_leatherworking) via Simple Leatherworking Table Coarse Leather Band x19 -> Coarse Leather Band x380 (366 req/14 extra)
- Craft Magus' Hat of Fractured Time III x183 (final)"
skill_tailoring,30,31,Prereq: level skill_tailoring towards crafting item_material_cotton_cloth,2,recipe_wearable_cloth_chest_rp_dress_01_somber,Shadow Court Gown,,5217,43.0,167991.0,13972.86,Wool Fiber-20880; Bone Fragments-1044; Silver Ore-2090; Cotton Fiber-166960; Flax Fiber-250440; Sapwood-41800,"Shadow Court Gown x5217 (final)
      - Gather Flax Fiber x250440
    - Craft via Spinning Wheel Linen String x8348 -> Linen String x83480 (83480 req/0 extra)
  - Craft via Simple Loom Linen Cloth x2087 -> Linen Cloth x10435 (10434 req/1 extra)
    - Gather Wool Fiber x20880
  - Craft via Spinning Wheel Wool Yarn x1044 -> Wool Yarn x10440 (10434 req/6 extra)
    - Gather Bone Fragments x1044
  - Craft via Simple Tailoring Table Sewing Needles x522 -> Sewing Needles x5220 (5217 req/3 extra)
      - Gather Silver Ore x2090
        - Gather Sapwood x41800
      - External craft (skill_building) via Basic Charcoal Kiln Charcoal x836 -> Charcoal x20900 (20900 req/0 extra)
    - External craft (skill_blacksmithing) via Furnace Silver Ingot x418 -> Silver Ingot x2090 (2087 req/3 extra)
      - Gather Cotton Fiber x166960
    - Craft via Spinning Wheel Cotton Cord x4174 -> Cotton Cord x41740 (41740 req/0 extra)
  - Craft via Simple Tailoring Table Silver Thread x2087 -> Silver Thread x20870 (20868 req/2 extra)
- Craft Shadow Court Gown x5217 (final)"
skill_tailoring,30,31,Prereq: level skill_tailoring towards crafting item_material_cotton_cloth,3,recipe_wearable_cloth_chest_rp_tunic_02_somber,Duskleaf Tunic,,5217,43.0,167991.0,13972.86,Wool Fiber-20880; Bone Fragments-1044; Silver Ore-2090; Cotton Fiber-166960; Flax Fiber-250440; Sapwood-41800,"Duskleaf Tunic x5217 (final)
      - Gather Flax Fiber x250440
    - Craft via Spinning Wheel Linen String x8348 -> Linen String x83480 (83480 req/0 extra)
  - Craft via Simple Loom Linen Cloth x2087 -> Linen Cloth x10435 (10434 req/1 extra)
    - Gather Wool Fiber x20880
  - Craft via Spinning Wheel Wool Yarn x1044 -> Wool Yarn x10440 (10434 req/6 extra)
    - Gather Bone Fragments x1044
  - Craft via Simple Tailoring Table Sewing Needles x522 -> Sewing Needles x5220 (5217 req/3 extra)
      - Gather Silver Ore x2090
        - Gather Sapwood x41800
      - External craft (skill_building) via Basic Charcoal Kiln Charcoal x836 -> Charcoal x20900 (20900 req/0 extra)
    - External craft (skill_blacksmithing) via Furnace Silver Ingot x418 -> Silver Ingot x2090 (2087 req/3 extra)
      - Gather Cotton Fiber x166960
    - Craft via Spinning Wheel Cotton Cord x4174 -> Cotton Cord x41740 (41740 req/0 extra)
  - Craft via Simple Tailoring Table Silver Thread x2087 -> Silver Thread x20870 (20868 req/2 extra)
- Craft Duskleaf Tunic x5217 (final)"
skill_armor_smithing,27,28,,1,recipe_crafter_blacksmith_armor_workbench_2,Armorer Workbench,,5205,36.0,187380.0,26090.06,Heartwood-72870; Rough Animal Hide-10410; Copper Ore-52060; Impure Iron Ore-208240; Tin Ore-52060; Limestone-2605; Sapwood-1304105,"Armorer Workbench x5205 (final)
          - Gather Impure Iron Ore x156200
            - Gather Sapwood x624800
          - External craft (skill_building) via Basic Charcoal Kiln Charcoal x12496 -> Charcoal x312400 (312400 req/0 extra)
        - External craft (skill_blacksmithing) via Basic Furnace Iron Ingot x3905 -> Iron Ingot x78100 (78090 req/10 extra)
          - Gather Sapwood x208250
        - External craft (skill_building) via Basic Charcoal Kiln Charcoal x4165 -> Charcoal x104125 (104120 req/5 extra)
      - External craft (skill_blacksmithing) via Basic Furnace Wrought Iron Ingot x2603 -> Wrought Iron Ingot x52060 (52050 req/10 extra)
    - External craft (skill_blacksmithing) via Forge Wrought Iron Sheet x26025 -> Wrought Iron Sheet x26025 (26025 req/0 extra)
        - Gather Rough Animal Hide x10410
          - Gather Limestone x2605
          - Gather Sapwood x2605
        - External craft (skill_blacksmithing) via Basic Charcoal Kiln Lime x521 -> Lime x5210 (5205 req/5 extra)
        - External craft (skill_building) via Water Well Water x261 -> Water x5220 (5205 req/15 extra)
      - External craft (skill_leatherworking) via Simple Tanning Rack Inferior Leather x1041 -> Inferior Leather x10410 (10410 req/0 extra)
    - External craft (skill_leatherworking) via Leatherworking Table Heavy Top Grain Leather x10410 -> Heavy Top Grain Leather x10410 (10410 req/0 extra)
          - Gather Impure Iron Ore x52040
            - Gather Sapwood x208150
          - External craft (skill_building) via Basic Charcoal Kiln Charcoal x4163 -> Charcoal x104075 (104075 req/0 extra)
        - External craft (skill_blacksmithing) via Basic Furnace Iron Ingot x1301 -> Iron Ingot x26020 (26015 req/5 extra)
      - External craft (skill_blacksmithing) via Basic Forge Iron Bar x5205 -> Iron Bar x10410 (10410 req/0 extra)
    - External craft (skill_blacksmithing) via Basic Forge Iron Nails x10410 -> Iron Nails x520500 (520500 req/0 extra)
        - Gather Tin Ore x52060
        - Gather Copper Ore x52060
        - Gather Sapwood x260300
      - External craft (skill_blacksmithing) via Basic Furnace Bronze Ingot x2603 -> Bronze Ingot x52060 (52050 req/10 extra)
    - External craft (skill_blacksmithing) via Basic Forge Bronze Sheet x26025 -> Bronze Sheet x26025 (26025 req/0 extra)
  - Craft via Basic Armorer Workbench Armorer Tools x5205 -> Armorer Tools x5205 (5205 req/0 extra)
    - Gather Heartwood x41640
  - External craft (skill_building) via Wood Chopping Block Fine Wood Beam x4164 -> Fine Wood Beam x20820 (20820 req/0 extra)
    - Gather Heartwood x31230
  - External craft (skill_building) via Wood Chopping Block Fine Wooden Plank x3123 -> Fine Wooden Plank x31230 (31230 req/0 extra)
- Craft Armorer Workbench x5205 (final)"
skill_armor_smithing,27,28,,2,recipe_wearable_metal_head_ironside_f_t2_rare,Ironside's Helm of Warcry II,,8517,22.0,187374.0,121372.57,Rough Animal Hide-1710; Copper Ore-6820; Impure Iron Ore-344960; Tin Ore-6820; Sapwood-1413950; Worn Out Locket-102204; Charm of the Earthcall-8517,"Ironside's Helm of Warcry II x8517 (final)
  - Gather Worn Out Locket x102204
  - Gather Charm of the Earthcall x8517
      - Gather Impure Iron Ore x340680
        - Gather Sapwood x1362750
      - External craft (skill_building) via Basic Charcoal Kiln Charcoal x27255 -> Charcoal x681375 (681360 req/15 extra)
    - External craft (skill_blacksmithing) via Basic Furnace Iron Ingot x8517 -> Iron Ingot x170340 (170340 req/0 extra)
  - External craft (skill_blacksmithing) via Basic Forge Iron Sheet x85170 -> Iron Sheet x85170 (85170 req/0 extra)
        - Gather Rough Animal Hide x1710
      - External craft (skill_leatherworking) via Simple Tanning Rack Rawhide x171 -> Rawhide x1710 (1704 req/6 extra)
    - External craft (skill_leatherworking) via Simple Leatherworking Table Nubuck Leather x1704 -> Nubuck Leather x1704 (1704 req/0 extra)
  - External craft (skill_leatherworking) via Simple Leatherworking Table Coarse Leather Band x1704 -> Coarse Leather Band x34080 (34068 req/12 extra)
        - Gather Tin Ore x6820
        - Gather Copper Ore x6820
        - Gather Sapwood x34100
      - External craft (skill_blacksmithing) via Basic Furnace Bronze Ingot x341 -> Bronze Ingot x6820 (6820 req/0 extra)
    - External craft (skill_blacksmithing) via Basic Forge Bronze Sheet x3410 -> Bronze Sheet x3410 (3410 req/0 extra)
  - External craft (skill_blacksmithing) via Basic Forge Bronze Buckle x682 -> Bronze Buckle x17050 (17034 req/16 extra)
        - Gather Impure Iron Ore x4280
          - Gather Sapwood x17100
        - External craft (skill_building) via Basic Charcoal Kiln Charcoal x342 -> Charcoal x8550 (8545 req/5 extra)
      - External craft (skill_blacksmithing) via Basic Furnace Iron Ingot x107 -> Iron Ingot x2140 (2130 req/10 extra)
    - External craft (skill_blacksmithing) via Basic Forge Iron Bar x426 -> Iron Bar x852 (852 req/0 extra)
  - External craft (skill_blacksmithing) via Basic Forge Iron Studs x852 -> Iron Studs x170400 (170340 req/60 extra)
- Craft Ironside's Helm of Warcry II x8517 (final)"
skill_armor_smithing,27,28,,3,recipe_wearable_metal_head_herald_di_t2_rare,Herald's Helm of the Immovable II,,8517,22.0,187374.0,139503.14,Rough Animal Hide-1710; Copper Ore-6820; Impure Iron Ore-344960; Tin Ore-6820; Hemlock Sap-85170; Sapwood-1413950; Worn Out Locket-102204; Blessed Ligarius-8517,"Herald's Helm of the Immovable II x8517 (final)
  - Gather Worn Out Locket x102204
  - Gather Blessed Ligarius x8517
  - Gather Hemlock Sap x85170
      - Gather Impure Iron Ore x340680
        - Gather Sapwood x1362750
      - External craft (skill_building) via Basic Charcoal Kiln Charcoal x27255 -> Charcoal x681375 (681360 req/15 extra)
    - External craft (skill_blacksmithing) via Basic Furnace Iron Ingot x8517 -> Iron Ingot x170340 (170340 req/0 extra)
  - External craft (skill_blacksmithing) via Basic Forge Iron Sheet x85170 -> Iron Sheet x85170 (85170 req/0 extra)
        - Gather Rough Animal Hide x1710
      - External craft (skill_leatherworking) via Simple Tanning Rack Rawhide x171 -> Rawhide x1710 (1704 req/6 extra)
    - External craft (skill_leatherworking) via Simple Leatherworking Table Nubuck Leather x1704 -> Nubuck Leather x1704 (1704 req/0 extra)
  - External craft (skill_leatherworking) via Simple Leatherworking Table Coarse Leather Band x1704 -> Coarse Leather Band x34080 (34068 req/12 extra)
        - Gather Tin Ore x6820
        - Gather Copper Ore x6820
        - Gather Sapwood x34100
      - External craft (skill_blacksmithing) via Basic Furnace Bronze Ingot x341 -> Bronze Ingot x6820 (6820 req/0 extra)
    - External craft (skill_blacksmithing) via Basic Forge Bronze Sheet x3410 -> Bronze Sheet x3410 (3410 req/0 extra)
  - External craft (skill_blacksmithing) via Basic Forge Bronze Buckle x682 -> Bronze Buckle x17050 (17034 req/16 extra)
        - Gather Impure Iron Ore x4280
          - Gather Sapwood x17100
        - External craft (skill_building) via Basic Charcoal Kiln Charcoal x342 -> Charcoal x8550 (8545 req/5 extra)
      - External craft (skill_blacksmithing) via Basic Furnace Iron Ingot x107 -> Iron Ingot x2140 (2130 req/10 extra)
    - External craft (skill_blacksmithing) via Basic Forge Iron Bar x426 -> Iron Bar x852 (852 req/0 extra)
  - External craft (skill_blacksmithing) via Basic Forge Iron Studs x852 -> Iron Studs x170400 (170340 req/60 extra)
- Craft Herald's Helm of the Immovable II x8517 (final)"
skill_cooking,29,30,,1,recipe_activatable_drink_sirup_staminaregen_35,Blackberry Syrup,,534,396.7,211823.1,971.21,Blackberry-2670,"Blackberry Syrup x534 (final)
  - External craft (skill_building) via Water Well Water x134 -> Water x2680 (2670 req/10 extra)
  - Gather Blackberry x2670
- Craft Blackberry Syrup x534 (final)"
skill_cooking,29,30,,2,recipe_activatable_drink_herbal_tea_maxhp_9,Rosemary Tea,,519,408.4,211979.8,1185.48,Red Poppy-2595; Rosemary-2595,"Rosemary Tea x519 (final)
  - External craft (skill_building) via Water Well Water x130 -> Water x2600 (2595 req/5 extra)
  - Gather Rosemary x2595
  - Gather Red Poppy x2595
- Craft Rosemary Tea x519 (final)"
skill_cooking,29,30,,3,recipe_activatable_drink_herbal_tea_hpregen_12,Garlic Tea,,545,388.5,211729.1,1708.80,Batflower-5450; Garlic-2725,"Garlic Tea x545 (final)
  - External craft (skill_building) via Water Well Water x137 -> Water x2740 (2725 req/15 extra)
  - Gather Garlic x2725
  - Gather Batflower x5450
- Craft Garlic Tea x545 (final)"
skill_jewelerycrafting,28,29,,1,recipe_crafter_jewelcrafting_workbench_2,Jeweler Table,,6653,30.0,199590.0,33348.16,Amber-6653; Heartwood-93150; Rough Animal Hide-6660; Copper Ore-199600; Tin Ore-199600; Limestone-1665; Sapwood-999665,"Jeweler Table x6653 (final)
    - Gather Amber x6653
        - Gather Rough Animal Hide x6660
          - Gather Limestone x1665
          - Gather Sapwood x1665
        - External craft (skill_blacksmithing) via Basic Charcoal Kiln Lime x333 -> Lime x3330 (3330 req/0 extra)
        - External craft (skill_building) via Water Well Water x167 -> Water x3340 (3330 req/10 extra)
      - External craft (skill_leatherworking) via Simple Tanning Rack Inferior Leather x666 -> Inferior Leather x6660 (6653 req/7 extra)
    - External craft (skill_leatherworking) via Leatherworking Table Heavy Top Grain Leather x6653 -> Heavy Top Grain Leather x6653 (6653 req/0 extra)
        - Gather Tin Ore x166340
        - Gather Copper Ore x166340
        - Gather Sapwood x831700
      - External craft (skill_blacksmithing) via Basic Furnace Bronze Ingot x8317 -> Bronze Ingot x166340 (166325 req/15 extra)
    - External craft (skill_blacksmithing) via Basic Forge Bronze Bar x33265 -> Bronze Bar x33265 (33265 req/0 extra)
      - Gather Tin Ore x33260
      - Gather Copper Ore x33260
      - Gather Sapwood x166300
    - External craft (skill_blacksmithing) via Basic Furnace Bronze Ingot x1663 -> Bronze Ingot x33260 (33250 req/10 extra)
  - Craft via Basic Jeweler Table Jewelcrafting Tools x6653 -> Jewelcrafting Tools x6653 (6653 req/0 extra)
    - Gather Heartwood x53230
  - External craft (skill_building) via Wood Chopping Block Fine Wood Beam x5323 -> Fine Wood Beam x26615 (26612 req/3 extra)
    - Gather Heartwood x39920
  - External craft (skill_building) via Wood Chopping Block Fine Wooden Plank x3992 -> Fine Wooden Plank x39920 (39918 req/2 extra)
- Craft Jeweler Table x6653 (final)"
skill_jewelerycrafting,28,29,,2,recipe_item_unlock_crafter_jewelcrafting_workbench_2,Jewelcrafting Tools,,13306,15.0,199590.0,34473.63,Amber-13306; Rough Animal Hide-13310; Copper Ore-399180; Tin Ore-399180; Limestone-3330; Sapwood-1999230,"Jewelcrafting Tools x13306 (final)
  - Gather Amber x13306
      - Gather Rough Animal Hide x13310
        - Gather Limestone x3330
        - Gather Sapwood x3330
      - External craft (skill_blacksmithing) via Basic Charcoal Kiln Lime x666 -> Lime x6660 (6655 req/5 extra)
      - External craft (skill_building) via Water Well Water x333 -> Water x6660 (6655 req/5 extra)
    - External craft (skill_leatherworking) via Simple Tanning Rack Inferior Leather x1331 -> Inferior Leather x13310 (13306 req/4 extra)
  - External craft (skill_leatherworking) via Leatherworking Table Heavy Top Grain Leather x13306 -> Heavy Top Grain Leather x13306 (13306 req/0 extra)
      - Gather Tin Ore x332660
      - Gather Copper Ore x332660
      - Gather Sapwood x1663300
    - External craft (skill_blacksmithing) via Basic Furnace Bronze Ingot x16633 -> Bronze Ingot x332660 (332650 req/10 extra)
  - External craft (skill_blacksmithing) via Basic Forge Bronze Bar x66530 -> Bronze Bar x66530 (66530 req/0 extra)
    - Gather Tin Ore x66520
    - Gather Copper Ore x66520
    - Gather Sapwood x332600
  - External craft (skill_blacksmithing) via Basic Furnace Bronze Ingot x3326 -> Bronze Ingot x66520 (66520 req/0 extra)
- Craft Jewelcrafting Tools x13306 (final)"
skill_jewelerycrafting,28,29,,3,recipe_wearable_jewellery_bracelet_common_7,Shiny Silver Bracelet,,66530,3.0,199590.0,26612.00,Impure Iron Ore-199640; Sapwood-1064750,"Shiny Silver Bracelet x66530 (final)
      - Gather Impure Iron Ore x199640
        - Gather Sapwood x798600
      - External craft (skill_building) via Basic Charcoal Kiln Charcoal x15972 -> Charcoal x399300 (399280 req/20 extra)
    - External craft (skill_blacksmithing) via Basic Furnace Iron Ingot x4991 -> Iron Ingot x99820 (99810 req/10 extra)
      - Gather Sapwood x266150
    - External craft (skill_building) via Basic Charcoal Kiln Charcoal x5323 -> Charcoal x133075 (133060 req/15 extra)
  - External craft (skill_blacksmithing) via Basic Furnace Wrought Iron Ingot x3327 -> Wrought Iron Ingot x66540 (66530 req/10 extra)
- Craft Shiny Silver Bracelet x66530 (final)"
skill_winery_and_brewing,28,29,,1,recipe_crafter_wine_barrel_1,Wine Barrel,,279,716.0,199767.2,1471.73,Copper Ore-3920; Impure Iron Ore-280; Tin Ore-2800; Sand-111600; Sapwood-154640,"Wine Barrel x279 (final)
      - Gather Copper Ore x1120
        - Gather Sapwood x3400
      - External craft (skill_building) via Basic Charcoal Kiln Charcoal x68 -> Charcoal x1700 (1680 req/20 extra)
    - External craft (skill_blacksmithing) via Basic Furnace Copper Ingot x56 -> Copper Ingot x560 (558 req/2 extra)
        - Gather Sand x111600
          - Gather Sapwood x133900
        - External craft (skill_building) via Basic Charcoal Kiln Charcoal x2678 -> Charcoal x66950 (66940 req/10 extra)
      - External craft (skill_building) via Furnace Glass x2232 -> Glass x22320 (22320 req/0 extra)
    - External craft (skill_blacksmithing) via Forge Vial x1116 -> Vial x5580 (5580 req/0 extra)
        - Gather Tin Ore x2800
        - Gather Copper Ore x2800
        - Gather Sapwood x14000
      - External craft (skill_blacksmithing) via Basic Furnace Bronze Ingot x140 -> Bronze Ingot x2800 (2790 req/10 extra)
    - External craft (skill_blacksmithing) via Basic Forge Bronze Sheet x1395 -> Bronze Sheet x1395 (1395 req/0 extra)
  - Craft via Basic Cooking Workbench Barrel Pieces x279 -> Barrel Pieces x279 (279 req/0 extra)
    - Gather Sapwood x2240
  - External craft (skill_building) via Wood Chopping Block Plank x224 -> Plank x2240 (2232 req/8 extra)
        - Gather Impure Iron Ore x280
          - Gather Sapwood x1100
        - External craft (skill_building) via Basic Charcoal Kiln Charcoal x22 -> Charcoal x550 (550 req/0 extra)
      - External craft (skill_blacksmithing) via Basic Furnace Iron Ingot x7 -> Iron Ingot x140 (140 req/0 extra)
    - External craft (skill_blacksmithing) via Basic Forge Iron Bar x28 -> Iron Bar x56 (56 req/0 extra)
  - External craft (skill_blacksmithing) via Basic Forge Iron Nails x56 -> Iron Nails x2800 (2790 req/10 extra)
- Craft Wine Barrel x279 (final)"
skill_winery_and_brewing,28,29,,2,recipe_activatable_drink_cider_maxstamina_57,Kerys Cider,,541,369.0,199639.1,3385.76,Red Currant-1085; Red Apple-5410,"Kerys Cider x541 (final)
  - Gather Red Apple x5410
  - External craft (skill_building) via Water Well Water x136 -> Water x2720 (2705 req/15 extra)
  - External craft (skill_cooking) via Basic Beehive Honey x541 -> Honey x2705 (2705 req/0 extra)
    - External craft (skill_building) via Water Well Water x54 -> Water x1080 (1070 req/10 extra)
    - Gather Red Currant x1085
  - External craft (skill_cooking) via Basic Cooking Workbench Red Currant Syrup x217 -> Red Currant Syrup x1085 (1082 req/3 extra)
- Craft Kerys Cider x541 (final)"
skill_winery_and_brewing,28,29,,3,recipe_item_unlock_crafter_alcohol_crafters_1,Barrel Pieces,,573,348.5,199710.3,5489.34,Copper Ore-8040; Tin Ore-5740; Sand-229200; Sapwood-310650,"Barrel Pieces x573 (final)
    - Gather Copper Ore x2300
      - Gather Sapwood x6900
    - External craft (skill_building) via Basic Charcoal Kiln Charcoal x138 -> Charcoal x3450 (3450 req/0 extra)
  - External craft (skill_blacksmithing) via Basic Furnace Copper Ingot x115 -> Copper Ingot x1150 (1146 req/4 extra)
      - Gather Sand x229200
        - Gather Sapwood x275050
      - External craft (skill_building) via Basic Charcoal Kiln Charcoal x5501 -> Charcoal x137525 (137520 req/5 extra)
    - External craft (skill_building) via Furnace Glass x4584 -> Glass x45840 (45840 req/0 extra)
  - External craft (skill_blacksmithing) via Forge Vial x2292 -> Vial x11460 (11460 req/0 extra)
      - Gather Tin Ore x5740
      - Gather Copper Ore x5740
      - Gather Sapwood x28700
    - External craft (skill_blacksmithing) via Basic Furnace Bronze Ingot x287 -> Bronze Ingot x5740 (5730 req/10 extra)
  - External craft (skill_blacksmithing) via Basic Forge Bronze Sheet x2865 -> Bronze Sheet x2865 (2865 req/0 extra)
- Craft Barrel Pieces x573 (final)"
skill_alchemy,29,30,,1,recipe_crafter_alchemy_reagent_distillery_2,Reagent Distiller,,519,408.4,211979.8,5048.14,Impure Iron Ore-960; Sand-25950; Sapwood-38380,"Reagent Distiller x519 (final)
    - Gather Sapwood x2080
  - External craft (skill_building) via Wood Chopping Block Plank x208 -> Plank x2080 (2076 req/4 extra)
          - Gather Impure Iron Ore x960
            - Gather Sapwood x3850
          - External craft (skill_building) via Basic Charcoal Kiln Charcoal x77 -> Charcoal x1925 (1920 req/5 extra)
        - External craft (skill_blacksmithing) via Basic Furnace Iron Ingot x24 -> Iron Ingot x480 (480 req/0 extra)
          - Gather Sapwood x1300
        - External craft (skill_building) via Basic Charcoal Kiln Charcoal x26 -> Charcoal x650 (635 req/15 extra)
      - External craft (skill_blacksmithing) via Basic Furnace Wrought Iron Ingot x16 -> Wrought Iron Ingot x320 (315 req/5 extra)
    - External craft (skill_blacksmithing) via Basic Forge Wrought Iron Bar x63 -> Wrought Iron Bar x126 (125 req/1 extra)
  - External craft (skill_blacksmithing) via Forge Wrought Iron Nails x125 -> Wrought Iron Nails x6250 (6228 req/22 extra)
    - Gather Sand x25950
      - Gather Sapwood x31150
    - External craft (skill_building) via Basic Charcoal Kiln Charcoal x623 -> Charcoal x15575 (15555 req/20 extra)
  - External craft (skill_building) via Furnace Glass x519 -> Glass x5190 (5190 req/0 extra)
- Craft Reagent Distiller x519 (final)"
skill_alchemy,29,30,,2,recipe_crafter_alchemy_workbench_2,Alchemy Table,,8826,24.0,211824.0,44240.33,Nightshade Fruit-44130; Heartwood-123570; Rough Animal Hide-52970; Copper Ore-220660; Tin Ore-220660; Limestone-22070; Sand-882600; Sapwood-2184520,"Alchemy Table x8826 (final)
      - Gather Sand x882600
        - Gather Sapwood x1059150
      - External craft (skill_building) via Basic Charcoal Kiln Charcoal x21183 -> Charcoal x529575 (529560 req/15 extra)
    - External craft (skill_building) via Furnace Glass x17652 -> Glass x176520 (176520 req/0 extra)
        - Gather Rough Animal Hide x52970
          - Gather Limestone x13245
          - Gather Sapwood x13245
        - External craft (skill_blacksmithing) via Basic Charcoal Kiln Lime x2649 -> Lime x26490 (26485 req/5 extra)
        - External craft (skill_building) via Water Well Water x1325 -> Water x26500 (26485 req/15 extra)
      - External craft (skill_leatherworking) via Simple Tanning Rack Inferior Leather x5297 -> Inferior Leather x52970 (52965 req/5 extra)
        - Gather Limestone x8825
        - Gather Sapwood x8825
      - External craft (skill_blacksmithing) via Basic Charcoal Kiln Lime x1765 -> Lime x17650 (17650 req/0 extra)
      - External craft (skill_building) via Water Well Water x882 -> Water x17640 (17640 req/0 extra)
    - External craft (skill_leatherworking) via Tanning Rack Boiled Leather x3531 -> Boiled Leather x17655 (17652 req/3 extra)
        - Gather Tin Ore x220660
        - Gather Copper Ore x220660
        - Gather Sapwood x1103300
      - External craft (skill_blacksmithing) via Basic Furnace Bronze Ingot x11033 -> Bronze Ingot x220660 (220650 req/10 extra)
    - External craft (skill_blacksmithing) via Basic Forge Bronze Bar x44130 -> Bronze Bar x44130 (44130 req/0 extra)
    - Gather Nightshade Fruit x44130
  - Craft via Basic Alchemy Table Alchemy Instruments x8826 -> Alchemy Instruments x8826 (8826 req/0 extra)
    - Gather Heartwood x70610
  - External craft (skill_building) via Wood Chopping Block Fine Wood Beam x7061 -> Fine Wood Beam x35305 (35304 req/1 extra)
    - Gather Heartwood x52960
  - External craft (skill_building) via Wood Chopping Block Fine Wooden Plank x5296 -> Fine Wooden Plank x52960 (52956 req/4 extra)
- Craft Alchemy Table x8826 (final)"
skill_alchemy,29,30,,3,recipe_item_unlock_crafter_alchemy_workbench_2,Alchemy Instruments,,17652,12.0,211824.0,197393.49,Nightshade Fruit-88260; Rough Animal Hide-105920; Copper Ore-441300; Tin Ore-441300; Limestone-44135; Sand-1765200; Sapwood-4368885,"Alchemy Instruments x17652 (final)
    - Gather Sand x1765200
      - Gather Sapwood x2118250
    - External craft (skill_building) via Basic Charcoal Kiln Charcoal x42365 -> Charcoal x1059125 (1059120 req/5 extra)
  - External craft (skill_building) via Furnace Glass x35304 -> Glass x353040 (353040 req/0 extra)
      - Gather Rough Animal Hide x105920
        - Gather Limestone x26480
        - Gather Sapwood x26480
      - External craft (skill_blacksmithing) via Basic Charcoal Kiln Lime x5296 -> Lime x52960 (52960 req/0 extra)
      - External craft (skill_building) via Water Well Water x2648 -> Water x52960 (52960 req/0 extra)
    - External craft (skill_leatherworking) via Simple Tanning Rack Inferior Leather x10592 -> Inferior Leather x105920 (105915 req/5 extra)
      - Gather Limestone x17655
      - Gather Sapwood x17655
    - External craft (skill_blacksmithing) via Basic Charcoal Kiln Lime x3531 -> Lime x35310 (35305 req/5 extra)
    - External craft (skill_building) via Water Well Water x1766 -> Water x35320 (35305 req/15 extra)
  - External craft (skill_leatherworking) via Tanning Rack Boiled Leather x7061 -> Boiled Leather x35305 (35304 req/1 extra)
      - Gather Tin Ore x441300
      - Gather Copper Ore x441300
      - Gather Sapwood x2206500
    - External craft (skill_blacksmithing) via Basic Furnace Bronze Ingot x22065 -> Bronze Ingot x441300 (441300 req/0 extra)
  - External craft (skill_blacksmithing) via Basic Forge Bronze Bar x88260 -> Bronze Bar x88260 (88260 req/0 extra)
  - Gather Nightshade Fruit x88260
- Craft Alchemy Instruments x17652 (final)"
skill_charcuterie,30,31,Prereq: level skill_charcuterie towards crafting item_raw_material_bone_fragments,1,recipe_rough-cut_bear,Poorly Parted Bear,,8972,25.0,224300.0,1143.93,Bear Carcass-8972,"Poorly Parted Bear x8972 (final)
  - Gather Bear Carcass x8972
- Craft Poorly Parted Bear x8972 (final)"
skill_charcuterie,30,31,Prereq: level skill_charcuterie towards crafting item_raw_material_bone_fragments,2,recipe_rough-cut_wolf,Poorly Parted Chamois,,44860,5.0,224300.0,5450.49,Chamois Carcass-44860,"Poorly Parted Chamois x44860 (final)
  - Gather Chamois Carcass x44860
- Craft Poorly Parted Chamois x44860 (final)"
skill_charcuterie,30,31,Prereq: level skill_charcuterie towards crafting item_raw_material_bone_fragments,3,recipe_basic_butchered_bear,Parted Bear,,44860,5.0,224300.0,5719.65,Bear Carcass-44860,"Parted Bear x44860 (final)
  - Gather Bear Carcass x44860
- Craft Parted Bear x44860 (final)"
skill_armor_smithing,28,29,,1,recipe_crafter_blacksmith_armor_workbench_2,Armorer Workbench,,6654,30.0,199620.0,33353.18,Heartwood-93170; Rough Animal Hide-13310; Copper Ore-66540; Impure Iron Ore-266160; Tin Ore-66540; Limestone-3330; Sapwood-1666830,"Armorer Workbench x6654 (final)
          - Gather Impure Iron Ore x199640
            - Gather Sapwood x798600
          - External craft (skill_building) via Basic Charcoal Kiln Charcoal x15972 -> Charcoal x399300 (399280 req/20 extra)
        - External craft (skill_blacksmithing) via Basic Furnace Iron Ingot x4991 -> Iron Ingot x99820 (99810 req/10 extra)
          - Gather Sapwood x266150
        - External craft (skill_building) via Basic Charcoal Kiln Charcoal x5323 -> Charcoal x133075 (133060 req/15 extra)
      - External craft (skill_blacksmithing) via Basic Furnace Wrought Iron Ingot x3327 -> Wrought Iron Ingot x66540 (66540 req/0 extra)
    - External craft (skill_blacksmithing) via Forge Wrought Iron Sheet x33270 -> Wrought Iron Sheet x33270 (33270 req/0 extra)
        - Gather Rough Animal Hide x13310
          - Gather Limestone x3330
          - Gather Sapwood x3330
        - External craft (skill_blacksmithing) via Basic Charcoal Kiln Lime x666 -> Lime x6660 (6655 req/5 extra)
        - External craft (skill_building) via Water Well Water x333 -> Water x6660 (6655 req/5 extra)
      - External craft (skill_leatherworking) via Simple Tanning Rack Inferior Leather x1331 -> Inferior Leather x13310 (13308 req/2 extra)
    - External craft (skill_leatherworking) via Leatherworking Table Heavy Top Grain Leather x13308 -> Heavy Top Grain Leather x13308 (13308 req/0 extra)
          - Gather Impure Iron Ore x66520
            - Gather Sapwood x266050
          - External craft (skill_building) via Basic Charcoal Kiln Charcoal x5321 -> Charcoal x133025 (133025 req/0 extra)
        - External craft (skill_blacksmithing) via Basic Furnace Iron Ingot x1663 -> Iron Ingot x33260 (33260 req/0 extra)
      - External craft (skill_blacksmithing) via Basic Forge Iron Bar x6654 -> Iron Bar x13308 (13308 req/0 extra)
    - External craft (skill_blacksmithing) via Basic Forge Iron Nails x13308 -> Iron Nails x665400 (665400 req/0 extra)
        - Gather Tin Ore x66540
        - Gather Copper Ore x66540
        - Gather Sapwood x332700
      - External craft (skill_blacksmithing) via Basic Furnace Bronze Ingot x3327 -> Bronze Ingot x66540 (66540 req/0 extra)
    - External craft (skill_blacksmithing) via Basic Forge Bronze Sheet x33270 -> Bronze Sheet x33270 (33270 req/0 extra)
  - Craft via Basic Armorer Workbench Armorer Tools x6654 -> Armorer Tools x6654 (6654 req/0 extra)
    - Gather Heartwood x53240
  - External craft (skill_building) via Wood Chopping Block Fine Wood Beam x5324 -> Fine Wood Beam x26620 (26616 req/4 extra)
    - Gather Heartwood x39930
  - External craft (skill_building) via Wood Chopping Block Fine Wooden Plank x3993 -> Fine Wooden Plank x39930 (39924 req/6 extra)
- Craft Armorer Workbench x6654 (final)"
skill_armor_smithing,28,29,,2,recipe_wearable_metal_head_ironside_f_t2_rare,Ironside's Helm of Warcry II,,10505,19.0,199595.0,149702.82,Rough Animal Hide-2110; Copper Ore-8420; Impure Iron Ore-425480; Tin Ore-8420; Sapwood-1744050; Worn Out Locket-126060; Charm of the Earthcall-10505,"Ironside's Helm of Warcry II x10505 (final)
  - Gather Worn Out Locket x126060
  - Gather Charm of the Earthcall x10505
      - Gather Impure Iron Ore x420200
        - Gather Sapwood x1680800
      - External craft (skill_building) via Basic Charcoal Kiln Charcoal x33616 -> Charcoal x840400 (840400 req/0 extra)
    - External craft (skill_blacksmithing) via Basic Furnace Iron Ingot x10505 -> Iron Ingot x210100 (210100 req/0 extra)
  - External craft (skill_blacksmithing) via Basic Forge Iron Sheet x105050 -> Iron Sheet x105050 (105050 req/0 extra)
        - Gather Rough Animal Hide x2110
      - External craft (skill_leatherworking) via Simple Tanning Rack Rawhide x211 -> Rawhide x2110 (2101 req/9 extra)
    - External craft (skill_leatherworking) via Simple Leatherworking Table Nubuck Leather x2101 -> Nubuck Leather x2101 (2101 req/0 extra)
  - External craft (skill_leatherworking) via Simple Leatherworking Table Coarse Leather Band x2101 -> Coarse Leather Band x42020 (42020 req/0 extra)
        - Gather Tin Ore x8420
        - Gather Copper Ore x8420
        - Gather Sapwood x42100
      - External craft (skill_blacksmithing) via Basic Furnace Bronze Ingot x421 -> Bronze Ingot x8420 (8410 req/10 extra)
    - External craft (skill_blacksmithing) via Basic Forge Bronze Sheet x4205 -> Bronze Sheet x4205 (4205 req/0 extra)
  - External craft (skill_blacksmithing) via Basic Forge Bronze Buckle x841 -> Bronze Buckle x21025 (21010 req/15 extra)
        - Gather Impure Iron Ore x5280
          - Gather Sapwood x21150
        - External craft (skill_building) via Basic Charcoal Kiln Charcoal x423 -> Charcoal x10575 (10560 req/15 extra)
      - External craft (skill_blacksmithing) via Basic Furnace Iron Ingot x132 -> Iron Ingot x2640 (2630 req/10 extra)
    - External craft (skill_blacksmithing) via Basic Forge Iron Bar x526 -> Iron Bar x1052 (1051 req/1 extra)
  - External craft (skill_blacksmithing) via Basic Forge Iron Studs x1051 -> Iron Studs x210200 (210100 req/100 extra)
- Craft Ironside's Helm of Warcry II x10505 (final)"
skill_armor_smithing,28,29,,3,recipe_wearable_metal_head_herald_di_t2_rare,Herald's Helm of the Immovable II,,10505,19.0,199595.0,172065.33,Rough Animal Hide-2110; Copper Ore-8420; Impure Iron Ore-425480; Tin Ore-8420; Hemlock Sap-105050; Sapwood-1744050; Worn Out Locket-126060; Blessed Ligarius-10505,"Herald's Helm of the Immovable II x10505 (final)
  - Gather Worn Out Locket x126060
  - Gather Blessed Ligarius x10505
  - Gather Hemlock Sap x105050
      - Gather Impure Iron Ore x420200
        - Gather Sapwood x1680800
      - External craft (skill_building) via Basic Charcoal Kiln Charcoal x33616 -> Charcoal x840400 (840400 req/0 extra)
    - External craft (skill_blacksmithing) via Basic Furnace Iron Ingot x10505 -> Iron Ingot x210100 (210100 req/0 extra)
  - External craft (skill_blacksmithing) via Basic Forge Iron Sheet x105050 -> Iron Sheet x105050 (105050 req/0 extra)
        - Gather Rough Animal Hide x2110
      - External craft (skill_leatherworking) via Simple Tanning Rack Rawhide x211 -> Rawhide x2110 (2101 req/9 extra)
    - External craft (skill_leatherworking) via Simple Leatherworking Table Nubuck Leather x2101 -> Nubuck Leather x2101 (2101 req/0 extra)
  - External craft (skill_leatherworking) via Simple Leatherworking Table Coarse Leather Band x2101 -> Coarse Leather Band x42020 (42020 req/0 extra)
        - Gather Tin Ore x8420
        - Gather Copper Ore x8420
        - Gather Sapwood x42100
      - External craft (skill_blacksmithing) via Basic Furnace Bronze Ingot x421 -> Bronze Ingot x8420 (8410 req/10 extra)
    - External craft (skill_blacksmithing) via Basic Forge Bronze Sheet x4205 -> Bronze Sheet x4205 (4205 req/0 extra)
  - External craft (skill_blacksmithing) via Basic Forge Bronze Buckle x841 -> Bronze Buckle x21025 (21010 req/15 extra)
        - Gather Impure Iron Ore x5280
          - Gather Sapwood x21150
        - External craft (skill_building) via Basic Charcoal Kiln Charcoal x423 -> Charcoal x10575 (10560 req/15 extra)
      - External craft (skill_blacksmithing) via Basic Furnace Iron Ingot x132 -> Iron Ingot x2640 (2630 req/10 extra)
    - External craft (skill_blacksmithing) via Basic Forge Iron Bar x526 -> Iron Bar x1052 (1051 req/1 extra)
  - External craft (skill_blacksmithing) via Basic Forge Iron Studs x1051 -> Iron Studs x210200 (210100 req/100 extra)
- Craft Herald's Helm of the Immovable II x10505 (final)"
skill_jewelerycrafting,29,30,,1,recipe_crafter_jewelcrafting_workbench_2,Jeweler Table,,8838,24.0,212112.0,44300.48,Amber-8838; Heartwood-123740; Rough Animal Hide-8840; Copper Ore-265140; Tin Ore-265140; Limestone-2210; Sapwood-1327910,"Jeweler Table x8838 (final)
    - Gather Amber x8838
        - Gather Rough Animal Hide x8840
          - Gather Limestone x2210
          - Gather Sapwood x2210
        - External craft (skill_blacksmithing) via Basic Charcoal Kiln Lime x442 -> Lime x4420 (4420 req/0 extra)
        - External craft (skill_building) via Water Well Water x221 -> Water x4420 (4420 req/0 extra)
      - External craft (skill_leatherworking) via Simple Tanning Rack Inferior Leather x884 -> Inferior Leather x8840 (8838 req/2 extra)
    - External craft (skill_leatherworking) via Leatherworking Table Heavy Top Grain Leather x8838 -> Heavy Top Grain Leather x8838 (8838 req/0 extra)
        - Gather Tin Ore x220960
        - Gather Copper Ore x220960
        - Gather Sapwood x1104800
      - External craft (skill_blacksmithing) via Basic Furnace Bronze Ingot x11048 -> Bronze Ingot x220960 (220950 req/10 extra)
    - External craft (skill_blacksmithing) via Basic Forge Bronze Bar x44190 -> Bronze Bar x44190 (44190 req/0 extra)
      - Gather Tin Ore x44180
      - Gather Copper Ore x44180
      - Gather Sapwood x220900
    - External craft (skill_blacksmithing) via Basic Furnace Bronze Ingot x2209 -> Bronze Ingot x44180 (44180 req/0 extra)
  - Craft via Basic Jeweler Table Jewelcrafting Tools x8838 -> Jewelcrafting Tools x8838 (8838 req/0 extra)
    - Gather Heartwood x70710
  - External craft (skill_building) via Wood Chopping Block Fine Wood Beam x7071 -> Fine Wood Beam x35355 (35352 req/3 extra)
    - Gather Heartwood x53030
  - External craft (skill_building) via Wood Chopping Block Fine Wooden Plank x5303 -> Fine Wooden Plank x53030 (53028 req/2 extra)
- Craft Jeweler Table x8838 (final)"
skill_jewelerycrafting,29,30,,2,recipe_item_unlock_crafter_jewelcrafting_workbench_2,Jewelcrafting Tools,,17675,12.0,212100.0,45792.98,Amber-17675; Rough Animal Hide-17680; Copper Ore-530260; Tin Ore-530260; Limestone-4420; Sapwood-2655720,"Jewelcrafting Tools x17675 (final)
  - Gather Amber x17675
      - Gather Rough Animal Hide x17680
        - Gather Limestone x4420
        - Gather Sapwood x4420
      - External craft (skill_blacksmithing) via Basic Charcoal Kiln Lime x884 -> Lime x8840 (8840 req/0 extra)
      - External craft (skill_building) via Water Well Water x442 -> Water x8840 (8840 req/0 extra)
    - External craft (skill_leatherworking) via Simple Tanning Rack Inferior Leather x1768 -> Inferior Leather x17680 (17675 req/5 extra)
  - External craft (skill_leatherworking) via Leatherworking Table Heavy Top Grain Leather x17675 -> Heavy Top Grain Leather x17675 (17675 req/0 extra)
      - Gather Tin Ore x441880
      - Gather Copper Ore x441880
      - Gather Sapwood x2209400
    - External craft (skill_blacksmithing) via Basic Furnace Bronze Ingot x22094 -> Bronze Ingot x441880 (441875 req/5 extra)
  - External craft (skill_blacksmithing) via Basic Forge Bronze Bar x88375 -> Bronze Bar x88375 (88375 req/0 extra)
    - Gather Tin Ore x88380
    - Gather Copper Ore x88380
    - Gather Sapwood x441900
  - External craft (skill_blacksmithing) via Basic Furnace Bronze Ingot x4419 -> Bronze Ingot x88380 (88370 req/10 extra)
- Craft Jewelcrafting Tools x17675 (final)"
skill_jewelerycrafting,29,30,,3,recipe_wearable_hat_jewellery_rp_diadem_01_silver,Lunar Oak Tiara,,26513,8.0,212104.0,172422.88,Bone Fragments-5304; Silver Ore-318160; Sapwood-6363200,"Lunar Oak Tiara x26513 (final)
    - Gather Silver Ore x318160
      - Gather Sapwood x6363200
    - External craft (skill_building) via Basic Charcoal Kiln Charcoal x127264 -> Charcoal x3181600 (3181600 req/0 extra)
  - External craft (skill_blacksmithing) via Furnace Silver Ingot x63632 -> Silver Ingot x318160 (318156 req/4 extra)
    - Gather Bone Fragments x5304
  - External craft (skill_tailoring) via Simple Tailoring Table Sewing Needles x2652 -> Sewing Needles x26520 (26513 req/7 extra)
- Craft Lunar Oak Tiara x26513 (final)"
skill_winery_and_brewing,29,30,,1,recipe_crafter_wine_barrel_1,Wine Barrel,,308,688.7,212125.1,1624.70,Copper Ore-4320; Impure Iron Ore-320; Tin Ore-3080; Sand-123200; Sapwood-170720,"Wine Barrel x308 (final)
      - Gather Copper Ore x1240
        - Gather Sapwood x3750
      - External craft (skill_building) via Basic Charcoal Kiln Charcoal x75 -> Charcoal x1875 (1860 req/15 extra)
    - External craft (skill_blacksmithing) via Basic Furnace Copper Ingot x62 -> Copper Ingot x620 (616 req/4 extra)
        - Gather Sand x123200
          - Gather Sapwood x147850
        - External craft (skill_building) via Basic Charcoal Kiln Charcoal x2957 -> Charcoal x73925 (73905 req/20 extra)
      - External craft (skill_building) via Furnace Glass x2464 -> Glass x24640 (24640 req/0 extra)
    - External craft (skill_blacksmithing) via Forge Vial x1232 -> Vial x6160 (6160 req/0 extra)
        - Gather Tin Ore x3080
        - Gather Copper Ore x3080
        - Gather Sapwood x15400
      - External craft (skill_blacksmithing) via Basic Furnace Bronze Ingot x154 -> Bronze Ingot x3080 (3080 req/0 extra)
    - External craft (skill_blacksmithing) via Basic Forge Bronze Sheet x1540 -> Bronze Sheet x1540 (1540 req/0 extra)
  - Craft via Basic Cooking Workbench Barrel Pieces x308 -> Barrel Pieces x308 (308 req/0 extra)
    - Gather Sapwood x2470
  - External craft (skill_building) via Wood Chopping Block Plank x247 -> Plank x2470 (2464 req/6 extra)
        - Gather Impure Iron Ore x320
          - Gather Sapwood x1250
        - External craft (skill_building) via Basic Charcoal Kiln Charcoal x25 -> Charcoal x625 (620 req/5 extra)
      - External craft (skill_blacksmithing) via Basic Furnace Iron Ingot x8 -> Iron Ingot x160 (155 req/5 extra)
    - External craft (skill_blacksmithing) via Basic Forge Iron Bar x31 -> Iron Bar x62 (62 req/0 extra)
  - External craft (skill_blacksmithing) via Basic Forge Iron Nails x62 -> Iron Nails x3100 (3080 req/20 extra)
- Craft Wine Barrel x308 (final)"
skill_winery_and_brewing,29,30,,2,recipe_activatable_drink_cider_maxstamina_57,Kerys Cider,,529,400.6,211916.5,3310.66,Red Currant-1060; Red Apple-5290,"Kerys Cider x529 (final)
  - Gather Red Apple x5290
  - External craft (skill_building) via Water Well Water x133 -> Water x2660 (2645 req/15 extra)
  - External craft (skill_cooking) via Basic Beehive Honey x529 -> Honey x2645 (2645 req/0 extra)
    - External craft (skill_building) via Water Well Water x53 -> Water x1060 (1045 req/15 extra)
    - Gather Red Currant x1060
  - External craft (skill_cooking) via Basic Cooking Workbench Red Currant Syrup x212 -> Red Currant Syrup x1060 (1058 req/2 extra)
- Craft Kerys Cider x529 (final)"
skill_winery_and_brewing,29,30,,3,recipe_item_unlock_crafter_alcohol_crafters_1,Barrel Pieces,,643,329.3,211734.4,6159.94,Copper Ore-9020; Tin Ore-6440; Sand-257200; Sapwood-348600,"Barrel Pieces x643 (final)
    - Gather Copper Ore x2580
      - Gather Sapwood x7750
    - External craft (skill_building) via Basic Charcoal Kiln Charcoal x155 -> Charcoal x3875 (3870 req/5 extra)
  - External craft (skill_blacksmithing) via Basic Furnace Copper Ingot x129 -> Copper Ingot x1290 (1286 req/4 extra)
      - Gather Sand x257200
        - Gather Sapwood x308650
      - External craft (skill_building) via Basic Charcoal Kiln Charcoal x6173 -> Charcoal x154325 (154315 req/10 extra)
    - External craft (skill_building) via Furnace Glass x5144 -> Glass x51440 (51440 req/0 extra)
  - External craft (skill_blacksmithing) via Forge Vial x2572 -> Vial x12860 (12860 req/0 extra)
      - Gather Tin Ore x6440
      - Gather Copper Ore x6440
      - Gather Sapwood x32200
    - External craft (skill_blacksmithing) via Basic Furnace Bronze Ingot x322 -> Bronze Ingot x6440 (6430 req/10 extra)
  - External craft (skill_blacksmithing) via Basic Forge Bronze Sheet x3215 -> Bronze Sheet x3215 (3215 req/0 extra)
- Craft Barrel Pieces x643 (final)"
skill_charcuterie,31,32,Prereq: level skill_charcuterie towards crafting item_raw_material_bone_fragments,1,recipe_rough-cut_bear,Poorly Parted Bear,,10900,22.0,239800.0,1389.75,Bear Carcass-10900,"Poorly Parted Bear x10900 (final)
  - Gather Bear Carcass x10900
- Craft Poorly Parted Bear x10900 (final)"
skill_charcuterie,31,32,Prereq: level skill_charcuterie towards crafting item_raw_material_bone_fragments,2,recipe_crafter_charcuterie_workbench_2,Butcher's Workbench,,19984,12.0,239808.0,100169.80,Heartwood-299770; Impure Iron Ore-599520; Flax Fiber-959280; Sapwood-2458055,"Butcher's Workbench x19984 (final)
        - Gather Flax Fiber x959280
      - External craft (skill_tailoring) via Spinning Wheel Linen String x31976 -> Linen String x319760 (319760 req/0 extra)
    - External craft (skill_tailoring) via Simple Loom Linen Cloth x7994 -> Linen Cloth x39970 (39968 req/2 extra)
          - Gather Impure Iron Ore x599520
            - Gather Sapwood x2398100
          - External craft (skill_building) via Basic Charcoal Kiln Charcoal x47962 -> Charcoal x1199050 (1199040 req/10 extra)
        - External craft (skill_blacksmithing) via Basic Furnace Iron Ingot x14988 -> Iron Ingot x299760 (299760 req/0 extra)
      - External craft (skill_blacksmithing) via Basic Forge Iron Bar x59952 -> Iron Bar x119904 (119904 req/0 extra)
    - External craft (skill_blacksmithing) via Basic Forge Iron Knife Blade x59952 -> Iron Knife Blade x59952 (59952 req/0 extra)
      - Gather Sapwood x59955
    - External craft (skill_building) via Wood Chopping Block Long Wood Stock x11991 -> Long Wood Stock x59955 (59952 req/3 extra)
      - Gather Heartwood x19990
    - External craft (skill_building) via Wood Chopping Block Fine Wooden Plank x1999 -> Fine Wooden Plank x19990 (19984 req/6 extra)
  - Craft via Basic Butcher's Workbench Butcher's Tools x19984 -> Butcher's Tools x19984 (19984 req/0 extra)
    - Gather Heartwood x159880
  - External craft (skill_building) via Wood Chopping Block Fine Wood Beam x15988 -> Fine Wood Beam x79940 (79936 req/4 extra)
    - Gather Heartwood x119900
  - External craft (skill_building) via Wood Chopping Block Fine Wooden Plank x11990 -> Fine Wooden Plank x119900 (119898 req/2 extra)
- Craft Butcher's Workbench x19984 (final)"
skill_charcuterie,31,32,Prereq: level skill_charcuterie towards crafting item_raw_material_bone_fragments,3,recipe_rough-cut_wolf,Poorly Parted Chamois,,119900,2.0,239800.0,14567.85,Chamois Carcass-119900,"Poorly Parted Chamois x119900 (final)
  - Gather Chamois Carcass x119900
- Craft Poorly Parted Chamois x119900 (final)"
skill_armor_smithing,29,30,,1,recipe_crafter_blacksmith_armor_workbench_2,Armorer Workbench,,8837,24.0,212088.0,44295.46,Heartwood-123730; Rough Animal Hide-17680; Copper Ore-88380; Impure Iron Ore-353520; Tin Ore-88380; Limestone-4420; Sapwood-2213920,"Armorer Workbench x8837 (final)
          - Gather Impure Iron Ore x265160
            - Gather Sapwood x1060650
          - External craft (skill_building) via Basic Charcoal Kiln Charcoal x21213 -> Charcoal x530325 (530320 req/5 extra)
        - External craft (skill_blacksmithing) via Basic Furnace Iron Ingot x6629 -> Iron Ingot x132580 (132570 req/10 extra)
          - Gather Sapwood x353550
        - External craft (skill_building) via Basic Charcoal Kiln Charcoal x7071 -> Charcoal x176775 (176755 req/20 extra)
      - External craft (skill_blacksmithing) via Basic Furnace Wrought Iron Ingot x4419 -> Wrought Iron Ingot x88380 (88370 req/10 extra)
    - External craft (skill_blacksmithing) via Forge Wrought Iron Sheet x44185 -> Wrought Iron Sheet x44185 (44185 req/0 extra)
        - Gather Rough Animal Hide x17680
          - Gather Limestone x4420
          - Gather Sapwood x4420
        - External craft (skill_blacksmithing) via Basic Charcoal Kiln Lime x884 -> Lime x8840 (8840 req/0 extra)
        - External craft (skill_building) via Water Well Water x442 -> Water x8840 (8840 req/0 extra)
      - External craft (skill_leatherworking) via Simple Tanning Rack Inferior Leather x1768 -> Inferior Leather x17680 (17674 req/6 extra)
    - External craft (skill_leatherworking) via Leatherworking Table Heavy Top Grain Leather x17674 -> Heavy Top Grain Leather x17674 (17674 req/0 extra)
          - Gather Impure Iron Ore x88360
            - Gather Sapwood x353400
          - External craft (skill_building) via Basic Charcoal Kiln Charcoal x7068 -> Charcoal x176700 (176700 req/0 extra)
        - External craft (skill_blacksmithing) via Basic Furnace Iron Ingot x2209 -> Iron Ingot x44180 (44175 req/5 extra)
      - External craft (skill_blacksmithing) via Basic Forge Iron Bar x8837 -> Iron Bar x17674 (17674 req/0 extra)
    - External craft (skill_blacksmithing) via Basic Forge Iron Nails x17674 -> Iron Nails x883700 (883700 req/0 extra)
        - Gather Tin Ore x88380
        - Gather Copper Ore x88380
        - Gather Sapwood x441900
      - External craft (skill_blacksmithing) via Basic Furnace Bronze Ingot x4419 -> Bronze Ingot x88380 (88370 req/10 extra)
    - External craft (skill_blacksmithing) via Basic Forge Bronze Sheet x44185 -> Bronze Sheet x44185 (44185 req/0 extra)
  - Craft via Basic Armorer Workbench Armorer Tools x8837 -> Armorer Tools x8837 (8837 req/0 extra)
    - Gather Heartwood x70700
  - External craft (skill_building) via Wood Chopping Block Fine Wood Beam x7070 -> Fine Wood Beam x35350 (35348 req/2 extra)
    - Gather Heartwood x53030
  - External craft (skill_building) via Wood Chopping Block Fine Wooden Plank x5303 -> Fine Wooden Plank x53030 (53022 req/8 extra)
- Craft Armorer Workbench x8837 (final)"
skill_armor_smithing,29,30,,2,recipe_wearable_metal_head_ironside_f_t2_rare,Ironside's Helm of Warcry II,,13255,16.0,212080.0,188892.03,Rough Animal Hide-2660; Copper Ore-10620; Impure Iron Ore-536840; Tin Ore-10620; Sapwood-2200500; Worn Out Locket-159060; Charm of the Earthcall-13255,"Ironside's Helm of Warcry II x13255 (final)
  - Gather Worn Out Locket x159060
  - Gather Charm of the Earthcall x13255
      - Gather Impure Iron Ore x530200
        - Gather Sapwood x2120800
      - External craft (skill_building) via Basic Charcoal Kiln Charcoal x42416 -> Charcoal x1060400 (1060400 req/0 extra)
    - External craft (skill_blacksmithing) via Basic Furnace Iron Ingot x13255 -> Iron Ingot x265100 (265100 req/0 extra)
  - External craft (skill_blacksmithing) via Basic Forge Iron Sheet x132550 -> Iron Sheet x132550 (132550 req/0 extra)
        - Gather Rough Animal Hide x2660
      - External craft (skill_leatherworking) via Simple Tanning Rack Rawhide x266 -> Rawhide x2660 (2651 req/9 extra)
    - External craft (skill_leatherworking) via Simple Leatherworking Table Nubuck Leather x2651 -> Nubuck Leather x2651 (2651 req/0 extra)
  - External craft (skill_leatherworking) via Simple Leatherworking Table Coarse Leather Band x2651 -> Coarse Leather Band x53020 (53020 req/0 extra)
        - Gather Tin Ore x10620
        - Gather Copper Ore x10620
        - Gather Sapwood x53100
      - External craft (skill_blacksmithing) via Basic Furnace Bronze Ingot x531 -> Bronze Ingot x10620 (10610 req/10 extra)
    - External craft (skill_blacksmithing) via Basic Forge Bronze Sheet x5305 -> Bronze Sheet x5305 (5305 req/0 extra)
  - External craft (skill_blacksmithing) via Basic Forge Bronze Buckle x1061 -> Bronze Buckle x26525 (26510 req/15 extra)
        - Gather Impure Iron Ore x6640
          - Gather Sapwood x26600
        - External craft (skill_building) via Basic Charcoal Kiln Charcoal x532 -> Charcoal x13300 (13280 req/20 extra)
      - External craft (skill_blacksmithing) via Basic Furnace Iron Ingot x166 -> Iron Ingot x3320 (3315 req/5 extra)
    - External craft (skill_blacksmithing) via Basic Forge Iron Bar x663 -> Iron Bar x1326 (1326 req/0 extra)
  - External craft (skill_blacksmithing) via Basic Forge Iron Studs x1326 -> Iron Studs x265200 (265100 req/100 extra)
- Craft Ironside's Helm of Warcry II x13255 (final)"
skill_armor_smithing,29,30,,3,recipe_wearable_metal_head_herald_di_t2_rare,Herald's Helm of the Immovable II,,13255,16.0,212080.0,217108.62,Rough Animal Hide-2660; Copper Ore-10620; Impure Iron Ore-536840; Tin Ore-10620; Hemlock Sap-132550; Sapwood-2200500; Worn Out Locket-159060; Blessed Ligarius-13255,"Herald's Helm of the Immovable II x13255 (final)
  - Gather Worn Out Locket x159060
  - Gather Blessed Ligarius x13255
  - Gather Hemlock Sap x132550
      - Gather Impure Iron Ore x530200
        - Gather Sapwood x2120800
      - External craft (skill_building) via Basic Charcoal Kiln Charcoal x42416 -> Charcoal x1060400 (1060400 req/0 extra)
    - External craft (skill_blacksmithing) via Basic Furnace Iron Ingot x13255 -> Iron Ingot x265100 (265100 req/0 extra)
  - External craft (skill_blacksmithing) via Basic Forge Iron Sheet x132550 -> Iron Sheet x132550 (132550 req/0 extra)
        - Gather Rough Animal Hide x2660
      - External craft (skill_leatherworking) via Simple Tanning Rack Rawhide x266 -> Rawhide x2660 (2651 req/9 extra)
    - External craft (skill_leatherworking) via Simple Leatherworking Table Nubuck Leather x2651 -> Nubuck Leather x2651 (2651 req/0 extra)
  - External craft (skill_leatherworking) via Simple Leatherworking Table Coarse Leather Band x2651 -> Coarse Leather Band x53020 (53020 req/0 extra)
        - Gather Tin Ore x10620
        - Gather Copper Ore x10620
        - Gather Sapwood x53100
      - External craft (skill_blacksmithing) via Basic Furnace Bronze Ingot x531 -> Bronze Ingot x10620 (10610 req/10 extra)
    - External craft (skill_blacksmithing) via Basic Forge Bronze Sheet x5305 -> Bronze Sheet x5305 (5305 req/0 extra)
  - External craft (skill_blacksmithing) via Basic Forge Bronze Buckle x1061 -> Bronze Buckle x26525 (26510 req/15 extra)
        - Gather Impure Iron Ore x6640
          - Gather Sapwood x26600
        - External craft (skill_building) via Basic Charcoal Kiln Charcoal x532 -> Charcoal x13300 (13280 req/20 extra)
      - External craft (skill_blacksmithing) via Basic Furnace Iron Ingot x166 -> Iron Ingot x3320 (3315 req/5 extra)
    - External craft (skill_blacksmithing) via Basic Forge Iron Bar x663 -> Iron Bar x1326 (1326 req/0 extra)
  - External craft (skill_blacksmithing) via Basic Forge Iron Studs x1326 -> Iron Studs x265200 (265100 req/100 extra)
- Craft Herald's Helm of the Immovable II x13255 (final)"
skill_charcuterie,32,33,Prereq: level skill_charcuterie towards crafting item_raw_material_bone_fragments,1,recipe_rough-cut_bear,Poorly Parted Bear,,13427,19.0,255113.0,1711.94,Bear Carcass-13427,"Poorly Parted Bear x13427 (final)
  - Gather Bear Carcass x13427
- Craft Poorly Parted Bear x13427 (final)"
skill_charcuterie,32,33,Prereq: level skill_charcuterie towards crafting item_raw_material_bone_fragments,2,recipe_crafter_charcuterie_workbench_2,Butcher's Workbench,,42517,6.0,255102.0,213116.46,Heartwood-637760; Impure Iron Ore-1275520; Flax Fiber-2040840; Sapwood-5229655,"Butcher's Workbench x42517 (final)
        - Gather Flax Fiber x2040840
      - External craft (skill_tailoring) via Spinning Wheel Linen String x68028 -> Linen String x680280 (680280 req/0 extra)
    - External craft (skill_tailoring) via Simple Loom Linen Cloth x17007 -> Linen Cloth x85035 (85034 req/1 extra)
          - Gather Impure Iron Ore x1275520
            - Gather Sapwood x5102100
          - External craft (skill_building) via Basic Charcoal Kiln Charcoal x102042 -> Charcoal x2551050 (2551040 req/10 extra)
        - External craft (skill_blacksmithing) via Basic Furnace Iron Ingot x31888 -> Iron Ingot x637760 (637755 req/5 extra)
      - External craft (skill_blacksmithing) via Basic Forge Iron Bar x127551 -> Iron Bar x255102 (255102 req/0 extra)
    - External craft (skill_blacksmithing) via Basic Forge Iron Knife Blade x127551 -> Iron Knife Blade x127551 (127551 req/0 extra)
      - Gather Sapwood x127555
    - External craft (skill_building) via Wood Chopping Block Long Wood Stock x25511 -> Long Wood Stock x127555 (127551 req/4 extra)
      - Gather Heartwood x42520
    - External craft (skill_building) via Wood Chopping Block Fine Wooden Plank x4252 -> Fine Wooden Plank x42520 (42517 req/3 extra)
  - Craft via Basic Butcher's Workbench Butcher's Tools x42517 -> Butcher's Tools x42517 (42517 req/0 extra)
    - Gather Heartwood x340140
  - External craft (skill_building) via Wood Chopping Block Fine Wood Beam x34014 -> Fine Wood Beam x170070 (170068 req/2 extra)
    - Gather Heartwood x255100
  - External craft (skill_building) via Wood Chopping Block Fine Wooden Plank x25510 -> Fine Wooden Plank x255100 (255099 req/1 extra)
- Craft Butcher's Workbench x42517 (final)"
skill_charcuterie,32,33,Prereq: level skill_charcuterie towards crafting item_raw_material_bone_fragments,3,recipe_item_unlock_crafter_charcuterie_workbench_2,Butcher's Tools,,85034,3.0,255102.0,219812.89,Heartwood-85040; Impure Iron Ore-2551040; Flax Fiber-4081680; Sapwood-10459305,"Butcher's Tools x85034 (final)
      - Gather Flax Fiber x4081680
    - External craft (skill_tailoring) via Spinning Wheel Linen String x136056 -> Linen String x1360560 (1360560 req/0 extra)
  - External craft (skill_tailoring) via Simple Loom Linen Cloth x34014 -> Linen Cloth x170070 (170068 req/2 extra)
        - Gather Impure Iron Ore x2551040
          - Gather Sapwood x10204200
        - External craft (skill_building) via Basic Charcoal Kiln Charcoal x204084 -> Charcoal x5102100 (5102080 req/20 extra)
      - External craft (skill_blacksmithing) via Basic Furnace Iron Ingot x63776 -> Iron Ingot x1275520 (1275510 req/10 extra)
    - External craft (skill_blacksmithing) via Basic Forge Iron Bar x255102 -> Iron Bar x510204 (510204 req/0 extra)
  - External craft (skill_blacksmithing) via Basic Forge Iron Knife Blade x255102 -> Iron Knife Blade x255102 (255102 req/0 extra)
    - Gather Sapwood x255105
  - External craft (skill_building) via Wood Chopping Block Long Wood Stock x51021 -> Long Wood Stock x255105 (255102 req/3 extra)
    - Gather Heartwood x85040
  - External craft (skill_building) via Wood Chopping Block Fine Wooden Plank x8504 -> Fine Wooden Plank x85040 (85034 req/6 extra)
- Craft Butcher's Tools x85034 (final)"
skill_charcuterie,33,34,Prereq: level skill_charcuterie towards crafting item_raw_material_bone_fragments,1,recipe_rough-cut_bear,Poorly Parted Bear,,16894,16.0,270304.0,2153.99,Bear Carcass-16894,"Poorly Parted Bear x16894 (final)
  - Gather Bear Carcass x16894
- Craft Poorly Parted Bear x16894 (final)"
skill_charcuterie,34,35,Prereq: level skill_charcuterie towards crafting item_raw_material_bone_fragments,1,recipe_rough-cut_bear,Poorly Parted Bear,,21985,13.0,285805.0,2803.09,Bear Carcass-21985,"Poorly Parted Bear x21985 (final)
  - Gather Bear Carcass x21985
- Craft Poorly Parted Bear x21985 (final)"
skill_charcuterie,35,36,Prereq: level skill_charcuterie towards crafting item_raw_material_bone_fragments,1,recipe_rough-cut_bear,Poorly Parted Bear,,30280,10.0,302800.0,3860.70,Bear Carcass-30280,"Poorly Parted Bear x30280 (final)
  - Gather Bear Carcass x30280
- Craft Poorly Parted Bear x30280 (final)"
skill_charcuterie,36,37,Prereq: level skill_charcuterie towards crafting item_raw_material_bone_fragments,1,recipe_rough-cut_bear,Poorly Parted Bear,,45672,7.0,319704.0,5823.18,Bear Carcass-45672,"Poorly Parted Bear x45672 (final)
  - Gather Bear Carcass x45672
- Craft Poorly Parted Bear x45672 (final)"
skill_charcuterie,37,38,Prereq: level skill_charcuterie towards crafting item_raw_material_bone_fragments,1,recipe_rough-cut_bear,Poorly Parted Bear,,84150,4.0,336600.0,10729.13,Bear Carcass-84150,"Poorly Parted Bear x84150 (final)
  - Gather Bear Carcass x84150
- Craft Poorly Parted Bear x84150 (final)"
skill_blacksmithing,31,32,Prereq: level skill_blacksmithing towards crafting item_material_steel_sheet,1,recipe_item_material_steel_axe_blade,Steel Axe Head,,96,2504.0,240387.5,358.40,Pure Iron Ore-2320; Sapwood-46400,"Steel Axe Head x96 (final)
      - Gather Pure Iron Ore x1920
        - Gather Sapwood x38400
      - External craft (skill_building) via Basic Charcoal Kiln Charcoal x768 -> Charcoal x19200 (19200 req/0 extra)
    - Craft via Furnace Steel Ingot x96 -> Steel Ingot x960 (960 req/0 extra)
  - Craft via Forge Steel Sheet x480 -> Steel Sheet x480 (480 req/0 extra)
    - Gather Pure Iron Ore x400
      - Gather Sapwood x8000
    - External craft (skill_building) via Basic Charcoal Kiln Charcoal x160 -> Charcoal x4000 (4000 req/0 extra)
  - Craft via Furnace Steel Ingot x20 -> Steel Ingot x200 (192 req/8 extra)
- Craft Steel Axe Head x96 (final)"
skill_blacksmithing,31,32,Prereq: level skill_blacksmithing towards crafting item_material_steel_sheet,2,recipe_item_material_steel_studs,Steel Studs,,324,741.0,181369.7,170.10,Pure Iron Ore-1620; Sapwood-32400,"Steel Studs x324 (final)
      - Gather Pure Iron Ore x1620
        - Gather Sapwood x32400
      - External craft (skill_building) via Basic Charcoal Kiln Charcoal x648 -> Charcoal x16200 (16200 req/0 extra)
    - Craft via Furnace Steel Ingot x81 -> Steel Ingot x810 (810 req/0 extra)
  - Craft via Forge Steel Bar x162 -> Steel Bar x324 (324 req/0 extra)
- Craft Steel Studs x324 (final)"
skill_blacksmithing,31,32,Prereq: level skill_blacksmithing towards crafting item_material_steel_sheet,3,recipe_item_material_steel_sword_blade,Steel Sword Blade,,159,1517.1,212574.4,417.38,Pure Iron Ore-3980; Sapwood-79600,"Steel Sword Blade x159 (final)
      - Gather Pure Iron Ore x3980
        - Gather Sapwood x79600
      - External craft (skill_building) via Basic Charcoal Kiln Charcoal x1592 -> Charcoal x39800 (39800 req/0 extra)
    - Craft via Furnace Steel Ingot x199 -> Steel Ingot x1990 (1990 req/0 extra)
  - Craft via Forge Steel Bar x398 -> Steel Bar x796 (795 req/1 extra)
- Craft Steel Sword Blade x159 (final)"
skill_blacksmithing,32,33,Prereq: level skill_blacksmithing towards crafting item_material_steel_sheet,1,recipe_item_material_steel_axe_blade,Steel Axe Head,,98,2622.9,257043.8,365.87,Pure Iron Ore-2360; Sapwood-47200,"Steel Axe Head x98 (final)
      - Gather Pure Iron Ore x1960
        - Gather Sapwood x39200
      - External craft (skill_building) via Basic Charcoal Kiln Charcoal x784 -> Charcoal x19600 (19600 req/0 extra)
    - Craft via Furnace Steel Ingot x98 -> Steel Ingot x980 (980 req/0 extra)
  - Craft via Forge Steel Sheet x490 -> Steel Sheet x490 (490 req/0 extra)
    - Gather Pure Iron Ore x400
      - Gather Sapwood x8000
    - External craft (skill_building) via Basic Charcoal Kiln Charcoal x160 -> Charcoal x4000 (4000 req/0 extra)
  - Craft via Furnace Steel Ingot x20 -> Steel Ingot x200 (196 req/4 extra)
- Craft Steel Axe Head x98 (final)"
skill_blacksmithing,32,33,Prereq: level skill_blacksmithing towards crafting item_material_steel_sheet,2,recipe_item_material_steel_studs,Steel Studs,,533,479.4,243030.7,279.82,Pure Iron Ore-2680; Sapwood-53600,"Steel Studs x533 (final)
      - Gather Pure Iron Ore x2680
        - Gather Sapwood x53600
      - External craft (skill_building) via Basic Charcoal Kiln Charcoal x1072 -> Charcoal x26800 (26800 req/0 extra)
    - Craft via Furnace Steel Ingot x134 -> Steel Ingot x1340 (1335 req/5 extra)
  - Craft via Forge Steel Bar x267 -> Steel Bar x534 (533 req/1 extra)
- Craft Steel Studs x533 (final)"
skill_blacksmithing,32,33,Prereq: level skill_blacksmithing towards crafting item_material_steel_sheet,3,recipe_item_material_steel_wire,Steel Wire,,575,444.1,255338.1,603.75,Pure Iron Ore-2300; Sapwood-46000,"Steel Wire x575 (final)
    - Gather Pure Iron Ore x2300
      - Gather Sapwood x46000
    - External craft (skill_building) via Basic Charcoal Kiln Charcoal x920 -> Charcoal x23000 (23000 req/0 extra)
  - Craft via Furnace Steel Ingot x115 -> Steel Ingot x1150 (1150 req/0 extra)
- Craft Steel Wire x575 (final)"
skill_blacksmithing,33,34,Prereq: level skill_blacksmithing towards crafting item_material_steel_sheet,1,recipe_item_material_steel_axe_blade,Steel Axe Head,,103,2632.5,271150.2,384.53,Pure Iron Ore-2480; Sapwood-49600,"Steel Axe Head x103 (final)
      - Gather Pure Iron Ore x2060
        - Gather Sapwood x41200
      - External craft (skill_building) via Basic Charcoal Kiln Charcoal x824 -> Charcoal x20600 (20600 req/0 extra)
    - Craft via Furnace Steel Ingot x103 -> Steel Ingot x1030 (1030 req/0 extra)
  - Craft via Forge Steel Sheet x515 -> Steel Sheet x515 (515 req/0 extra)
    - Gather Pure Iron Ore x420
      - Gather Sapwood x8400
    - External craft (skill_building) via Basic Charcoal Kiln Charcoal x168 -> Charcoal x4200 (4200 req/0 extra)
  - Craft via Furnace Steel Ingot x21 -> Steel Ingot x210 (206 req/4 extra)
- Craft Steel Axe Head x103 (final)"
skill_blacksmithing,33,34,Prereq: level skill_blacksmithing towards crafting item_material_steel_sheet,2,recipe_item_material_steel_studs,Steel Studs,,528,512.7,259109.0,277.20,Pure Iron Ore-2640; Sapwood-52800,"Steel Studs x528 (final)
      - Gather Pure Iron Ore x2640
        - Gather Sapwood x52800
      - External craft (skill_building) via Basic Charcoal Kiln Charcoal x1056 -> Charcoal x26400 (26400 req/0 extra)
    - Craft via Furnace Steel Ingot x132 -> Steel Ingot x1320 (1320 req/0 extra)
  - Craft via Forge Steel Bar x264 -> Steel Bar x528 (528 req/0 extra)
- Craft Steel Studs x528 (final)"
skill_blacksmithing,33,34,Prereq: level skill_blacksmithing towards crafting item_material_steel_sheet,3,recipe_item_material_steel_wire,Steel Wire,,594,455.6,270596.7,623.70,Pure Iron Ore-2380; Sapwood-47600,"Steel Wire x594 (final)
    - Gather Pure Iron Ore x2380
      - Gather Sapwood x47600
    - External craft (skill_building) via Basic Charcoal Kiln Charcoal x952 -> Charcoal x23800 (23800 req/0 extra)
  - Craft via Furnace Steel Ingot x119 -> Steel Ingot x1190 (1188 req/2 extra)
- Craft Steel Wire x594 (final)"
skill_blacksmithing,34,35,Prereq: level skill_blacksmithing towards crafting item_material_steel_studs,1,recipe_item_material_steel_axe_blade,Steel Axe Head,,112,2552.1,285837.5,418.13,Pure Iron Ore-2700; Sapwood-54000,"Steel Axe Head x112 (final)
      - Gather Pure Iron Ore x2240
        - Gather Sapwood x44800
      - External craft (skill_building) via Basic Charcoal Kiln Charcoal x896 -> Charcoal x22400 (22400 req/0 extra)
    - Craft via Furnace Steel Ingot x112 -> Steel Ingot x1120 (1120 req/0 extra)
  - Craft via Forge Steel Sheet x560 -> Steel Sheet x560 (560 req/0 extra)
    - Gather Pure Iron Ore x460
      - Gather Sapwood x9200
    - External craft (skill_building) via Basic Charcoal Kiln Charcoal x184 -> Charcoal x4600 (4600 req/0 extra)
  - Craft via Furnace Steel Ingot x23 -> Steel Ingot x230 (224 req/6 extra)
- Craft Steel Axe Head x112 (final)"
skill_blacksmithing,34,35,Prereq: level skill_blacksmithing towards crafting item_material_steel_studs,2,recipe_item_material_steel_studs,Steel Studs,,548,521.9,274744.4,287.70,Pure Iron Ore-2740; Sapwood-54800,"Steel Studs x548 (final)
      - Gather Pure Iron Ore x2740
        - Gather Sapwood x54800
      - External craft (skill_building) via Basic Charcoal Kiln Charcoal x1096 -> Charcoal x27400 (27400 req/0 extra)
    - Craft via Furnace Steel Ingot x137 -> Steel Ingot x1370 (1370 req/0 extra)
  - Craft via Forge Steel Bar x274 -> Steel Bar x548 (548 req/0 extra)
- Craft Steel Studs x548 (final)"
skill_blacksmithing,34,35,Prereq: level skill_blacksmithing towards crafting item_material_steel_studs,3,recipe_item_material_steel_wire,Steel Wire,,642,445.6,286055.8,674.10,Pure Iron Ore-2580; Sapwood-51600,"Steel Wire x642 (final)
    - Gather Pure Iron Ore x2580
      - Gather Sapwood x51600
    - External craft (skill_building) via Basic Charcoal Kiln Charcoal x1032 -> Charcoal x25800 (25800 req/0 extra)
  - Craft via Furnace Steel Ingot x129 -> Steel Ingot x1290 (1284 req/6 extra)
- Craft Steel Wire x642 (final)"
skill_blacksmithing,35,36,Prereq: level skill_blacksmithing towards crafting item_material_steel_studs,1,recipe_item_material_steel_studs,Steel Studs,,596,508.3,291636.9,312.90,Pure Iron Ore-2980; Sapwood-59600,"Steel Studs x596 (final)
      - Gather Pure Iron Ore x2980
        - Gather Sapwood x59600
      - External craft (skill_building) via Basic Charcoal Kiln Charcoal x1192 -> Charcoal x29800 (29800 req/0 extra)
    - Craft via Furnace Steel Ingot x149 -> Steel Ingot x1490 (1490 req/0 extra)
  - Craft via Forge Steel Bar x298 -> Steel Bar x596 (596 req/0 extra)
- Craft Steel Studs x596 (final)"
skill_blacksmithing,35,36,Prereq: level skill_blacksmithing towards crafting item_material_steel_studs,2,recipe_item_material_steel_wire,Steel Wire,,720,421.0,303097.9,756.00,Pure Iron Ore-2880; Sapwood-57600,"Steel Wire x720 (final)
    - Gather Pure Iron Ore x2880
      - Gather Sapwood x57600
    - External craft (skill_building) via Basic Charcoal Kiln Charcoal x1152 -> Charcoal x28800 (28800 req/0 extra)
  - Craft via Furnace Steel Ingot x144 -> Steel Ingot x1440 (1440 req/0 extra)
- Craft Steel Wire x720 (final)"
skill_blacksmithing,35,36,Prereq: level skill_blacksmithing towards crafting item_material_steel_studs,3,recipe_item_material_steel_axe_blade,Steel Axe Head,,394,768.8,302915.4,1470.93,Pure Iron Ore-9460; Sapwood-189200,"Steel Axe Head x394 (final)
      - Gather Pure Iron Ore x7880
        - Gather Sapwood x157600
      - External craft (skill_building) via Basic Charcoal Kiln Charcoal x3152 -> Charcoal x78800 (78800 req/0 extra)
    - Craft via Furnace Steel Ingot x394 -> Steel Ingot x3940 (3940 req/0 extra)
  - Craft via Forge Steel Sheet x1970 -> Steel Sheet x1970 (1970 req/0 extra)
    - Gather Pure Iron Ore x1580
      - Gather Sapwood x31600
    - External craft (skill_building) via Basic Charcoal Kiln Charcoal x632 -> Charcoal x15800 (15800 req/0 extra)
  - Craft via Furnace Steel Ingot x79 -> Steel Ingot x790 (788 req/2 extra)
- Craft Steel Axe Head x394 (final)"
skill_building,30,31,Prereq: level skill_building towards crafting item_material_lime_mortar,1,recipe_building_piece_tiny_ledge_corner_stone,"Ledge Corner Block, Limestone",,49,443.8,2219.0,33.14,Limestone-74; Sand-150; Sapwood-25,"Ledge Corner Block, Limestone x49 (final)
  - Gather Limestone x49
      - Gather Limestone x25
      - Gather Sapwood x25
    - External craft (skill_blacksmithing) via Basic Charcoal Kiln Lime x5 -> Lime x50 (50 req/0 extra)
    - Craft via Water Well Water x2 -> Water x40 (25 req/15 extra)
    - Gather Sand x150
  - Craft via Log Workbench Lime Mortar x5 -> Lime Mortar x50 (49 req/1 extra)
- Craft Ledge Corner Block, Limestone x49 (final)"
skill_building,30,31,Prereq: level skill_building towards crafting item_material_lime_mortar,2,recipe_building_piece_small_ledge_stone,"Short Ledge, Limestone",,49,443.8,4438.0,66.27,Limestone-148; Sand-300; Sapwood-50,"Short Ledge, Limestone x49 (final)
  - Gather Limestone x98
      - Gather Limestone x50
      - Gather Sapwood x50
    - External craft (skill_blacksmithing) via Basic Charcoal Kiln Lime x10 -> Lime x100 (100 req/0 extra)
    - Craft via Water Well Water x3 -> Water x60 (50 req/10 extra)
    - Gather Sand x300
  - Craft via Log Workbench Lime Mortar x10 -> Lime Mortar x100 (98 req/2 extra)
- Craft Short Ledge, Limestone x49 (final)"
skill_building,30,31,Prereq: level skill_building towards crafting item_material_lime_mortar,3,recipe_building_piece_small_wall_triangle_small_roof_stone,"Small Roof Support, Limestone",,49,443.8,4438.0,71.11,Limestone-197; Sand-300; Sapwood-50,"Small Roof Support, Limestone x49 (final)
  - Gather Limestone x147
      - Gather Limestone x50
      - Gather Sapwood x50
    - External craft (skill_blacksmithing) via Basic Charcoal Kiln Lime x10 -> Lime x100 (100 req/0 extra)
    - Craft via Water Well Water x3 -> Water x60 (50 req/10 extra)
    - Gather Sand x300
  - Craft via Log Workbench Lime Mortar x10 -> Lime Mortar x100 (98 req/2 extra)
- Craft Small Roof Support, Limestone x49 (final)"
skill_building,31,32,Prereq: level skill_building towards crafting item_material_lime_mortar,1,recipe_building_piece_tiny_ledge_corner_stone,"Ledge Corner Block, Limestone",,47,481.1,2405.4,31.78,Limestone-72; Sand-150; Sapwood-25,"Ledge Corner Block, Limestone x47 (final)
  - Gather Limestone x47
      - Gather Limestone x25
      - Gather Sapwood x25
    - External craft (skill_blacksmithing) via Basic Charcoal Kiln Lime x5 -> Lime x50 (50 req/0 extra)
    - Craft via Water Well Water x2 -> Water x40 (25 req/15 extra)
    - Gather Sand x150
  - Craft via Log Workbench Lime Mortar x5 -> Lime Mortar x50 (47 req/3 extra)
- Craft Ledge Corner Block, Limestone x47 (final)"
skill_building,31,32,Prereq: level skill_building towards crafting item_material_lime_mortar,2,recipe_building_piece_small_ledge_stone,"Short Ledge, Limestone",,47,481.1,4810.7,63.57,Limestone-144; Sand-300; Sapwood-50,"Short Ledge, Limestone x47 (final)
  - Gather Limestone x94
      - Gather Limestone x50
      - Gather Sapwood x50
    - External craft (skill_blacksmithing) via Basic Charcoal Kiln Lime x10 -> Lime x100 (100 req/0 extra)
    - Craft via Water Well Water x3 -> Water x60 (50 req/10 extra)
    - Gather Sand x300
  - Craft via Log Workbench Lime Mortar x10 -> Lime Mortar x100 (94 req/6 extra)
- Craft Short Ledge, Limestone x47 (final)"
skill_building,31,32,Prereq: level skill_building towards crafting item_material_lime_mortar,3,recipe_building_piece_small_wall_triangle_small_roof_stone,"Small Roof Support, Limestone",,47,481.1,4810.7,68.21,Limestone-191; Sand-300; Sapwood-50,"Small Roof Support, Limestone x47 (final)
  - Gather Limestone x141
      - Gather Limestone x50
      - Gather Sapwood x50
    - External craft (skill_blacksmithing) via Basic Charcoal Kiln Lime x10 -> Lime x100 (100 req/0 extra)
    - Craft via Water Well Water x3 -> Water x60 (50 req/10 extra)
    - Gather Sand x300
  - Craft via Log Workbench Lime Mortar x10 -> Lime Mortar x100 (94 req/6 extra)
- Craft Small Roof Support, Limestone x47 (final)"
skill_building,32,33,Prereq: level skill_building towards crafting item_material_lime_mortar,1,recipe_building_piece_tiny_ledge_corner_stone,"Ledge Corner Block, Limestone",,48,493.5,2467.6,32.46,Limestone-73; Sand-150; Sapwood-25,"Ledge Corner Block, Limestone x48 (final)
  - Gather Limestone x48
      - Gather Limestone x25
      - Gather Sapwood x25
    - External craft (skill_blacksmithing) via Basic Charcoal Kiln Lime x5 -> Lime x50 (50 req/0 extra)
    - Craft via Water Well Water x2 -> Water x40 (25 req/15 extra)
    - Gather Sand x150
  - Craft via Log Workbench Lime Mortar x5 -> Lime Mortar x50 (48 req/2 extra)
- Craft Ledge Corner Block, Limestone x48 (final)"
skill_building,32,33,Prereq: level skill_building towards crafting item_material_lime_mortar,2,recipe_building_piece_small_ledge_stone,"Short Ledge, Limestone",,48,493.5,4935.1,64.92,Limestone-146; Sand-300; Sapwood-50,"Short Ledge, Limestone x48 (final)
  - Gather Limestone x96
      - Gather Limestone x50
      - Gather Sapwood x50
    - External craft (skill_blacksmithing) via Basic Charcoal Kiln Lime x10 -> Lime x100 (100 req/0 extra)
    - Craft via Water Well Water x3 -> Water x60 (50 req/10 extra)
    - Gather Sand x300
  - Craft via Log Workbench Lime Mortar x10 -> Lime Mortar x100 (96 req/4 extra)
- Craft Short Ledge, Limestone x48 (final)"
skill_building,32,33,Prereq: level skill_building towards crafting item_material_lime_mortar,3,recipe_building_piece_small_wall_triangle_small_roof_stone,"Small Roof Support, Limestone",,48,493.5,4935.1,69.66,Limestone-194; Sand-300; Sapwood-50,"Small Roof Support, Limestone x48 (final)
  - Gather Limestone x144
      - Gather Limestone x50
      - Gather Sapwood x50
    - External craft (skill_blacksmithing) via Basic Charcoal Kiln Lime x10 -> Lime x100 (100 req/0 extra)
    - Craft via Water Well Water x3 -> Water x60 (50 req/10 extra)
    - Gather Sand x300
  - Craft via Log Workbench Lime Mortar x10 -> Lime Mortar x100 (96 req/4 extra)
- Craft Small Roof Support, Limestone x48 (final)"
skill_building,33,34,Prereq: level skill_building towards crafting item_material_lime_mortar,1,recipe_building_piece_tiny_ledge_corner_stone,"Ledge Corner Block, Limestone",,52,482.7,2896.2,35.16,Limestone-82; Sand-180; Sapwood-30,"Ledge Corner Block, Limestone x52 (final)
  - Gather Limestone x52
      - Gather Limestone x30
      - Gather Sapwood x30
    - External craft (skill_blacksmithing) via Basic Charcoal Kiln Lime x6 -> Lime x60 (60 req/0 extra)
    - Craft via Water Well Water x2 -> Water x40 (30 req/10 extra)
    - Gather Sand x180
  - Craft via Log Workbench Lime Mortar x6 -> Lime Mortar x60 (52 req/8 extra)
- Craft Ledge Corner Block, Limestone x52 (final)"
skill_building,33,34,Prereq: level skill_building towards crafting item_material_lime_mortar,2,recipe_building_piece_small_ledge_stone,"Short Ledge, Limestone",,52,482.7,5309.7,70.33,Limestone-159; Sand-330; Sapwood-55,"Short Ledge, Limestone x52 (final)
  - Gather Limestone x104
      - Gather Limestone x55
      - Gather Sapwood x55
    - External craft (skill_blacksmithing) via Basic Charcoal Kiln Lime x11 -> Lime x110 (110 req/0 extra)
    - Craft via Water Well Water x3 -> Water x60 (55 req/5 extra)
    - Gather Sand x330
  - Craft via Log Workbench Lime Mortar x11 -> Lime Mortar x110 (104 req/6 extra)
- Craft Short Ledge, Limestone x52 (final)"
skill_building,33,34,Prereq: level skill_building towards crafting item_material_lime_mortar,3,recipe_building_piece_small_wall_triangle_small_roof_stone,"Small Roof Support, Limestone",,52,482.7,5309.7,75.47,Limestone-211; Sand-330; Sapwood-55,"Small Roof Support, Limestone x52 (final)
  - Gather Limestone x156
      - Gather Limestone x55
      - Gather Sapwood x55
    - External craft (skill_blacksmithing) via Basic Charcoal Kiln Lime x11 -> Lime x110 (110 req/0 extra)
    - Craft via Water Well Water x3 -> Water x60 (55 req/5 extra)
    - Gather Sand x330
  - Craft via Log Workbench Lime Mortar x11 -> Lime Mortar x110 (104 req/6 extra)
- Craft Small Roof Support, Limestone x52 (final)"
skill_building,34,35,Prereq: level skill_building towards crafting item_material_tiles_glazed,1,recipe_building_piece_tiny_ledge_corner_stone,"Ledge Corner Block, Limestone",,58,456.1,2736.3,39.22,Limestone-88; Sand-180; Sapwood-30,"Ledge Corner Block, Limestone x58 (final)
  - Gather Limestone x58
      - Gather Limestone x30
      - Gather Sapwood x30
    - External craft (skill_blacksmithing) via Basic Charcoal Kiln Lime x6 -> Lime x60 (60 req/0 extra)
    - Craft via Water Well Water x2 -> Water x40 (30 req/10 extra)
    - Gather Sand x180
  - Craft via Log Workbench Lime Mortar x6 -> Lime Mortar x60 (58 req/2 extra)
- Craft Ledge Corner Block, Limestone x58 (final)"
skill_building,34,35,Prereq: level skill_building towards crafting item_material_tiles_glazed,2,recipe_building_piece_small_ledge_stone,"Short Ledge, Limestone",,58,456.1,5472.6,78.45,Limestone-176; Sand-360; Sapwood-60,"Short Ledge, Limestone x58 (final)
  - Gather Limestone x116
      - Gather Limestone x60
      - Gather Sapwood x60
    - External craft (skill_blacksmithing) via Basic Charcoal Kiln Lime x12 -> Lime x120 (120 req/0 extra)
    - Craft via Water Well Water x3 -> Water x60 (60 req/0 extra)
    - Gather Sand x360
  - Craft via Log Workbench Lime Mortar x12 -> Lime Mortar x120 (116 req/4 extra)
- Craft Short Ledge, Limestone x58 (final)"
skill_building,34,35,Prereq: level skill_building towards crafting item_material_tiles_glazed,3,recipe_building_piece_small_wall_triangle_small_roof_stone,"Small Roof Support, Limestone",,58,456.1,5472.6,84.17,Limestone-234; Sand-360; Sapwood-60,"Small Roof Support, Limestone x58 (final)
  - Gather Limestone x174
      - Gather Limestone x60
      - Gather Sapwood x60
    - External craft (skill_blacksmithing) via Basic Charcoal Kiln Lime x12 -> Lime x120 (120 req/0 extra)
    - Craft via Water Well Water x3 -> Water x60 (60 req/0 extra)
    - Gather Sand x360
  - Craft via Log Workbench Lime Mortar x12 -> Lime Mortar x120 (116 req/4 extra)
- Craft Small Roof Support, Limestone x58 (final)"
skill_building,35,36,Prereq: level skill_building towards crafting item_material_tiles_glazed,1,recipe_building_prop_door_double_painted,Elegant Wooden Double Door,,304,90.0,27360.0,159.60,Heartwood-9730; Impure Iron Ore-10480; Sapwood-52650,"Elegant Wooden Double Door x304 (final)
      - Gather Heartwood x9730
    - Craft via Wood Chopping Block Fine Wooden Plank x973 -> Fine Wooden Plank x9730 (9728 req/2 extra)
            - Gather Impure Iron Ore x2240
              - Gather Sapwood x9000
            - Craft via Basic Charcoal Kiln Charcoal x180 -> Charcoal x4500 (4480 req/20 extra)
          - External craft (skill_blacksmithing) via Basic Furnace Iron Ingot x56 -> Iron Ingot x1120 (1110 req/10 extra)
            - Gather Sapwood x2950
          - Craft via Basic Charcoal Kiln Charcoal x59 -> Charcoal x1475 (1460 req/15 extra)
        - External craft (skill_blacksmithing) via Basic Furnace Wrought Iron Ingot x37 -> Wrought Iron Ingot x740 (730 req/10 extra)
      - External craft (skill_blacksmithing) via Basic Forge Wrought Iron Bar x146 -> Wrought Iron Bar x292 (292 req/0 extra)
    - External craft (skill_blacksmithing) via Forge Wrought Iron Nails x292 -> Wrought Iron Nails x14600 (14592 req/8 extra)
            - Gather Impure Iron Ore x5800
              - Gather Sapwood x23200
            - Craft via Basic Charcoal Kiln Charcoal x464 -> Charcoal x11600 (11585 req/15 extra)
          - External craft (skill_blacksmithing) via Basic Furnace Iron Ingot x145 -> Iron Ingot x2900 (2900 req/0 extra)
            - Gather Sapwood x7750
          - Craft via Basic Charcoal Kiln Charcoal x155 -> Charcoal x3875 (3865 req/10 extra)
        - External craft (skill_blacksmithing) via Basic Furnace Wrought Iron Ingot x97 -> Wrought Iron Ingot x1940 (1938 req/2 extra)
      - External craft (skill_blacksmithing) via Forge Wrought Iron Sheet x974 -> Wrought Iron Sheet x974 (974 req/0 extra)
            - Gather Impure Iron Ore x2440
              - Gather Sapwood x9750
            - Craft via Basic Charcoal Kiln Charcoal x195 -> Charcoal x4875 (4870 req/5 extra)
          - External craft (skill_blacksmithing) via Basic Furnace Iron Ingot x61 -> Iron Ingot x1220 (1220 req/0 extra)
        - External craft (skill_blacksmithing) via Basic Forge Iron Bar x244 -> Iron Bar x488 (487 req/1 extra)
      - External craft (skill_blacksmithing) via Basic Forge Iron Nails x487 -> Iron Nails x24350 (24350 req/0 extra)
    - External craft (skill_blacksmithing) via Forge Wrought Iron Hinges x487 -> Wrought Iron Hinges x2435 (2432 req/3 extra)
  - Craft via Carpenter Workbench Elegant Wooden Door x608 -> item_prop_door_wooden_painted x608 (608 req/0 extra)
- Craft Elegant Wooden Double Door x304 (final)"
skill_building,35,36,Prereq: level skill_building towards crafting item_material_tiles_glazed,2,recipe_building_prop_door_wooden_painted,Elegant Wooden Door,,455,60.0,27300.0,119.44,Heartwood-7280; Impure Iron Ore-7880; Sapwood-39600,"Elegant Wooden Door x455 (final)
      - Gather Heartwood x7280
    - Craft via Wood Chopping Block Fine Wooden Plank x728 -> Fine Wooden Plank x7280 (7280 req/0 extra)
            - Gather Impure Iron Ore x1680
              - Gather Sapwood x6750
            - Craft via Basic Charcoal Kiln Charcoal x135 -> Charcoal x3375 (3360 req/15 extra)
          - External craft (skill_blacksmithing) via Basic Furnace Iron Ingot x42 -> Iron Ingot x840 (840 req/0 extra)
            - Gather Sapwood x2250
          - Craft via Basic Charcoal Kiln Charcoal x45 -> Charcoal x1125 (1105 req/20 extra)
        - External craft (skill_blacksmithing) via Basic Furnace Wrought Iron Ingot x28 -> Wrought Iron Ingot x560 (550 req/10 extra)
      - External craft (skill_blacksmithing) via Basic Forge Wrought Iron Bar x110 -> Wrought Iron Bar x220 (219 req/1 extra)
    - External craft (skill_blacksmithing) via Forge Wrought Iron Nails x219 -> Wrought Iron Nails x10950 (10920 req/30 extra)
            - Gather Impure Iron Ore x4400
              - Gather Sapwood x17600
            - Craft via Basic Charcoal Kiln Charcoal x352 -> Charcoal x8800 (8780 req/20 extra)
          - External craft (skill_blacksmithing) via Basic Furnace Iron Ingot x110 -> Iron Ingot x2200 (2190 req/10 extra)
            - Gather Sapwood x5800
          - Craft via Basic Charcoal Kiln Charcoal x116 -> Charcoal x2900 (2900 req/0 extra)
        - External craft (skill_blacksmithing) via Basic Furnace Wrought Iron Ingot x73 -> Wrought Iron Ingot x1460 (1446 req/14 extra)
      - External craft (skill_blacksmithing) via Forge Wrought Iron Sheet x728 -> Wrought Iron Sheet x728 (728 req/0 extra)
            - Gather Impure Iron Ore x1800
              - Gather Sapwood x7200
            - Craft via Basic Charcoal Kiln Charcoal x144 -> Charcoal x3600 (3600 req/0 extra)
          - External craft (skill_blacksmithing) via Basic Furnace Iron Ingot x45 -> Iron Ingot x900 (900 req/0 extra)
        - External craft (skill_blacksmithing) via Basic Forge Iron Bar x182 -> Iron Bar x364 (364 req/0 extra)
      - External craft (skill_blacksmithing) via Basic Forge Iron Nails x364 -> Iron Nails x18200 (18200 req/0 extra)
    - External craft (skill_blacksmithing) via Forge Wrought Iron Hinges x364 -> Wrought Iron Hinges x1820 (1820 req/0 extra)
  - Craft via Carpenter Workbench Elegant Wooden Door x455 -> item_prop_door_wooden_painted x455 (455 req/0 extra)
- Craft Elegant Wooden Door x455 (final)"
skill_building,35,36,Prereq: level skill_building towards crafting item_material_tiles_glazed,3,recipe_building_prop_door_wooden_painted_left,Elegant Wooden Door,,455,60.0,27300.0,119.44,Heartwood-7280; Impure Iron Ore-7880; Sapwood-39600,"Elegant Wooden Door x455 (final)
      - Gather Heartwood x7280
    - Craft via Wood Chopping Block Fine Wooden Plank x728 -> Fine Wooden Plank x7280 (7280 req/0 extra)
            - Gather Impure Iron Ore x1680
              - Gather Sapwood x6750
            - Craft via Basic Charcoal Kiln Charcoal x135 -> Charcoal x3375 (3360 req/15 extra)
          - External craft (skill_blacksmithing) via Basic Furnace Iron Ingot x42 -> Iron Ingot x840 (840 req/0 extra)
            - Gather Sapwood x2250
          - Craft via Basic Charcoal Kiln Charcoal x45 -> Charcoal x1125 (1105 req/20 extra)
        - External craft (skill_blacksmithing) via Basic Furnace Wrought Iron Ingot x28 -> Wrought Iron Ingot x560 (550 req/10 extra)
      - External craft (skill_blacksmithing) via Basic Forge Wrought Iron Bar x110 -> Wrought Iron Bar x220 (219 req/1 extra)
    - External craft (skill_blacksmithing) via Forge Wrought Iron Nails x219 -> Wrought Iron Nails x10950 (10920 req/30 extra)
            - Gather Impure Iron Ore x4400
              - Gather Sapwood x17600
            - Craft via Basic Charcoal Kiln Charcoal x352 -> Charcoal x8800 (8780 req/20 extra)
          - External craft (skill_blacksmithing) via Basic Furnace Iron Ingot x110 -> Iron Ingot x2200 (2190 req/10 extra)
            - Gather Sapwood x5800
          - Craft via Basic Charcoal Kiln Charcoal x116 -> Charcoal x2900 (2900 req/0 extra)
        - External craft (skill_blacksmithing) via Basic Furnace Wrought Iron Ingot x73 -> Wrought Iron Ingot x1460 (1446 req/14 extra)
      - External craft (skill_blacksmithing) via Forge Wrought Iron Sheet x728 -> Wrought Iron Sheet x728 (728 req/0 extra)
            - Gather Impure Iron Ore x1800
              - Gather Sapwood x7200
            - Craft via Basic Charcoal Kiln Charcoal x144 -> Charcoal x3600 (3600 req/0 extra)
          - External craft (skill_blacksmithing) via Basic Furnace Iron Ingot x45 -> Iron Ingot x900 (900 req/0 extra)
        - External craft (skill_blacksmithing) via Basic Forge Iron Bar x182 -> Iron Bar x364 (364 req/0 extra)
      - External craft (skill_blacksmithing) via Basic Forge Iron Nails x364 -> Iron Nails x18200 (18200 req/0 extra)
    - External craft (skill_blacksmithing) via Forge Wrought Iron Hinges x364 -> Wrought Iron Hinges x1820 (1820 req/0 extra)
  - Craft via Carpenter Workbench Elegant Wooden Door x455 -> item_prop_door_wooden_painted x455 (455 req/0 extra)
- Craft Elegant Wooden Door x455 (final)"
skill_building,36,37,Prereq: level skill_building towards crafting item_material_tiles_glazed,1,recipe_building_prop_door_double_painted,Elegant Wooden Double Door,,352,81.0,28512.0,184.80,Heartwood-11270; Impure Iron Ore-12200; Sapwood-61300,"Elegant Wooden Double Door x352 (final)
      - Gather Heartwood x11270
    - Craft via Wood Chopping Block Fine Wooden Plank x1127 -> Fine Wooden Plank x11270 (11264 req/6 extra)
            - Gather Impure Iron Ore x2600
              - Gather Sapwood x10400
            - Craft via Basic Charcoal Kiln Charcoal x208 -> Charcoal x5200 (5200 req/0 extra)
          - External craft (skill_blacksmithing) via Basic Furnace Iron Ingot x65 -> Iron Ingot x1300 (1290 req/10 extra)
            - Gather Sapwood x3450
          - Craft via Basic Charcoal Kiln Charcoal x69 -> Charcoal x1725 (1720 req/5 extra)
        - External craft (skill_blacksmithing) via Basic Furnace Wrought Iron Ingot x43 -> Wrought Iron Ingot x860 (845 req/15 extra)
      - External craft (skill_blacksmithing) via Basic Forge Wrought Iron Bar x169 -> Wrought Iron Bar x338 (338 req/0 extra)
    - External craft (skill_blacksmithing) via Forge Wrought Iron Nails x338 -> Wrought Iron Nails x16900 (16896 req/4 extra)
            - Gather Impure Iron Ore x6760
              - Gather Sapwood x27050
            - Craft via Basic Charcoal Kiln Charcoal x541 -> Charcoal x13525 (13515 req/10 extra)
          - External craft (skill_blacksmithing) via Basic Furnace Iron Ingot x169 -> Iron Ingot x3380 (3380 req/0 extra)
            - Gather Sapwood x9050
          - Craft via Basic Charcoal Kiln Charcoal x181 -> Charcoal x4525 (4510 req/15 extra)
        - External craft (skill_blacksmithing) via Basic Furnace Wrought Iron Ingot x113 -> Wrought Iron Ingot x2260 (2241 req/19 extra)
      - External craft (skill_blacksmithing) via Forge Wrought Iron Sheet x1128 -> Wrought Iron Sheet x1128 (1128 req/0 extra)
            - Gather Impure Iron Ore x2840
              - Gather Sapwood x11350
            - Craft via Basic Charcoal Kiln Charcoal x227 -> Charcoal x5675 (5665 req/10 extra)
          - External craft (skill_blacksmithing) via Basic Furnace Iron Ingot x71 -> Iron Ingot x1420 (1410 req/10 extra)
        - External craft (skill_blacksmithing) via Basic Forge Iron Bar x282 -> Iron Bar x564 (564 req/0 extra)
      - External craft (skill_blacksmithing) via Basic Forge Iron Nails x564 -> Iron Nails x28200 (28200 req/0 extra)
    - External craft (skill_blacksmithing) via Forge Wrought Iron Hinges x564 -> Wrought Iron Hinges x2820 (2816 req/4 extra)
  - Craft via Carpenter Workbench Elegant Wooden Door x704 -> item_prop_door_wooden_painted x704 (704 req/0 extra)
- Craft Elegant Wooden Double Door x352 (final)"
skill_building,36,37,Prereq: level skill_building towards crafting item_material_tiles_glazed,2,recipe_building_prop_door_wooden_painted,Elegant Wooden Door,,528,54.0,28512.0,138.60,Heartwood-8450; Impure Iron Ore-9160; Sapwood-46000,"Elegant Wooden Door x528 (final)
      - Gather Heartwood x8450
    - Craft via Wood Chopping Block Fine Wooden Plank x845 -> Fine Wooden Plank x8450 (8448 req/2 extra)
            - Gather Impure Iron Ore x1920
              - Gather Sapwood x7700
            - Craft via Basic Charcoal Kiln Charcoal x154 -> Charcoal x3850 (3840 req/10 extra)
          - External craft (skill_blacksmithing) via Basic Furnace Iron Ingot x48 -> Iron Ingot x960 (960 req/0 extra)
            - Gather Sapwood x2550
          - Craft via Basic Charcoal Kiln Charcoal x51 -> Charcoal x1275 (1270 req/5 extra)
        - External craft (skill_blacksmithing) via Basic Furnace Wrought Iron Ingot x32 -> Wrought Iron Ingot x640 (635 req/5 extra)
      - External craft (skill_blacksmithing) via Basic Forge Wrought Iron Bar x127 -> Wrought Iron Bar x254 (254 req/0 extra)
    - External craft (skill_blacksmithing) via Forge Wrought Iron Nails x254 -> Wrought Iron Nails x12700 (12672 req/28 extra)
            - Gather Impure Iron Ore x5120
              - Gather Sapwood x20500
            - Craft via Basic Charcoal Kiln Charcoal x410 -> Charcoal x10250 (10235 req/15 extra)
          - External craft (skill_blacksmithing) via Basic Furnace Iron Ingot x128 -> Iron Ingot x2560 (2550 req/10 extra)
            - Gather Sapwood x6800
          - Craft via Basic Charcoal Kiln Charcoal x136 -> Charcoal x3400 (3385 req/15 extra)
        - External craft (skill_blacksmithing) via Basic Furnace Wrought Iron Ingot x85 -> Wrought Iron Ingot x1700 (1687 req/13 extra)
      - External craft (skill_blacksmithing) via Forge Wrought Iron Sheet x846 -> Wrought Iron Sheet x846 (846 req/0 extra)
            - Gather Impure Iron Ore x2120
              - Gather Sapwood x8450
            - Craft via Basic Charcoal Kiln Charcoal x169 -> Charcoal x4225 (4225 req/0 extra)
          - External craft (skill_blacksmithing) via Basic Furnace Iron Ingot x53 -> Iron Ingot x1060 (1050 req/10 extra)
        - External craft (skill_blacksmithing) via Basic Forge Iron Bar x212 -> Iron Bar x424 (423 req/1 extra)
      - External craft (skill_blacksmithing) via Basic Forge Iron Nails x423 -> Iron Nails x21150 (21150 req/0 extra)
    - External craft (skill_blacksmithing) via Forge Wrought Iron Hinges x423 -> Wrought Iron Hinges x2115 (2112 req/3 extra)
  - Craft via Carpenter Workbench Elegant Wooden Door x528 -> item_prop_door_wooden_painted x528 (528 req/0 extra)
- Craft Elegant Wooden Door x528 (final)"
skill_building,36,37,Prereq: level skill_building towards crafting item_material_tiles_glazed,3,recipe_building_prop_door_wooden_painted_left,Elegant Wooden Door,,528,54.0,28512.0,138.60,Heartwood-8450; Impure Iron Ore-9160; Sapwood-46000,"Elegant Wooden Door x528 (final)
      - Gather Heartwood x8450
    - Craft via Wood Chopping Block Fine Wooden Plank x845 -> Fine Wooden Plank x8450 (8448 req/2 extra)
            - Gather Impure Iron Ore x1920
              - Gather Sapwood x7700
            - Craft via Basic Charcoal Kiln Charcoal x154 -> Charcoal x3850 (3840 req/10 extra)
          - External craft (skill_blacksmithing) via Basic Furnace Iron Ingot x48 -> Iron Ingot x960 (960 req/0 extra)
            - Gather Sapwood x2550
          - Craft via Basic Charcoal Kiln Charcoal x51 -> Charcoal x1275 (1270 req/5 extra)
        - External craft (skill_blacksmithing) via Basic Furnace Wrought Iron Ingot x32 -> Wrought Iron Ingot x640 (635 req/5 extra)
      - External craft (skill_blacksmithing) via Basic Forge Wrought Iron Bar x127 -> Wrought Iron Bar x254 (254 req/0 extra)
    - External craft (skill_blacksmithing) via Forge Wrought Iron Nails x254 -> Wrought Iron Nails x12700 (12672 req/28 extra)
            - Gather Impure Iron Ore x5120
              - Gather Sapwood x20500
            - Craft via Basic Charcoal Kiln Charcoal x410 -> Charcoal x10250 (10235 req/15 extra)
          - External craft (skill_blacksmithing) via Basic Furnace Iron Ingot x128 -> Iron Ingot x2560 (2550 req/10 extra)
            - Gather Sapwood x6800
          - Craft via Basic Charcoal Kiln Charcoal x136 -> Charcoal x3400 (3385 req/15 extra)
        - External craft (skill_blacksmithing) via Basic Furnace Wrought Iron Ingot x85 -> Wrought Iron Ingot x1700 (1687 req/13 extra)
      - External craft (skill_blacksmithing) via Forge Wrought Iron Sheet x846 -> Wrought Iron Sheet x846 (846 req/0 extra)
            - Gather Impure Iron Ore x2120
              - Gather Sapwood x8450
            - Craft via Basic Charcoal Kiln Charcoal x169 -> Charcoal x4225 (4225 req/0 extra)
          - External craft (skill_blacksmithing) via Basic Furnace Iron Ingot x53 -> Iron Ingot x1060 (1050 req/10 extra)
        - External craft (skill_blacksmithing) via Basic Forge Iron Bar x212 -> Iron Bar x424 (423 req/1 extra)
      - External craft (skill_blacksmithing) via Basic Forge Iron Nails x423 -> Iron Nails x21150 (21150 req/0 extra)
    - External craft (skill_blacksmithing) via Forge Wrought Iron Hinges x423 -> Wrought Iron Hinges x2115 (2112 req/3 extra)
  - Craft via Carpenter Workbench Elegant Wooden Door x528 -> item_prop_door_wooden_painted x528 (528 req/0 extra)
- Craft Elegant Wooden Door x528 (final)"
skill_building,37,38,Prereq: level skill_building towards crafting item_material_tiles_glazed,1,recipe_building_prop_door_double_painted,Elegant Wooden Double Door,,416,72.0,29952.0,218.40,Heartwood-13320; Impure Iron Ore-14400; Sapwood-72350,"Elegant Wooden Double Door x416 (final)
      - Gather Heartwood x13320
    - Craft via Wood Chopping Block Fine Wooden Plank x1332 -> Fine Wooden Plank x13320 (13312 req/8 extra)
            - Gather Impure Iron Ore x3000
              - Gather Sapwood x12000
            - Craft via Basic Charcoal Kiln Charcoal x240 -> Charcoal x6000 (6000 req/0 extra)
          - External craft (skill_blacksmithing) via Basic Furnace Iron Ingot x75 -> Iron Ingot x1500 (1500 req/0 extra)
            - Gather Sapwood x4000
          - Craft via Basic Charcoal Kiln Charcoal x80 -> Charcoal x2000 (2000 req/0 extra)
        - External craft (skill_blacksmithing) via Basic Furnace Wrought Iron Ingot x50 -> Wrought Iron Ingot x1000 (1000 req/0 extra)
      - External craft (skill_blacksmithing) via Basic Forge Wrought Iron Bar x200 -> Wrought Iron Bar x400 (400 req/0 extra)
    - External craft (skill_blacksmithing) via Forge Wrought Iron Nails x400 -> Wrought Iron Nails x20000 (19968 req/32 extra)
            - Gather Impure Iron Ore x8040
              - Gather Sapwood x32200
            - Craft via Basic Charcoal Kiln Charcoal x644 -> Charcoal x16100 (16080 req/20 extra)
          - External craft (skill_blacksmithing) via Basic Furnace Iron Ingot x201 -> Iron Ingot x4020 (4020 req/0 extra)
            - Gather Sapwood x10700
          - Craft via Basic Charcoal Kiln Charcoal x214 -> Charcoal x5350 (5340 req/10 extra)
        - External craft (skill_blacksmithing) via Basic Furnace Wrought Iron Ingot x134 -> Wrought Iron Ingot x2680 (2664 req/16 extra)
      - External craft (skill_blacksmithing) via Forge Wrought Iron Sheet x1332 -> Wrought Iron Sheet x1332 (1332 req/0 extra)
            - Gather Impure Iron Ore x3360
              - Gather Sapwood x13450
            - Craft via Basic Charcoal Kiln Charcoal x269 -> Charcoal x6725 (6710 req/15 extra)
          - External craft (skill_blacksmithing) via Basic Furnace Iron Ingot x84 -> Iron Ingot x1680 (1665 req/15 extra)
        - External craft (skill_blacksmithing) via Basic Forge Iron Bar x333 -> Iron Bar x666 (666 req/0 extra)
      - External craft (skill_blacksmithing) via Basic Forge Iron Nails x666 -> Iron Nails x33300 (33300 req/0 extra)
    - External craft (skill_blacksmithing) via Forge Wrought Iron Hinges x666 -> Wrought Iron Hinges x3330 (3328 req/2 extra)
  - Craft via Carpenter Workbench Elegant Wooden Door x832 -> item_prop_door_wooden_painted x832 (832 req/0 extra)
- Craft Elegant Wooden Double Door x416 (final)"
skill_building,37,38,Prereq: level skill_building towards crafting item_material_tiles_glazed,2,recipe_building_prop_door_wooden_painted,Elegant Wooden Door,,623,48.0,29904.0,163.54,Heartwood-9970; Impure Iron Ore-10800; Sapwood-54250,"Elegant Wooden Door x623 (final)
      - Gather Heartwood x9970
    - Craft via Wood Chopping Block Fine Wooden Plank x997 -> Fine Wooden Plank x9970 (9968 req/2 extra)
            - Gather Impure Iron Ore x2280
              - Gather Sapwood x9150
            - Craft via Basic Charcoal Kiln Charcoal x183 -> Charcoal x4575 (4560 req/15 extra)
          - External craft (skill_blacksmithing) via Basic Furnace Iron Ingot x57 -> Iron Ingot x1140 (1140 req/0 extra)
            - Gather Sapwood x3050
          - Craft via Basic Charcoal Kiln Charcoal x61 -> Charcoal x1525 (1505 req/20 extra)
        - External craft (skill_blacksmithing) via Basic Furnace Wrought Iron Ingot x38 -> Wrought Iron Ingot x760 (750 req/10 extra)
      - External craft (skill_blacksmithing) via Basic Forge Wrought Iron Bar x150 -> Wrought Iron Bar x300 (300 req/0 extra)
    - External craft (skill_blacksmithing) via Forge Wrought Iron Nails x300 -> Wrought Iron Nails x15000 (14952 req/48 extra)
            - Gather Impure Iron Ore x6000
              - Gather Sapwood x24000
            - Craft via Basic Charcoal Kiln Charcoal x480 -> Charcoal x12000 (11980 req/20 extra)
          - External craft (skill_blacksmithing) via Basic Furnace Iron Ingot x150 -> Iron Ingot x3000 (3000 req/0 extra)
            - Gather Sapwood x8000
          - Craft via Basic Charcoal Kiln Charcoal x160 -> Charcoal x4000 (3980 req/20 extra)
        - External craft (skill_blacksmithing) via Basic Furnace Wrought Iron Ingot x100 -> Wrought Iron Ingot x2000 (1986 req/14 extra)
      - External craft (skill_blacksmithing) via Forge Wrought Iron Sheet x998 -> Wrought Iron Sheet x998 (998 req/0 extra)
            - Gather Impure Iron Ore x2520
              - Gather Sapwood x10050
            - Craft via Basic Charcoal Kiln Charcoal x201 -> Charcoal x5025 (5020 req/5 extra)
          - External craft (skill_blacksmithing) via Basic Furnace Iron Ingot x63 -> Iron Ingot x1260 (1250 req/10 extra)
        - External craft (skill_blacksmithing) via Basic Forge Iron Bar x250 -> Iron Bar x500 (499 req/1 extra)
      - External craft (skill_blacksmithing) via Basic Forge Iron Nails x499 -> Iron Nails x24950 (24950 req/0 extra)
    - External craft (skill_blacksmithing) via Forge Wrought Iron Hinges x499 -> Wrought Iron Hinges x2495 (2492 req/3 extra)
  - Craft via Carpenter Workbench Elegant Wooden Door x623 -> item_prop_door_wooden_painted x623 (623 req/0 extra)
- Craft Elegant Wooden Door x623 (final)"
skill_building,37,38,Prereq: level skill_building towards crafting item_material_tiles_glazed,3,recipe_building_prop_door_wooden_painted_left,Elegant Wooden Door,,623,48.0,29904.0,163.54,Heartwood-9970; Impure Iron Ore-10800; Sapwood-54250,"Elegant Wooden Door x623 (final)
      - Gather Heartwood x9970
    - Craft via Wood Chopping Block Fine Wooden Plank x997 -> Fine Wooden Plank x9970 (9968 req/2 extra)
            - Gather Impure Iron Ore x2280
              - Gather Sapwood x9150
            - Craft via Basic Charcoal Kiln Charcoal x183 -> Charcoal x4575 (4560 req/15 extra)
          - External craft (skill_blacksmithing) via Basic Furnace Iron Ingot x57 -> Iron Ingot x1140 (1140 req/0 extra)
            - Gather Sapwood x3050
          - Craft via Basic Charcoal Kiln Charcoal x61 -> Charcoal x1525 (1505 req/20 extra)
        - External craft (skill_blacksmithing) via Basic Furnace Wrought Iron Ingot x38 -> Wrought Iron Ingot x760 (750 req/10 extra)
      - External craft (skill_blacksmithing) via Basic Forge Wrought Iron Bar x150 -> Wrought Iron Bar x300 (300 req/0 extra)
    - External craft (skill_blacksmithing) via Forge Wrought Iron Nails x300 -> Wrought Iron Nails x15000 (14952 req/48 extra)
            - Gather Impure Iron Ore x6000
              - Gather Sapwood x24000
            - Craft via Basic Charcoal Kiln Charcoal x480 -> Charcoal x12000 (11980 req/20 extra)
          - External craft (skill_blacksmithing) via Basic Furnace Iron Ingot x150 -> Iron Ingot x3000 (3000 req/0 extra)
            - Gather Sapwood x8000
          - Craft via Basic Charcoal Kiln Charcoal x160 -> Charcoal x4000 (3980 req/20 extra)
        - External craft (skill_blacksmithing) via Basic Furnace Wrought Iron Ingot x100 -> Wrought Iron Ingot x2000 (1986 req/14 extra)
      - External craft (skill_blacksmithing) via Forge Wrought Iron Sheet x998 -> Wrought Iron Sheet x998 (998 req/0 extra)
            - Gather Impure Iron Ore x2520
              - Gather Sapwood x10050
            - Craft via Basic Charcoal Kiln Charcoal x201 -> Charcoal x5025 (5020 req/5 extra)
          - External craft (skill_blacksmithing) via Basic Furnace Iron Ingot x63 -> Iron Ingot x1260 (1250 req/10 extra)
        - External craft (skill_blacksmithing) via Basic Forge Iron Bar x250 -> Iron Bar x500 (499 req/1 extra)
      - External craft (skill_blacksmithing) via Basic Forge Iron Nails x499 -> Iron Nails x24950 (24950 req/0 extra)
    - External craft (skill_blacksmithing) via Forge Wrought Iron Hinges x499 -> Wrought Iron Hinges x2495 (2492 req/3 extra)
  - Craft via Carpenter Workbench Elegant Wooden Door x623 -> item_prop_door_wooden_painted x623 (623 req/0 extra)
- Craft Elegant Wooden Door x623 (final)"
skill_building,38,39,Prereq: level skill_building towards crafting item_material_tiles_glazed,1,recipe_building_prop_door_double_painted,Elegant Wooden Double Door,,497,63.0,31311.0,260.93,Heartwood-15910; Impure Iron Ore-17120; Sapwood-86000,"Elegant Wooden Double Door x497 (final)
      - Gather Heartwood x15910
    - Craft via Wood Chopping Block Fine Wooden Plank x1591 -> Fine Wooden Plank x15910 (15904 req/6 extra)
            - Gather Impure Iron Ore x3600
              - Gather Sapwood x14400
            - Craft via Basic Charcoal Kiln Charcoal x288 -> Charcoal x7200 (7200 req/0 extra)
          - External craft (skill_blacksmithing) via Basic Furnace Iron Ingot x90 -> Iron Ingot x1800 (1800 req/0 extra)
            - Gather Sapwood x4800
          - Craft via Basic Charcoal Kiln Charcoal x96 -> Charcoal x2400 (2400 req/0 extra)
        - External craft (skill_blacksmithing) via Basic Furnace Wrought Iron Ingot x60 -> Wrought Iron Ingot x1200 (1195 req/5 extra)
      - External craft (skill_blacksmithing) via Basic Forge Wrought Iron Bar x239 -> Wrought Iron Bar x478 (478 req/0 extra)
    - External craft (skill_blacksmithing) via Forge Wrought Iron Nails x478 -> Wrought Iron Nails x23900 (23856 req/44 extra)
            - Gather Impure Iron Ore x9560
              - Gather Sapwood x38250
            - Craft via Basic Charcoal Kiln Charcoal x765 -> Charcoal x19125 (19120 req/5 extra)
          - External craft (skill_blacksmithing) via Basic Furnace Iron Ingot x239 -> Iron Ingot x4780 (4770 req/10 extra)
            - Gather Sapwood x12750
          - Craft via Basic Charcoal Kiln Charcoal x255 -> Charcoal x6375 (6355 req/20 extra)
        - External craft (skill_blacksmithing) via Basic Furnace Wrought Iron Ingot x159 -> Wrought Iron Ingot x3180 (3179 req/1 extra)
      - External craft (skill_blacksmithing) via Forge Wrought Iron Sheet x1592 -> Wrought Iron Sheet x1592 (1592 req/0 extra)
            - Gather Impure Iron Ore x3960
              - Gather Sapwood x15800
            - Craft via Basic Charcoal Kiln Charcoal x316 -> Charcoal x7900 (7900 req/0 extra)
          - External craft (skill_blacksmithing) via Basic Furnace Iron Ingot x99 -> Iron Ingot x1980 (1980 req/0 extra)
        - External craft (skill_blacksmithing) via Basic Forge Iron Bar x398 -> Iron Bar x796 (796 req/0 extra)
      - External craft (skill_blacksmithing) via Basic Forge Iron Nails x796 -> Iron Nails x39800 (39800 req/0 extra)
    - External craft (skill_blacksmithing) via Forge Wrought Iron Hinges x796 -> Wrought Iron Hinges x3980 (3976 req/4 extra)
  - Craft via Carpenter Workbench Elegant Wooden Door x994 -> item_prop_door_wooden_painted x994 (994 req/0 extra)
- Craft Elegant Wooden Double Door x497 (final)"
skill_building,38,39,Prereq: level skill_building towards crafting item_material_tiles_glazed,2,recipe_building_prop_door_wooden_painted,Elegant Wooden Door,,746,42.0,31332.0,195.83,Heartwood-11940; Impure Iron Ore-12920; Sapwood-64900,"Elegant Wooden Door x746 (final)
      - Gather Heartwood x11940
    - Craft via Wood Chopping Block Fine Wooden Plank x1194 -> Fine Wooden Plank x11940 (11936 req/4 extra)
            - Gather Impure Iron Ore x2720
              - Gather Sapwood x10900
            - Craft via Basic Charcoal Kiln Charcoal x218 -> Charcoal x5450 (5440 req/10 extra)
          - External craft (skill_blacksmithing) via Basic Furnace Iron Ingot x68 -> Iron Ingot x1360 (1350 req/10 extra)
            - Gather Sapwood x3600
          - Craft via Basic Charcoal Kiln Charcoal x72 -> Charcoal x1800 (1790 req/10 extra)
        - External craft (skill_blacksmithing) via Basic Furnace Wrought Iron Ingot x45 -> Wrought Iron Ingot x900 (900 req/0 extra)
      - External craft (skill_blacksmithing) via Basic Forge Wrought Iron Bar x180 -> Wrought Iron Bar x360 (359 req/1 extra)
    - External craft (skill_blacksmithing) via Forge Wrought Iron Nails x359 -> Wrought Iron Nails x17950 (17904 req/46 extra)
            - Gather Impure Iron Ore x7200
              - Gather Sapwood x28800
            - Craft via Basic Charcoal Kiln Charcoal x576 -> Charcoal x14400 (14390 req/10 extra)
          - External craft (skill_blacksmithing) via Basic Furnace Iron Ingot x180 -> Iron Ingot x3600 (3590 req/10 extra)
            - Gather Sapwood x9600
          - Craft via Basic Charcoal Kiln Charcoal x192 -> Charcoal x4800 (4790 req/10 extra)
        - External craft (skill_blacksmithing) via Basic Furnace Wrought Iron Ingot x120 -> Wrought Iron Ingot x2400 (2388 req/12 extra)
      - External craft (skill_blacksmithing) via Forge Wrought Iron Sheet x1194 -> Wrought Iron Sheet x1194 (1194 req/0 extra)
            - Gather Impure Iron Ore x3000
              - Gather Sapwood x12000
            - Craft via Basic Charcoal Kiln Charcoal x240 -> Charcoal x6000 (5990 req/10 extra)
          - External craft (skill_blacksmithing) via Basic Furnace Iron Ingot x75 -> Iron Ingot x1500 (1485 req/15 extra)
        - External craft (skill_blacksmithing) via Basic Forge Iron Bar x299 -> Iron Bar x598 (597 req/1 extra)
      - External craft (skill_blacksmithing) via Basic Forge Iron Nails x597 -> Iron Nails x29850 (29850 req/0 extra)
    - External craft (skill_blacksmithing) via Forge Wrought Iron Hinges x597 -> Wrought Iron Hinges x2985 (2984 req/1 extra)
  - Craft via Carpenter Workbench Elegant Wooden Door x746 -> item_prop_door_wooden_painted x746 (746 req/0 extra)
- Craft Elegant Wooden Door x746 (final)"
skill_building,38,39,Prereq: level skill_building towards crafting item_material_tiles_glazed,3,recipe_building_prop_door_wooden_painted_left,Elegant Wooden Door,,746,42.0,31332.0,195.83,Heartwood-11940; Impure Iron Ore-12920; Sapwood-64900,"Elegant Wooden Door x746 (final)
      - Gather Heartwood x11940
    - Craft via Wood Chopping Block Fine Wooden Plank x1194 -> Fine Wooden Plank x11940 (11936 req/4 extra)
            - Gather Impure Iron Ore x2720
              - Gather Sapwood x10900
            - Craft via Basic Charcoal Kiln Charcoal x218 -> Charcoal x5450 (5440 req/10 extra)
          - External craft (skill_blacksmithing) via Basic Furnace Iron Ingot x68 -> Iron Ingot x1360 (1350 req/10 extra)
            - Gather Sapwood x3600
          - Craft via Basic Charcoal Kiln Charcoal x72 -> Charcoal x1800 (1790 req/10 extra)
        - External craft (skill_blacksmithing) via Basic Furnace Wrought Iron Ingot x45 -> Wrought Iron Ingot x900 (900 req/0 extra)
      - External craft (skill_blacksmithing) via Basic Forge Wrought Iron Bar x180 -> Wrought Iron Bar x360 (359 req/1 extra)
    - External craft (skill_blacksmithing) via Forge Wrought Iron Nails x359 -> Wrought Iron Nails x17950 (17904 req/46 extra)
            - Gather Impure Iron Ore x7200
              - Gather Sapwood x28800
            - Craft via Basic Charcoal Kiln Charcoal x576 -> Charcoal x14400 (14390 req/10 extra)
          - External craft (skill_blacksmithing) via Basic Furnace Iron Ingot x180 -> Iron Ingot x3600 (3590 req/10 extra)
            - Gather Sapwood x9600
          - Craft via Basic Charcoal Kiln Charcoal x192 -> Charcoal x4800 (4790 req/10 extra)
        - External craft (skill_blacksmithing) via Basic Furnace Wrought Iron Ingot x120 -> Wrought Iron Ingot x2400 (2388 req/12 extra)
      - External craft (skill_blacksmithing) via Forge Wrought Iron Sheet x1194 -> Wrought Iron Sheet x1194 (1194 req/0 extra)
            - Gather Impure Iron Ore x3000
              - Gather Sapwood x12000
            - Craft via Basic Charcoal Kiln Charcoal x240 -> Charcoal x6000 (5990 req/10 extra)
          - External craft (skill_blacksmithing) via Basic Furnace Iron Ingot x75 -> Iron Ingot x1500 (1485 req/15 extra)
        - External craft (skill_blacksmithing) via Basic Forge Iron Bar x299 -> Iron Bar x598 (597 req/1 extra)
      - External craft (skill_blacksmithing) via Basic Forge Iron Nails x597 -> Iron Nails x29850 (29850 req/0 extra)
    - External craft (skill_blacksmithing) via Forge Wrought Iron Hinges x597 -> Wrought Iron Hinges x2985 (2984 req/1 extra)
  - Craft via Carpenter Workbench Elegant Wooden Door x746 -> item_prop_door_wooden_painted x746 (746 req/0 extra)
- Craft Elegant Wooden Door x746 (final)"
skill_baking,29,29,Planner stalled; remaining skills may require manual intervention.,,,,,,,,,,
